Quarters,Year,Quarter,FillingDate,Date,NetIncome,Revenue,OperatingIncome,EPSDiluted,GrossProfit,GrossProfitRatio,TotalAssets,CommonStockEquity,CurrentAssets,CurrentLiability,TotalLiability,Inventory,RetainedEarnings,MarketCap,EnterpriseValue,bookValuePerShare,currentRatio,debtToAssets,debtToEquity,roic,shareholdersEquityPerShare,roe,priceToSalesRatio,peRatio,pbRatio,payoutRatio,inventoryTurnover,dividendYield,assetTurnover,quickRatio,returnOnAssets,priceToFreeCashFlowsRatio,grossProfitMargin,epsdilutedGrowth,fiveYNetIncomeGrowthPerShare,fiveYRevenueGrowthPerShare,fiveYShareholdersEquityGrowthPerShare,grossProfitGrowth,netIncomeGrowth,operatingIncomeGrowth,threeYNetIncomeGrowthPerShare,threeYRevenueGrowthPerShare,threeYShareholdersEquityGrowthPerShare,Industry,Sector,Symbol
2023Q1,2023,Q1,2023-03-31,2023-03-31,1192043000.0,2209043000.0,1524584000.0,8.48,2209043000.0,1.0,106568606000.0,22210674000.0,20638892000.0,79345097000.0,84357892000.0,0.0,8271459000.0,56815574906.36912,52915082906.36912,159.10688002330613,0.26011553051601916,0.03240991066355883,0.15550536647379543,0.05040301128499718,159.10688002330613,0.053669825598268654,25.719542311475657,11.915588386150734,2.558030202341861,,0.0,,0.020728834531250226,0.26011553051601916,0.011185686336180469,0.0,1.0,0.24705882352941186,17.22524986214534,11.877003140179681,0.0,2.015820119183328,0.24329666157684382,0.13890770985711587,5.91814601084429,4.326468608317464,6.378121907737155,Capital Markets,Financial Services,FUTU
2022Q4,2022,Q4,2022-12-31,2022-12-31,958776000.0,1938549000.0,1338637000.0,6.8,732485000.0,0.3778521977,94502830000.0,20861544000.0,14863428000.0,69286288000.0,73641051000.0,-87360340000.0,7079416000.0,44257101730.166695,41914018730.166695,149.63601545483615,0.21452192676276727,0.028482480365931897,0.1290256847719421,0.04803183499624798,149.63601545483615,0.04595901434716433,22.830014474829728,11.540000409419589,2.121468177531188,0.0,-0.013805623924998461,0.0,0.02051313172314522,0.2242650378383671,0.01014547395035683,34.31812623644977,0.37785219770044504,0.2878787878787878,21.48125482841339,13.58274626991425,63.777556001159965,-0.5759769373040843,0.2705027410311896,0.48126013178933624,18.471631637730905,6.720035846067282,6.30495910574701,Capital Markets,Financial Services,FUTU
2022Q3,2022,Q3,2022-09-30,2022-09-30,754643000.0,1727465000.0,903715000.0,5.28,1727465000.0,1.0,98021647000.0,20186243000.0,14770383000.0,69425012000.0,77835404000.0,0.0,6120640000.0,41158307253.74121,41047877253.74121,143.56147173671283,0.2127530492900743,0.0689701632946445,0.3349097204467419,0.029249153289429734,143.56147173671283,0.03738402435757857,23.825841480864277,13.63502585121084,2.0389285541515183,0.0,0.0,0.0,0.0176233011061322,0.20241474355092656,0.007698738218508,-3.441148485706248,1.0,0.17857142857142852,16.29555003838518,6.849643893818206,78.72409266175656,0.12258193227070921,0.17603341203238349,0.22299329983476263,27.871401125852323,6.4677267039519775,5.456822772622567,Capital Markets,Financial Services,FUTU
2022Q2,2022,Q2,2022-06-30,2022-06-30,641685000.0,1538832000.0,738937000.0,4.48,1538832000.0,1.0,109758280000.0,19552820000.0,15995744000.0,83844802000.0,90205460000.0,0.0,5365997000.0,58343672650.76173,56619186650.76173,137.28275145110638,0.19077800434187916,0.041743219737043986,0.2343224148741716,0.02736214781531861,137.28275145110638,0.03281802829463985,37.9142574697964,22.73065158557615,2.983900667564153,,0.0,,0.014020190549633249,0.19098673523016965,0.005846347081969579,0.0,1.0,0.16363636363636372,17.163068435222048,7.3900976024394325,0.0,0.08901531369400495,0.1221408086177952,0.0809288296155866,8.133528447316953,5.180981285573202,5.250680905664933,Capital Markets,Financial Services,FUTU
2022Q1,2022,Q1,2022-03-31,2022-03-31,571840000.0,1413049000.0,683613000.0,3.85,1413049000.0,1.0,105191001000.0,20352526000.0,17991471000.0,78460142000.0,84838475000.0,0.0,4724312000.0,37578202810.43849,35630147810.43849,138.13040670582447,0.22930714298222912,0.037788527176388406,0.1953080909956828,0.024691074229264497,138.13040670582447,0.02809675811248196,26.59370114584738,16.428635112285995,1.8463655474725096,,0.0,,0.013433173813033683,0.24926864139501556,0.005436206467889777,0.0,1.0,0.19565217391304343,7.28323247956178,6.803898360409309,0.0,0.019548239626654813,0.1464107504074706,0.15008142610076647,4.703112130174329,2.6640988936465204,2.835688941497155,Capital Markets,Financial Services,FUTU
2021Q4,2021,Q4,2021-12-31,2021-12-31,498809000.0,1385956000.0,594404000.0,3.22,1385956000.0,1.0,101538514000.0,20985559000.0,15340403000.0,67295194000.0,80552955000.0,0.0,4152472000.0,51733768733.635956,53459143733.635956,136.95977895717772,0.22795688797627955,0.06517708147668973,0.31535895708091455,0.01858243454437014,136.95977895717772,0.02376915477924605,37.32713645572872,25.92864640254885,2.4652080382340995,,0.0,,0.013649559614394199,0.22795688797627955,0.004912510340657536,0.0,1.0,-0.17857142857142852,9.641932312013616,8.48625504126893,58.45943025317861,-0.05320009399985791,-0.1892066299204663,0.0,7.332565536912217,4.424809629728173,11.162695793880964,Capital Markets,Financial Services,FUTU
2021Q3,2021,Q3,2021-09-30,2021-09-30,615211000.0,1463832000.0,0.0,3.92,1463832000.0,1.0,104979054000.0,21575782000.0,0.0,0.0,83403272000.0,0.0,3653663000.0,108912986595.64952,115027205595.64952,140.37079108314816,0.0,0.07807528919054653,0.3798828705258516,0.0,140.37079108314816,0.028513960699083817,74.40265453661999,44.25838720197198,5.047927653127452,,0.0,,0.013944038779393078,0.0,0.0058603214313590595,0.0,1.0,0.13953488372093023,11.898663688531963,5.084988082431026,76.9966601147669,0.12773617189781106,0.1523157348597373,0.0,11.898663688531963,5.084988082431026,76.9966601147669,Capital Markets,Financial Services,FUTU
2021Q2,2021,Q2,2021-06-30,2021-06-30,533891000.0,1298027000.0,0.0,3.44,1298027000.0,1.0,129735362000.0,20904897000.0,0.0,0.0,108830465000.0,0.0,3038452000.0,210056608850.29248,237886114850.29248,138.41037997289328,0.0,0.22818330749329546,1.4161009260174782,0.0,138.41037997289328,0.025539039967525313,161.82761132880324,98.36118648295836,10.048201091365936,,0.0,,0.010005190412156093,0.0,0.0041152311271926,0.0,1.0,-0.5700000000000001,13.2506274969718,5.673806131695061,0.0,-0.26308800578617164,-0.540659503277556,0.0,13.2506274969718,5.673806131695061,0.0,Capital Markets,Financial Services,FUTU
2021Q1,2021,Q1,2021-03-31,2021-03-31,1162299000.0,1761441000.0,0.0,8.0,1761441000.0,1.0,112597778000.0,9486805000.0,0.0,0.0,103110973000.0,0.0,2504561000.0,175766075661.68988,189495745661.68988,66.65280561455937,0.0,0.13527381508363334,1.6055490757952757,0.0,66.65280561455937,0.12251743342463559,99.78538915676987,37.80569278251334,18.527425794215215,,0.0,,0.015643656840190933,0.0,0.010322574926833814,0.0,1.0,1.0833333333333335,16.428927873137642,9.07047538037327,0.0,0.865393800309868,1.1828850993501858,0.0,16.428927873137642,9.07047538037327,0.0,Capital Markets,Financial Services,FUTU
2020Q4,2020,Q4,2020-12-31,2020-12-31,532460000.0,944273000.0,0.0,3.84,944273000.0,1.0,71337767000.0,8307690000.0,0.0,0.0,63030077000.0,0.0,1342262000.0,48661502176.29753,52881150176.29753,60.54938239293237,0.0,0.0799723518119091,0.6867190518664033,0.0,60.54938239293237,0.06409242521085885,51.53329829011052,22.84749191314725,5.85740466679637,,0.0,,0.013236649249197834,0.0,0.007463928608811094,0.0,1.0,0.26315789473684204,11.686158412031894,6.217717111398312,26.40258929278453,0.23577988014830306,0.3254472631502959,0.0,11.686158412031894,6.217717111398312,26.40258929278453,Capital Markets,Financial Services,FUTU
2020Q3,2020,Q3,2020-09-30,2020-09-30,401721000.0,764111000.0,0.0,3.04,764111000.0,1.0,75508090000.0,5701915000.0,0.0,0.0,69806175000.0,0.0,809802000.0,28877392675.448715,55625615675.448715,43.79669886870411,0.0,0.3677959010749709,4.870568221378257,0.0,43.79669886870411,0.07045369845043288,37.79214364856509,17.97104997961814,5.064507744406697,0.0,0.0,0.0,0.010119591159040044,0.0,0.005320237871200291,0.0,1.0,0.6084656084656086,8.943873680532826,2.750035536400088,24.71150587946843,0.43155751065081444,0.6986950712086871,0.0,8.943873680532826,2.750035536400088,24.71150587946843,Capital Markets,Financial Services,FUTU
2020Q2,2020,Q2,2020-08-13,2020-06-30,236488000.0,533762000.0,0.0,1.89,533762000.0,1.0,42961555000.0,2950070000.0,0.0,0.0,40011485000.0,0.0,408081000.0,23015263080.144135,23884208080.144135,23.514692994590778,0.0,0.0408486610878028,0.5948746978885247,0.0,23.514692994590778,0.08016352154355659,43.11896141003694,24.330265256740443,7.8015989722766355,0.0,0.0,0.0,0.012424177849242189,0.0,0.00550464246464077,1.3685543450579987,1.0,0.575,6.59935721927399,2.303877036239282,0.0,0.4320646487194209,0.5271675255401862,0.0,6.59935721927399,2.303877036239282,0.0,Capital Markets,Financial Services,FUTU
2020Q1,2020,Q1,2020-04-27,2020-03-31,154854000.0,372722000.0,0.0,1.2,372722000.0,1.0,30685424000.0,2705429000.0,0.0,0.0,27979995000.0,0.0,171593000.0,9210437935.9339,9521371935.9339,21.56468570361474,0.0,0.029725872453318553,0.33715577085926113,0.0,21.56468570361474,0.05723824206807867,24.711280621841215,14.869551215877376,3.404427887752331,,0.0,,0.012146548797891794,0.0,0.005046500253670929,0.0,1.0,2.7499999999999996,1.634412432691795,1.4175498040243393,0.0,0.6632692221875139,2.5240544353921077,0.0,1.634412432691795,1.4175498040243393,0.0,Capital Markets,Financial Services,FUTU
2019Q4,2019,Q4,2020-03-10,2019-12-31,43942000.0,224090000.0,0.0,0.32,224090000.0,1.0,21399924000.0,2548553000.0,0.0,0.0,18851371000.0,0.0,16739000.0,9999690078.46889,11244295078.46889,20.484168807613642,0.0,0.07663821609833754,0.643522814710936,0.0,20.484168807613642,0.017241940818966683,44.62354446190767,56.89141412810573,3.9236735820164963,0.0,0.0,0.0,0.010471532515722953,0.0,0.0020533717783296802,3.285747686340983,1.0,1.0,0.15456450936811214,0.888947999813103,9.593827164859986,0.21436274270726646,1.107428900292552,0.0,0.15456450936811214,0.888947999813103,9.593827164859986,Capital Markets,Financial Services,FUTU
2019Q3,2019,Q3,2019-11-22,2019-09-30,20851000.0,184533000.0,0.0,0.16,184533000.0,1.0,17300739000.0,2493962000.0,0.0,0.0,14806777000.0,0.0,-27202000.0,9647912780.09945,10549843780.09945,22.234073443276884,0.0,0.0760792356904523,0.5277654591369074,0.0,22.234073443276884,0.008360592503013277,52.28285878460465,115.67685938443539,3.8685083333665267,0.0,0.0,0.0,0.010666191773657761,0.0,0.0012052086329953882,-13.458216491345748,1.0,-0.6666666666666666,-0.4009452481023437,0.05114236299838262,13.037513712055532,-0.058841230172897434,-0.6231519971082595,0.0,-0.4009452481023437,0.05114236299838262,13.037513712055532,Capital Markets,Financial Services,FUTU
2019Q2,2019,Q2,2019-06-30,2019-06-30,55330000.0,196070000.0,0.0,0.48,196070000.0,1.0,16881246000.0,2463539000.0,0.0,0.0,14417707000.0,0.0,-48054000.0,9221133175.927217,9535869175.927217,21.962847491812983,0.0,0.048070918461824444,0.3294029443008615,0.0,21.962847491812983,0.022459559195125385,47.02980147869239,41.664256171729704,3.743043311239326,0.0,0.0,0.0,0.011614663988665291,0.0,0.003277601665185141,30.15876598406955,1.0,-0.14285714285714296,0.9886146454777389,0.3574054369040799,0.0,0.11938935132851483,0.2149491666849652,0.0,0.9886146454777389,0.3574054369040799,0.0,Capital Markets,Financial Services,FUTU
2019Q1,2019,Q1,2019-05-24,2019-03-31,45541000.0,175158000.0,0.0,0.56,175158000.0,1.0,17192493000.0,2409988000.0,0.0,0.0,14782505000.0,0.0,-103384000.0,9781290854.379967,10911998854.379967,36.01188960122222,0.0,0.07932223674600304,0.5658729421059358,0.0,36.01188960122222,0.018896774589748994,55.84267264058717,53.69497186260715,4.058647119562408,0.0,0.0,0.0,0.010188051261675662,0.0,0.002648888674841979,-12.521911547032861,1.0,0.43589743589743596,0.4524056849130518,1.1298274383208176,0.0,0.07511002264901394,0.19298475402106147,0.0,0.4524056849130518,1.1298274383208176,0.0,Capital Markets,Financial Services,FUTU
2018Q4,2018,Q4,2018-12-31,2018-12-31,38174000.0,162921000.0,0.0,0.39,162921000.0,1.0,16062932000.0,1100279000.0,0.0,0.0,14962653000.0,0.0,-148925000.0,11722225337.286156,13065340337.286156,11.260643304593872,0.0,0.09812971878359443,1.4325920970953732,0.0,11.260643304593872,0.03469483649147171,71.95036451584606,76.76838513966413,10.653866280539896,0.0,0.0,0.0,0.01014266884775457,0.0,0.0023765275231196893,10.962727571156437,1.0,5.190476190476191,0.27714954834392785,0.7486798042246265,5.724234760692311,0.06535840864208833,0.2590369393139842,0.0,0.27714954834392785,0.7486798042246265,5.724234760692311,Capital Markets,Financial Services,FUTU
2018Q3,2018,Q3,2018-09-30,2018-09-30,30320000.0,152926000.0,0.0,0.063,152926000.0,1.0,15867139000.0,-180477000.0,0.0,0.0,16047616000.0,0.0,-173556000.0,11728617182.692204,13347300182.692204,-1.8470652640677394,0.0,0.12023824836979118,-10.571081079583548,0.0,-1.8470652640677394,-0.1679992464413748,76.69472282471393,96.70693587312172,-64.98676940935522,0.0,0.0,0.0,0.009637906367367173,0.0,0.0019108674853103638,3.5934111137708222,1.0,0.8155619596541785,0.0,0.0,0.0,0.21537679017055297,0.25097990675413623,0.0,0.0,0.0,0.0,Capital Markets,Financial Services,FUTU
2018Q2,2018,Q2,2018-06-30,2018-06-30,24237000.0,125826000.0,0.0,0.0347,125826000.0,1.0,,,,,,,,11748122041.156088,,,0.0,0.0,0.0,0.0,,0.0,93.36800058140676,121.1796224899543,0.0,0.0,0.0,0.0,0.0,0.0,0.0,-19.483984989387555,1.0,-0.7330769230769231,0.0,0.0,0.0,0.04788633865218695,-0.47058823529411764,0.0,0.0,0.0,0.0,Capital Markets,Financial Services,FUTU
2018Q1,2018,Q1,2018-03-31,2018-03-31,45781000.0,120076000.0,0.0,0.13,120076000.0,1.0,,,,,,,,11748421425.015856,,,0.0,0.0,0.0,0.0,,0.0,97.84154556294227,64.15555265839463,0.0,0.0,0.0,0.0,0.0,0.0,0.0,15.987618375325212,1.0,-0.5806451612903225,0.0,0.0,0.0,0.2888116091361841,0.5316493810639009,0.0,0.0,0.0,0.0,Capital Markets,Financial Services,FUTU
2017Q4,2017,Q4,2017-12-31,2017-12-31,29890000.0,93168000.0,0.0,0.31,93168000.0,1.0,10923885000.0,-232901000.0,0.0,0.0,11156786000.0,0.0,-230879000.0,11700370315.523092,12848896315.523092,-2.3835909676393148,0.0,0.1411995823830075,-6.6227624613033,0.0,-2.3835909676393148,-0.1283377915938532,125.58357285251473,97.86191297694123,-50.23752717044191,0.0,0.0,0.0,0.00852883383521522,0.0,0.0027362060292652293,35.02056365017388,1.0,0.0,0.0,0.0,0.0,0.0,0.0,0.0,0.0,0.0,0.0,Capital Markets,Financial Services,FUTU
