Quarters,Year,Quarter,FillingDate,Date,NetIncome,Revenue,OperatingIncome,EPSDiluted,GrossProfit,GrossProfitRatio,TotalAssets,CommonStockEquity,CurrentAssets,CurrentLiability,TotalLiability,Inventory,RetainedEarnings,MarketCap,EnterpriseValue,bookValuePerShare,currentRatio,debtToAssets,debtToEquity,roic,shareholdersEquityPerShare,roe,priceToSalesRatio,peRatio,pbRatio,payoutRatio,inventoryTurnover,dividendYield,assetTurnover,quickRatio,returnOnAssets,priceToFreeCashFlowsRatio,grossProfitMargin,epsdilutedGrowth,fiveYNetIncomeGrowthPerShare,fiveYRevenueGrowthPerShare,fiveYShareholdersEquityGrowthPerShare,grossProfitGrowth,netIncomeGrowth,operatingIncomeGrowth,threeYNetIncomeGrowthPerShare,threeYRevenueGrowthPerShare,threeYShareholdersEquityGrowthPerShare,Industry,Sector,Symbol
2023Q1,2023,Q1,2023-05-05,2023-03-31,2225000.0,0.0,2212000.0,0.0772,-2212000.0,0.0,11606000.0,10080000.0,11373000.0,1494000.0,1526000.0,-653000.0,-97687000.0,737534.0032,-9905465.9968,0.3498794616660191,7.612449799196787,0.004135791831811132,0.004761904761904762,-0.22084823095258613,0.3498794616660191,0.22073412698412698,0.0,0.08286898912359551,0.07316805587301588,0.0,-3.3874425727411945,0.0,0.0,7.612449799196787,0.19171118387041186,-0.4552679032098766,0.0,1.701818181818182,0.0,0.0,0.0,-369.6666666666667,1.6933624181988158,1.7209908735332464,0.0,0.0,0.0,,Industrials,ENTXW
2022Q4,2022,Q4,2023-03-31,2022-12-31,-3209000.0,14000.0,-3068000.0,-0.11,6000.0,0.4285714286,13127000.0,11754000.0,12849000.0,1341000.0,1373000.0,0.0,-95497000.0,864297.6599999999,-11353702.34,0.40798444369269726,9.58165548098434,0.006932276986363983,0.007742045261187681,-0.2855082883489839,0.40798444369269726,-0.2730134422324315,61.735547142857136,-0.06733387815518853,0.07353221541602858,0.0,0.0,0.0,0.001066504151748305,9.36241610738255,-0.2444579873543079,-0.429144816285998,0.42857142857142855,-0.19047619047619052,0.0,0.0,0.0,2.0,-0.20503191888847164,-0.07085514834205933,0.0,0.0,0.0,,Industrials,ENTXW
2022Q3,2022,Q3,2022-11-10,2022-09-30,-2663000.0,8000.0,-2865000.0,-0.0924,2000.0,0.25,15540000.0,14312000.0,15190000.0,1193000.0,1228000.0,0.0,-92462000.0,1731476.3122,-12459523.6878,0.49677329914326046,12.732606873428331,0.008494208494208495,0.0092230296254891,-0.1832091638884908,0.49677329914326046,-0.18606763555058692,216.434539025,-0.16254940970709728,0.12098073729737283,0.0,0.0,0.0,0.0005148005148005148,12.201173512154233,-0.17136422136422136,-0.6030917144548937,0.25,0.16000000000000003,0.0,0.0,0.0,-0.8181818181818182,0.16389324960753532,0.11819021237303785,0.0,0.0,0.0,,Industrials,ENTXW
2022Q2,2022,Q2,2022-08-11,2022-06-30,-3185000.0,44000.0,-3249000.0,-0.11,11000.0,0.25,19088000.0,17269000.0,18426000.0,1692000.0,1819000.0,0.0,-89395000.0,1820667.0536000002,-15281332.9464,0.5994510626432088,10.890070921985815,0.009272841575859178,0.010249580172563553,-0.18413009937571426,0.5994510626432088,-0.1844345358735306,41.378796672727276,-0.14290950185243328,0.10542979058428399,0.0,0.0,0.0,0.0023051131601005866,10.3451536643026,-0.16685875943000839,-0.6397284095572734,0.25,0.15384615384615388,0.0,0.0,0.0,-0.21428571428571427,0.1582980972515856,0.1528031290743155,0.0,0.0,0.0,,Industrials,ENTXW
2022Q1,2022,Q1,2022-05-12,2022-03-31,-3784000.0,68000.0,-3835000.0,-0.13,14000.0,0.2058823529,22312000.0,19745000.0,21641000.0,2334000.0,2567000.0,0.0,-86210000.0,9790619.298899999,-10078380.701100001,0.6854852890413208,9.272065124250215,0.010756543564001434,0.01215497594327678,-0.18926668751277748,0.6854852890413208,-0.1916434540389972,143.9796955720588,-0.6468432412063952,0.4958530918662952,0.0,0.0,0.0,0.0030476873431337396,8.705655526992288,-0.16959483685908927,-2.0333581098442366,0.20588235294117646,-1.3095238095238098,0.0,0.0,0.0,-0.9292929292929293,-1.310494789529827,-1.313163481953291,0.0,0.0,0.0,,Industrials,ENTXW
2021Q4,2021,Q4,2022-03-08,2021-12-31,12187000.0,571000.0,12246000.0,0.42,198000.0,0.3467600701,25987000.0,22565000.0,25329000.0,3161000.0,3422000.0,0.0,-82426000.0,8209257.134999999,-16380742.865000002,0.7833869611150875,8.012970578930718,0.011621195212991112,0.013383558608464435,0.5329514147024096,0.7833869611150875,0.5400842011965433,14.376982723292468,0.16840192695084924,0.3638048807888322,0.0,0.0,0.0,0.021972524723900412,7.932616260677001,0.4689652518566976,-3.0780866647919005,0.3467600700525394,0.0,0.0,0.0,0.0,1.64,5.952052011377488,4.959262851600388,0.0,0.0,0.0,,Industrials,ENTXW
2021Q3,2021,Q3,2021-09-30,2021-09-30,-2461000.0,140000.0,-3093000.0,0.0,75000.0,0.5357142857142857,29116000.0,25982000.0,28106000.0,2893000.0,3134000.0,0.0,-89998000.0,0.0,-27063000.0,0.0,9.715174559281023,0.01140266520126391,0.01277807713032099,-0.11823949881522418,0.0,-0.09471942113771072,0.0,0.0,0.0,0.0,0.0,,0.004808352795713697,9.55651572761839,-0.08452397307322435,0.0,0.5357142857142857,0.0,0.0,0.0,0.0,0.6304347826086957,0.5225067908420644,-0.16716981132075473,0.0,0.0,0.0,,Industrials,ENTXW
2021Q2,2021,Q2,2021-06-30,2021-06-30,-5154000.0,109000.0,-2650000.0,0.0,46000.0,0.42201834862385323,28939000.0,25315000.0,27905000.0,3349000.0,3624000.0,0.0,-87537000.0,0.0,-26555000.0,0.0,8.332338011346671,0.012820069801997305,0.014655342682204227,-0.1024955833342051,0.0,-0.203594706695635,0.0,0.0,0.0,0.0,0.0,,0.0037665434189156502,8.0746491489997,-0.17809875945955286,0.0,0.42201834862385323,0.0,0.0,0.0,0.0,-0.4523809523809524,-1.244773519163763,-0.13296280461735785,0.0,0.0,0.0,,Industrials,ENTXW
2021Q1,2021,Q1,2021-03-31,2021-03-31,-2296000.0,157000.0,-2339000.0,0.0,84000.0,0.535031847133758,18527000.0,7613000.0,17434000.0,10616000.0,10914000.0,0.0,-82383000.0,0.0,-15979000.0,0.0,1.6422381311228336,0.021698062287472338,0.05280441350321818,-0.27620580283049095,0.0,-0.30158938657559436,0.0,0.0,0.0,0.0,0.0,,0.008474118853565067,1.5444611906556143,-0.12392724132347385,0.0,0.535031847133758,0.0,0.0,0.0,0.0,-0.27586206896551724,-0.019991115059973346,-0.01917211328976035,0.0,0.0,0.0,,Industrials,ENTXW
2020Q4,2020,Q4,2020-12-31,2020-12-31,-2251000.0,221000.0,-2295000.0,0.0,116000.0,0.5248868778280543,10262000.0,6665000.0,9109000.0,3273000.0,3597000.0,0.0,-72895000.0,0.0,-8161000.0,0.0,2.783073632752826,0.042097057103878385,0.06481620405101275,-0.3048213574179838,0.0,-0.3377344336084021,0.0,0.0,0.0,0.0,0.0,,0.02153576300916001,2.7033302780323862,-0.21935295264081076,0.0,0.5248868778280543,0.0,0.0,0.0,0.0,5.105263157894737,-0.38608374384236455,0.05008278145695364,0.0,0.0,0.0,,Industrials,ENTXW
2020Q3,2020,Q3,2020-09-30,2020-09-30,-1624000.0,50000.0,-2416000.0,0.0,19000.0,0.38,8780000.0,5740000.0,7790000.0,2916000.0,3040000.0,0.0,-70644000.0,0.0,-6852000.0,0.0,2.6714677640603566,0.02460136674259681,0.037630662020905925,-0.3914452365521711,0.0,-0.28292682926829266,0.0,0.0,0.0,0.0,0.0,,0.0056947608200455585,2.4238683127572016,-0.18496583143507972,0.0,0.38,0.0,0.0,0.0,0.0,-0.09523809523809523,0.4909090909090909,0.3149985823646158,0.0,0.0,0.0,,Industrials,ENTXW
2020Q2,2020,Q2,2020-06-30,2020-06-30,-3190000.0,52000.0,-3527000.0,0.0,21000.0,0.40384615384615385,11462000.0,7229000.0,10444000.0,4077000.0,4233000.0,0.0,-69020000.0,0.0,-9517000.0,0.0,2.5616875153298992,0.02181120223346711,0.034582929865818235,-0.4563332902057187,0.0,-0.44127818508784067,0.0,0.0,0.0,0.0,0.0,,0.004536730064561159,2.395634044640667,-0.2783109404990403,0.0,0.40384615384615385,0.0,0.0,0.0,0.0,0.0,-0.0932145305003427,-0.21830742659758204,0.0,0.0,0.0,,Industrials,ENTXW
2020Q1,2020,Q1,2020-03-31,2020-03-31,-2918000.0,42000.0,-2895000.0,0.0,0.0,0.0,15183000.0,10015000.0,14114000.0,4965000.0,5168000.0,0.0,-65830000.0,0.0,-13046000.0,0.0,2.84269889224572,0.018573404465520648,0.028157763354967547,-0.27365535494848287,0.0,-0.29136295556665004,0.0,0.0,0.0,0.0,0.0,,0.0027662517289073307,2.6843907351460223,-0.19218863202265693,0.0,0.0,0.0,0.0,0.0,0.0,1.0,0.15174418604651163,0.17167381974248927,0.0,0.0,0.0,,Industrials,ENTXW
2019Q4,2019,Q4,2019-12-31,2019-12-31,-3440000.0,102000.0,-3495000.0,0.0,-6000.0,-0.058823529411764705,16703000.0,11919000.0,15636000.0,4592000.0,4784000.0,0.0,-62912000.0,0.0,-14886000.0,0.0,3.4050522648083623,0.017900975872597737,0.025085997147411696,-0.27922026044579373,0.0,-0.2886148166792516,0.0,0.0,0.0,0.0,0.0,,0.006106687421421302,3.3673780487804876,-0.20595102676165958,0.0,-0.058823529411764705,0.0,0.0,0.0,0.0,-1.3,-0.14896459585838343,-0.2310672772102853,0.0,0.0,0.0,,Industrials,ENTXW
2019Q3,2019,Q3,2019-09-30,2019-09-30,-2994000.0,60000.0,-2839000.0,0.0,20000.0,0.3333333333333333,7323000.0,4038000.0,6204000.0,2342000.0,3285000.0,0.0,-59472000.0,0.0,-5578000.0,0.0,2.649017933390265,0.044926942509900314,0.08147597820703319,-0.604557069846678,0.0,-0.7414561664190193,0.0,0.0,0.0,0.0,0.0,,0.00819336337566571,2.522203245089667,-0.40884883244571896,0.0,0.3333333333333333,0.0,0.0,0.0,0.0,0.6666666666666666,-1.191800878477306,-0.3992114342040414,0.0,0.0,0.0,,Industrials,ENTXW
2019Q2,2019,Q2,2019-06-30,2019-06-30,-1366000.0,74000.0,-2029000.0,0.0,12000.0,0.16216216216216217,9051000.0,6468000.0,7872000.0,1747000.0,2583000.0,0.0,-56478000.0,0.0,-7033000.0,0.0,4.506010303377218,0.03900121533532206,0.054576376004947434,-0.2828268748257597,0.0,-0.21119356833642547,0.0,0.0,0.0,0.0,0.0,,0.008175892166611425,4.227819118488838,-0.15092254999447574,0.0,0.16216216216216217,0.0,0.0,0.0,0.0,0.0,0.5439065108514191,0.3435781300549984,0.0,0.0,0.0,,Industrials,ENTXW
2019Q1,2019,Q1,2019-03-31,2019-03-31,-2995000.0,0.0,-3091000.0,0.0,0.0,0.0,11405000.0,7662000.0,10164000.0,2200000.0,3743000.0,0.0,-55112000.0,0.0,-5142000.0,0.0,4.62,0.03288031565103025,0.04894283476898982,-0.36745126010461243,0.0,-0.3908901070216654,0.0,0.0,0.0,0.0,0.0,,0.0,4.343181818181818,-0.2626041209995616,0.0,0.0,0.0,0.0,0.0,0.0,0.0,-0.1323251417769376,-0.24486508256141765,0.0,0.0,0.0,,Industrials,ENTXW
2018Q4,2018,Q4,2018-12-31,2018-12-31,-2645000.0,500000.0,-2483000.0,0.0,0.0,0.0,13341000.0,10116000.0,12466000.0,1788000.0,3225000.0,0.0,-52117000.0,0.0,-7506000.0,0.0,6.972035794183445,0.0,0.0,-0.24545274812178727,0.0,-0.2614669829972321,0.0,0.0,0.0,0.0,0.0,,0.03747844989131249,6.848993288590604,-0.1982609999250431,0.0,0.0,0.0,0.0,0.0,0.0,0.0,0.47789182787208845,0.133635729239358,0.0,0.0,0.0,,Industrials,ENTXW
2018Q3,2018,Q3,2018-09-30,2018-09-30,-5066000.0,0.0,-2866000.0,0.0,0.0,0.0,15148000.0,12461000.0,14256000.0,1444000.0,2687000.0,0.0,-49472000.0,0.0,-13858000.0,0.0,9.87257617728532,0.0,0.0,-0.22999759248856433,0.0,-0.40654843110504774,0.0,0.0,0.0,0.0,0.0,,0.0,9.596952908587257,-0.33443358859255345,0.0,0.0,0.0,0.0,0.0,0.0,0.0,-4.241202815099168,-1.1135693215339233,0.0,0.0,0.0,,Industrials,ENTXW
2018Q2,2018,Q2,2018-06-30,2018-06-30,1563000.0,0.0,-1356000.0,0.0,0.0,0.0,8390000.0,-33554000.0,7488000.0,2028000.0,41944000.0,0.0,-44406000.0,0.0,-2546000.0,0.0,3.6923076923076925,0.46781883194278906,-0.11697562138642188,0.0457659725269162,0.0,-0.04658162961196877,0.0,0.0,0.0,0.0,0.0,,0.0,3.190828402366864,0.18629320619785458,0.0,0.0,0.0,0.0,0.0,0.0,0.0,1.376082771896054,0.6737247353224254,0.0,0.0,0.0,,Industrials,ENTXW
2018Q1,2018,Q1,2018-03-31,2018-03-31,-4156000.0,0.0,-4156000.0,0.0,0.0,0.0,,,,,,,,0.0,,0.0,0.0,0.0,0.0,0.0,0.0,0.0,0.0,0.0,0.0,0.0,0.0,,0.0,0.0,0.0,0.0,0.0,0.0,0.0,0.0,0.0,0.0,-0.1009271523178808,-1.2271534761696545,0.0,0.0,0.0,,Industrials,ENTXW
2017Q4,2017,Q4,2017-12-31,2017-12-31,-3775000.0,0.0,18296000.0,0.0,0.0,0.0,13278000.0,-31558000.0,12417000.0,2020000.0,44836000.0,0.0,-41813000.0,0.0,-7853000.0,0.0,6.147029702970297,0.2931917457448411,-0.12336016224095317,-0.6613410446412434,0.0,0.11962101527346473,0.0,0.0,0.0,0.0,0.0,,0.0,5.814851485148515,-0.28430486519054077,0.0,0.0,0.0,0.0,0.0,0.0,0.0,-0.0325492341356674,7.583663188197193,0.0,0.0,0.0,,Industrials,ENTXW
2017Q3,2017,Q3,2017-09-30,2017-09-30,-3656000.0,0.0,-2779000.0,0.0,0.0,0.0,4220000.0,-28636000.0,3351000.0,14273000.0,32856000.0,0.0,-38038000.0,0.0,12715000.0,0.0,0.2347789532684089,3.7,-0.5452577175583182,0.2134080786361542,0.0,0.12767146249476183,0.0,0.0,0.0,0.0,0.0,,0.0,0.20311076858403979,-0.8663507109004739,0.0,0.0,0.0,0.0,0.0,0.0,0.0,-0.618415227976981,0.07150016705646509,0.0,0.0,0.0,,Industrials,ENTXW
2017Q2,2017,Q2,2017-06-30,2017-06-30,-2259000.0,0.0,-2993000.0,0.0,0.0,0.0,3658000.0,-26765000.0,2777000.0,11345000.0,30423000.0,0.0,-34382000.0,0.0,12508000.0,0.0,0.24477743499338916,4.059048660470202,-0.5547543433588642,0.25115381387933206,0.0,0.08440127031571082,0.0,0.0,0.0,,0.0,,0.0,0.20625826355222565,-0.617550574084199,0.0,0.0,0.0,0.0,0.0,0.0,0.0,0.0,0.0,0.0,0.0,0.0,,Industrials,ENTXW
2016Q4,2016,Q4,2016-12-31,2016-12-31,-857000.0,0.0,-1220000.0,0.0,0.0,0.0,6286000.0,-25246000.0,5433000.0,10542000.0,31532000.0,0.0,-30616000.0,0.0,10557000.0,0.0,0.5153671030165055,2.3417117403754375,-0.5830626633922206,0.11590347710431313,0.0,0.03394597163907154,0.0,0.0,0.0,0.0,0.0,,0.0,0.3948966040599507,-0.1363347120585428,0.0,0.0,0.0,0.0,0.0,0.0,0.0,0.5069044879171462,0.1492329149232915,0.0,0.0,0.0,,Industrials,ENTXW
2016Q3,2016,Q3,2016-09-30,2016-09-30,-1738000.0,0.0,-1434000.0,0.0,0.0,0.0,,,,,,,,0.0,,0.0,0.0,0.0,0.0,0.0,0.0,0.0,0.0,0.0,0.0,0.0,0.0,,0.0,0.0,0.0,0.0,0.0,0.0,0.0,0.0,0.0,0.0,0.1455260570304818,0.17963386727688788,0.0,0.0,0.0,,Industrials,ENTXW
2016Q2,2016,Q2,2016-06-30,2016-06-30,-2034000.0,0.0,-1748000.0,0.0,0.0,0.0,,,,,,,,0.0,,0.0,0.0,0.0,0.0,0.0,0.0,0.0,0.0,0.0,0.0,,0.0,,0.0,0.0,0.0,0.0,0.0,0.0,0.0,0.0,0.0,0.0,0.0,0.0,0.0,0.0,0.0,,Industrials,ENTXW
