Year,Date,FillingDate,NetIncome,Revenue,OperatingIncome,EPSDiluted,GrossProfit,GrossProfitRatio,TotalAssets,CommonStockEquity,CurrentAssets,CurrentLiability,TotalLiability,Inventory,RetainedEarnings,EnterpriseValue,bookValuePerShare,currentRatio,debtToAssets,debtToEquity,roic,shareholdersEquityPerShare,roe,priceToSalesRatio,peRatio,pbRatio,payoutRatio,inventoryTurnover,dividendYield,assetTurnover,quickRatio,returnOnAssets,priceToFreeCashFlowsRatio,grossProfitMargin,epsdilutedGrowth,fiveYNetIncomeGrowthPerShare,fiveYRevenueGrowthPerShare,fiveYShareholdersEquityGrowthPerShare,grossProfitGrowth,netIncomeGrowth,operatingIncomeGrowth,threeYNetIncomeGrowthPerShare,threeYRevenueGrowthPerShare,threeYShareholdersEquityGrowthPerShare,Industry,Sector,Price,MarketCap,AvgVolume,Symbol
2023,2023-03-31,2023-06-28,-15977000.0,29691000.0,-15807000.0,-0.65,17681000.0,0.59550032,59876000.0,51372000.0,41875000.0,7202000.0,8504000.0,6415000.0,-4479000.0,15484200.0,2.081101883735062,5.814357123021383,0.003974881421604649,0.0046328739391108,-0.31213962698052,2.081101883735062,-0.3110059954839212,1.4300023576167862,-2.6574575952932338,0.8264852448804796,0.0,1.872174590802806,0.0,0.4958748079364019,4.727297972785338,-0.26683479190326675,0.0,0.5955003199622781,0.10958904109589036,-2.0225810438546734,-0.40527314661653085,-0.49455700951962467,-0.046177914441387496,0.09765051395007342,0.10649482787858233,-0.4381055649642497,-0.3626237083806734,-0.46677582729301437,Semiconductors,Technology,5.895,147472857,5234318,GSIT
2022,2022-03-31,2022-06-29,-17706000.0,33384000.0,-17691000.0,-0.73,18537000.0,0.5552659957,76422000.0,63113000.0,54691000.0,8861000.0,13309000.0,4655000.0,11498000.0,57007490.0,2.596922190676048,6.172102471504345,0.011750543037345266,0.014228447388018317,-0.2718598669538401,2.596922190676048,-0.280544420325448,2.788176671459382,-5.257002710945442,1.474822778191498,0.0,3.1894736842105265,0.0,0.43683755986496037,5.471278636722718,-0.23168721048912616,-6.375376027397261,0.5552659956865564,0.19780219780219785,-129.83527422808777,-0.41119185968308264,-0.3795794146286411,0.4025119164712113,0.1766565914903511,0.16803047404063207,-98.83604538711042,-0.41599676381070255,-0.38979088796405975,Semiconductors,Technology,5.895,147472857,5234318,GSIT
2021,2021-03-31,2021-06-04,-21505000.0,27729000.0,-21264000.0,-0.91,13217000.0,0.4766489956,87612000.0,75592000.0,63446000.0,7462000.0,12020000.0,4343000.0,27866000.0,114823990.0,3.193443454015462,8.50254623425355,0.007978359128886454,0.009247010265636575,-0.28056224811386227,3.193443454015462,-0.284487776484284,5.710952071838148,-7.363821901883283,2.094917319293047,0.0,3.3414690306239927,0.0,0.31649774003561154,7.7212543554006965,-0.24545724330000457,-10.246456810093822,0.4766489956363374,-1.0222222222222221,-8.458821066123999,-0.49813799311060436,-0.19717068225337625,-0.4784753186284181,-1.0803908290606559,-0.9685243473430846,-3.242664519850911,-0.42078012267323067,-0.22439952510607594,Semiconductors,Technology,5.895,147472857,5234318,GSIT
2020,2020-03-31,2020-06-05,-10337000.0,43343000.0,-10802000.0,-0.45,25343000.0,0.5847080267,102561000.0,89641000.0,79113000.0,8260000.0,12920000.0,4282000.0,49371000.0,108991280.0,3.9028648554510625,9.577845036319612,0.006240188765710163,0.007139590142903359,-0.12171478023990354,3.9028648554510625,-0.11531553641748753,3.6881914034561523,-15.464571926090743,1.7833054071239722,0.0,4.203643157403083,0.0,0.4226070338627744,8.825302663438256,-0.10078879886116555,-31.89490822027135,0.5847080266709734,-65.46042944785276,-1.2628717611408695,-0.11711987504645241,0.013369895712318341,-0.1987163273049197,-64.41717791411043,-58.35164835164835,-79.82312025805278,-0.1911069404917905,-0.0675817292724151,Semiconductors,Technology,5.895,147472857,5234318,GSIT
2019,2019-03-31,2019-06-13,163000.0,51486000.0,-182000.0,0.006981027024711979,31628000.0,0.6143029172979062,106223000.0,93155000.0,77365000.0,8733000.0,13068000.0,5685000.0,59708000.0,129114760.0,4.25579057974325,8.858925913202794,0.0,0.0,-0.0011882779222880818,4.25579057974325,0.0017497718855670657,3.3331344443149593,1052.8206134969325,1.8421959100424024,0.0,3.493051890941073,0.0,0.4846972877813656,7.958433527997252,0.001534507592517628,187.34689956331877,0.6143029172979062,1.0332429858319618,1.0330942733501653,0.10441660278456244,-0.08819642075871184,0.4103272986711852,1.0361018826135104,0.9592932229926191,1.0775310832008922,0.007696958481939201,0.06990259787178277,Semiconductors,Technology,5.895,147472857,5234318,GSIT
2018,2018-03-31,2018-06-01,-4515000.0,42643000.0,-4471000.0,-0.21,22426000.0,0.5259010857585067,99540000.0,86815000.0,71271000.0,7404000.0,12725000.0,5547000.0,59545000.0,115998850.0,4.117382025136353,9.626012965964344,0.0,0.0,-0.05724370511974264,4.117382025136353,-0.052007141622991415,3.6639038060174003,-34.60461794019933,1.7996872660254566,0.0,3.6446727961060033,0.0,0.428400642957605,8.645867098865478,-0.04535864978902954,-612.7052941176471,0.5259010857585067,-36.712347826086955,-2.5101796198952537,-0.16901758804419723,-0.15511170082538284,-0.15104482132041186,-38.26086956521739,-7.483870967741935,-0.07664556393400115,-0.05380620231643764,0.06906878612325994,Semiconductors,Technology,5.895,147472857,5234318,GSIT
2017,2017-03-31,2017-06-05,-115000.0,48180000.0,-527000.0,-0.005568467944993221,26416000.0,0.548277293482773,102595000.0,86444000.0,68272000.0,10474000.0,16151000.0,9211000.0,64655000.0,145936400.0,4.185744722060817,6.5182356310865,0.0,0.0,-0.014307953527068132,4.185744722060817,-0.0013303410300310027,3.7291905354919055,-1562.3686956521738,2.0784831798621073,0.0,2.36282705460862,0.0,0.4696135289244115,5.394309719304945,-0.001120912325162045,97.96750272628135,0.548277293482773,0.9443153205500678,-1.0234879560432906,-0.19454856955238856,-0.07375296170519173,-0.012005834611212926,0.9470046082949308,0.8255544521681563,0.9752527531383037,0.09540413245683345,-0.10320375313306974,Semiconductors,Technology,5.895,147472857,5234318,GSIT
2016,2016-03-31,2016-06-10,-2170000.0,52736000.0,-3021000.0,-0.1,26737000.0,0.5069971177184466,106530000.0,89869000.0,71962000.0,9242000.0,16661000.0,7174000.0,64770000.0,60668299.999999985,3.9777364670473156,7.786409867993941,0.0,0.0,-0.02595013994815862,3.9777364670473156,-0.024146257330113833,1.7565097845873783,-42.687235023041474,1.030736961577407,0.0,3.6240591023139115,0.0,0.49503426264901906,6.797230036788574,-0.02036984886886323,-132.7095988538682,0.5069971177184466,0.5,-1.1425395830642024,-0.33116593480539797,-0.106285437508851,0.064243919914023,0.5640819606267578,0.49991723224631684,-1.6773767520434806,-0.040928533927015426,-0.18376702047773633,Semiconductors,Technology,5.895,147472857,5234318,GSIT
2015,2015-03-31,2015-06-11,-4978000.0,53498000.0,-6041000.0,-0.2,25123000.0,0.46960634042394106,108889000.0,96396000.0,77943000.0,11713000.0,12493000.0,8412000.0,66940000.0,110895100.0,3.8513724080067124,6.6544010928028685,0.0,0.0,-0.05518559501816784,3.8513724080067124,-0.05164114693555749,2.760310665819283,-29.66474487746083,1.531921449022781,0.0,3.373157394198764,0.0,0.4913076619309572,5.769999146247759,-0.045716279881347056,230.73609375,0.46960634042394106,0.13043478260869565,-1.5192039066523342,-0.14243573490749423,0.05746056097632618,-0.03780160857908847,0.19566973662950396,-0.039043687650498794,-1.8389206708495232,-0.26204696034548075,-0.14774490009266034,Semiconductors,Technology,5.895,147472857,5234318,GSIT
2014,2014-03-31,2014-06-11,-6189000.0,58579000.0,-5814000.0,-0.23,26110000.0,0.44572286997046723,141677000.0,128378000.0,102507000.0,11837000.0,13299000.0,8185000.0,71918000.0,148539550.0,4.667442283221233,8.65988003717158,0.0,0.0,-0.05118485356332373,4.667442283221233,-0.04820919472183707,3.244499735400058,-30.709250282759733,1.4804682266431943,0.0,3.9668906536346977,0.0,0.4134686646385793,7.5835093351355916,-0.04368387247047863,24.72801847514962,0.44572286997046723,-2.642857142857143,-1.6718433777364077,-0.04893340001402821,0.5282629328273525,-0.08667972575905974,-2.609204368174727,-2.7,-1.3339323440354658,-0.3897392962706261,0.04867709881196978,Semiconductors,Technology,5.895,147472857,5234318,GSIT
2013,2013-03-31,2013-06-04,3846000.0,66014000.0,3420000.0,0.14,28588000.0,0.4330596540127852,145845000.0,132183000.0,97478000.0,10859000.0,13662000.0,13809000.0,78107000.0,137084680.0,4.873285651083911,8.976701353715812,0.0,0.0,0.025620084654195473,4.873285651083911,0.029096025964004447,2.699498288241888,46.33507020280812,1.3481664056648737,0.0,2.7102614237091753,0.0,0.45263121807398266,7.1882309604936,0.026370461791628098,12.439248918051096,0.4330596540127852,-0.3913043478260869,-0.4235109094154112,0.26046931433975773,0.7396378918057773,-0.2199514311440967,-0.43072824156305506,-0.48617788461538464,-0.6298462941029418,-0.023538913614518098,0.3380444248080858,Semiconductors,Technology,5.895,147472857,5234318,GSIT
2012,2012-03-31,2012-06-04,6756000.0,82540000.0,6656000.0,0.23,36649000.0,0.44401502301914225,143117000.0,128779000.0,95187000.0,12503000.0,14338000.0,16725000.0,74261000.0,89193280.0,4.519037091623679,7.613132848116452,0.0,0.0,0.04862649638353057,4.519037091623679,0.05246196973108969,1.4638633389871578,17.884440497335703,0.9382529760287005,0.0,2.7438565022421524,0.0,0.576730926444797,5.539230584659681,0.047206132045808674,7.908062045945416,0.44401502301914225,-0.640625,-0.800585666905226,-0.6885869412338442,-0.04959172158203734,-0.1811011306251955,-0.642085187539733,-0.7155555555555555,-0.29213619564874554,0.29343898897459975,0.4796705476203618,Semiconductors,Technology,5.895,147472857,5234318,GSIT
2011,2011-03-31,2011-06-02,18876000.0,97763000.0,23400000.0,0.64,44754000.0,0.45778055092417375,141917000.0,124680000.0,95711000.0,15676000.0,17237000.0,21380000.0,67505000.0,228686170.0,4.450790704315853,6.105575401888236,0.0,0.0,0.14847057543208522,4.450790704315853,0.15139557266602502,2.6046476683407835,13.490049268912905,2.0423337343599615,0.0,2.4793732460243216,0.0,0.6888744829724417,4.2757718805817815,0.1330073211806901,28.146144578313255,0.45778055092417375,0.6842105263157895,-0.025016030574581828,-0.5026540910686087,0.30563323075359605,0.5318318729463308,0.8179716844842531,1.2048431169320644,1.7395920443572503,0.8074440524976981,0.5888180402481935,Semiconductors,Technology,5.895,147472857,5234318,GSIT
2010,2010-03-31,2010-06-04,10383000.0,67558000.0,10613000.0,0.38,29216000.0,0.4324580360579058,113128000.0,98719000.0,76618000.0,13571000.0,14409000.0,15436000.0,48629000.0,101651300.0,3.64209555432577,5.645715127846143,0.0,0.0,0.08874597813284726,3.64209555432577,0.10517732148826467,1.8696423813612006,12.165010112684197,1.2794831795297765,0.0,2.483933661570355,0.0,0.5971819531857718,4.127846142509764,0.09178099144332084,16.448665190780048,0.4324580360579058,0.15151515151515146,-0.5101885971107247,-0.6669169453124413,0.3435832947874883,0.10016568760355475,0.11777371084077942,-0.07905241235682055,-0.6777897778629397,-0.7320221671319215,-0.23402315682769273,Semiconductors,Technology,5.895,147472857,5234318,GSIT
2009,2009-03-31,2009-06-10,9289000.0,62108000.0,11524000.0,0.33,26556000.0,0.4275777677593869,92673000.0,84705000.0,67371000.0,7617000.0,7968000.0,10995000.0,38246000.0,57849900.0,3.0540832882639264,8.844820795588815,0.0,0.0,0.09806439135138179,3.0540832882639264,0.10966294787792928,1.1342645069878277,7.583905694907956,0.8316734549318222,0.0,3.233469758981355,0.0,0.6701844118567436,6.952737298148877,0.10023415665835789,4.538227146814404,0.4275777677593869,0.3750000000000001,3.8313218117094356,-0.6418983489182448,0.4887966042453635,0.2454157482530601,0.3714749741621143,0.5377635441686682,-0.515394966898117,-0.6808733853277228,-0.10408893710055254,Semiconductors,Technology,5.895,147472857,5234318,GSIT
TTM,,,,,,,,,,,,,,,,120260857.0,2.081101883735062,5.814357123021383,0.0,0.0,-0.3150512939174354,2.081101883735062,-0.28262513432123004,4.967088480970024,-9.10740236575291,2.832634022424667,0.0,1.872174590802806,0.0,0.4958581067539582,4.727297972785338,-0.2668514930857105,-8.87321642599278,0.5954866958571909,,,,,,,,,,,Semiconductors,Technology,5.895,147472857,5234318,GSIT
