Year,Date,FillingDate,NetIncome,Revenue,OperatingIncome,EPSDiluted,GrossProfit,GrossProfitRatio,TotalAssets,CommonStockEquity,CurrentAssets,CurrentLiability,TotalLiability,Inventory,RetainedEarnings,EnterpriseValue,bookValuePerShare,currentRatio,debtToAssets,debtToEquity,roic,shareholdersEquityPerShare,roe,priceToSalesRatio,peRatio,pbRatio,payoutRatio,inventoryTurnover,dividendYield,assetTurnover,quickRatio,returnOnAssets,priceToFreeCashFlowsRatio,grossProfitMargin,epsdilutedGrowth,fiveYNetIncomeGrowthPerShare,fiveYRevenueGrowthPerShare,fiveYShareholdersEquityGrowthPerShare,grossProfitGrowth,netIncomeGrowth,operatingIncomeGrowth,threeYNetIncomeGrowthPerShare,threeYRevenueGrowthPerShare,threeYShareholdersEquityGrowthPerShare,Industry,Sector,Price,MarketCap,AvgVolume,Symbol
2022,2022-12-31,2023-03-23,-10279000.0,5968000.0,-9295000.0,-1.27,-318000.0,-0.0532841823,8498000.0,-477000.0,7242000.0,7946000.0,8975000.0,5476000.0,-149020000.0,23936550.0,-0.058816276202219485,0.9114019632519507,0.7185220051776888,-12.80083857442348,-1.3562745757707388,-0.058816276202219485,21.549266247379453,2.996405831099196,-1.7397168985309854,-37.489622641509435,0.0,1.147918188458729,0.0,0.7022828900917863,0.1930531084822552,-1.2095787244057425,-2.6476976606455436,-0.05328418230563003,0.2658959537572254,0.7343838410722714,-0.9124476620408714,-1.0071986829446755,-1.187279151943463,-0.3034491503931017,-0.06496333638863427,0.5767725511635331,-0.8573994043918941,-1.0362376556581243,"Furnishings, Fixtures & Appliances",Consumer Cyclical,1.9396,6780764,10173,EFOI
2021,2021-12-31,2022-03-17,-7886000.0,9865000.0,-8728000.0,-1.73,1698000.0,0.1721236695,14391000.0,6209000.0,13424000.0,8156000.0,8182000.0,7866000.0,-138741000.0,137886290.0,1.3613242709932032,1.6459048553212359,0.29462858731151415,0.6828796907714608,-0.8079708701819083,1.3613242709932032,-1.2700918022225802,13.819390775468829,-17.287381435455238,21.95656144306652,-0.30382957139234085,1.0382659547419273,0.017575222281450167,0.6854978806198319,0.5681706718979892,-0.5479813772496699,-13.3550440830721,0.17212366953877345,0.054644808743169446,0.7609676515837952,-0.8371019728568042,-0.893842352760347,-0.6725168756027001,-0.31850861060023405,-1.1133171912832929,0.544662615724489,-0.7133887915446037,-0.7044551704830717,"Furnishings, Fixtures & Appliances",Consumer Cyclical,1.9396,6780764,10173,EFOI
2020,2020-12-31,2021-03-25,-5981000.0,16828000.0,-4130000.0,-1.83,5185000.0,0.3081174233,12397000.0,4256000.0,11076000.0,7557000.0,8141000.0,5641000.0,-130855000.0,94591700.0,1.3015290519877676,1.465660976578007,0.3372590142776478,0.9823778195488722,-0.43323362561637696,1.3015290519877676,-1.4053101503759398,5.481738768718802,-15.423290419662264,21.67450657894737,0.0,2.0639957454352067,0.0,1.35742518351214,0.6157205240174672,-0.4824554327659918,-34.49764397905759,0.30811742334204895,0.3879598662207358,-1.4338477983741196,-0.8335880472831128,-0.9401905471387969,1.626646403242148,0.18879696188796963,0.38896286432904276,0.6166896641948327,-0.3877278037833211,-0.8407023430668922,"Furnishings, Fixtures & Appliances",Consumer Cyclical,1.9396,6780764,10173,EFOI
2019,2019-12-31,2020-03-24,-7373000.0,12705000.0,-6759000.0,-2.99,1974000.0,0.1553719008,11739000.0,3996000.0,9334000.0,6542000.0,7743000.0,6168000.0,-124874000.0,45784644.0,1.6230706742485783,1.426780800978294,0.45651247976829373,1.3410910910910911,-0.5986890475183333,1.6230706742485783,-1.845095095095095,3.209417079889807,-5.5304006510240065,10.204115115115115,0.0,1.7397859922178989,0.0,1.0822898032200359,0.4107306634056863,-0.6280773490075816,-6.035471284783895,0.15537190082644628,0.21315789473684202,0.19908538962460362,-0.7214695903105282,-0.7403884090877543,-0.42145369284876905,0.1907584238832181,0.25602641717116126,0.5859849170890157,-0.6113439540057851,-0.8734310643295901,"Furnishings, Fixtures & Appliances",Consumer Cyclical,1.9396,6780764,10173,EFOI
2018,2018-12-31,2019-04-01,-9111000.0,18107000.0,-9085000.0,-3.8,3412000.0,0.18843541171922462,18492000.0,11052000.0,17688000.0,7240000.0,7440000.0,8058000.0,-117315000.0,47841807.3,4.606151537884471,2.4430939226519337,0.1199978369024443,0.20077813970322114,-0.6854028986611309,4.606151537884471,-0.8243756786102063,2.8694873419119675,-5.702755712874547,4.701213110749186,0.0,1.8236535120377264,0.0,0.9791801860263898,1.2929558011049724,-0.4926995457495133,-7.58286738178634,0.18843541171922462,0.20000000000000004,-0.5372786864653478,-0.6650156579300246,0.505726363191345,-0.2922630159717901,0.19135528534658738,0.19466359365304495,-1.9006887541931041,-0.755969779054083,-0.7883324979523786,"Furnishings, Fixtures & Appliances",Consumer Cyclical,1.9396,6780764,10173,EFOI
2017,2017-12-31,2018-02-22,-11267000.0,19846000.0,-11281000.0,-4.75,4821000.0,0.24292048775571903,22151000.0,19292000.0,20895000.0,2627000.0,2859000.0,5718000.0,-108204000.0,191711900.0,8.170421819413857,7.953939855348306,0.0,0.0,-0.5788420314596203,8.170421819413857,-0.5840244660999377,10.202201955053916,-17.970435785923495,10.495174165457184,0.0,2.6276670164393146,0.0,0.8959414924834094,5.464788732394366,-0.5086452078912916,-33.54421802518224,0.24292048775571903,0.3448275862068966,0.30924059650992863,-0.7671928109070748,7.184682919316834,-0.37202032043767097,0.33280037898975545,0.329708853238265,-0.2761612420472575,-0.5463444695762443,0.30686620158679434,"Furnishings, Fixtures & Appliances",Consumer Cyclical,1.9396,6780764,10173,EFOI
2016,2016-12-31,2017-02-23,-16887000.0,30998000.0,-16830000.0,-7.25,7677000.0,0.24766113942835022,34978000.0,29938000.0,32620000.0,4933000.0,5040000.0,9469000.0,-96937000.0,330642750.0,12.823610040263857,6.612608960064869,0.0,0.0,-0.5630627013777191,12.823610040263857,-0.5640657358540985,11.203037292728563,-20.56444306271096,11.599697708597768,0.0,2.4628788678846765,0.0,0.8862141917776888,4.51429150618285,-0.4827891817713992,-19.105009077405512,0.24766113942835022,-2.7682926829268295,0.4106036862046506,-0.7456148415716917,3.309886050180778,-0.737914789020893,-2.923348519362187,-2.743680066307501,-1.9283921638037629,-0.410611234659622,3.191969706185296,"Furnishings, Fixtures & Appliances",Consumer Cyclical,1.9396,6780764,10173,EFOI
2015,2015-12-31,2016-03-10,8780000.0,64403000.0,9652000.0,4.1,29292000.0,0.4548235330652299,55702000.0,45320000.0,53222000.0,10305000.0,10382000.0,7732000.0,-80050000.0,967611250.0,21.761259963507154,5.164677341096555,0.0,0.0,0.2096757362291343,21.761259963507154,0.19373345101500442,15.56218266229834,114.1516230068337,22.11498786407767,0.0,4.540998448008278,0.0,1.1562062403504363,4.342552159146045,0.15762450181322035,454.74194646098005,0.4548235330652299,2.0933333333333333,1.2256292404429705,-0.5987381938925863,0.4898193926953787,2.126814688300598,2.5021385799828915,4.745440434613892,1.6102951770289564,-0.1434427237119241,20.799243253625274,"Furnishings, Fixtures & Appliances",Consumer Cyclical,1.9396,6780764,10173,EFOI
2014,2014-12-31,2015-03-12,-5845000.0,28962000.0,-2577000.0,-3.75,9368000.0,0.3234583247013328,19496000.0,9773000.0,18929000.0,9607000.0,9723000.0,7283000.0,-88830000.0,262722160.0,6.251919140225179,1.9703341313625482,0.02682601559294214,0.053514785633889284,-0.2502050232557391,6.251919140225179,-0.5980763327535046,9.313243560527589,-46.14716167664671,27.599525222551932,0.0,2.690374845530688,0.0,1.4855354944604022,1.1079421255334652,-0.29980508822322527,-163.87008505467801,0.3234583247013328,-0.5,0.8929826139659746,-0.5323130967329038,-0.8286849171536383,1.0458615418213584,-1.4756459127488353,0.6186177297617286,0.6953246194259884,-0.6450357792365125,1.10120699278222,"Furnishings, Fixtures & Appliances",Consumer Cyclical,1.9396,6780764,10173,EFOI
2013,2013-12-31,2014-03-27,-2361000.0,21533000.0,-6757000.0,-2.5,4579000.0,0.21265035062462267,12808000.0,2924000.0,10777000.0,5819000.0,9884000.0,2510000.0,-82985000.0,158445680.0,3.0590893873451623,1.8520364323766971,0.3177701436602124,1.3919288645690835,-0.9661138118387189,3.0590893873451623,-0.8074555403556771,7.302079598755399,-66.59706903854298,53.774172366621066,0.0,6.754581673306773,0.0,1.6812148657089319,1.1909262759924386,-0.18433791380387257,-21.16796984383414,0.21265035062462267,0.6428571428571429,0.9515079516081314,-0.721577629787175,-0.9483185351226052,-0.26583293249959916,0.5864424592748292,-0.33987705730715845,0.8678042431256355,-0.7076878083421129,-0.7905686205257326,"Furnishings, Fixtures & Appliances",Consumer Cyclical,1.9396,6780764,10173,EFOI
2012,2012-12-31,2013-03-27,-5709000.0,29837000.0,-5043000.0,-7.0,6237000.0,0.20903576096792573,14353000.0,825000.0,10826000.0,11705000.0,13528000.0,2581000.0,-80624000.0,49238640.0,0.9982575867576594,0.9249038872276805,0.28837176896815997,5.016969696969697,-1.015914585012087,0.9982575867576594,-6.92,1.5511157287931092,-8.106610614818708,56.09774545454545,0.0,9.143742735373886,0.0,2.078798857381732,0.6179410508329773,-0.3977565665714485,-6.341551109893121,0.20903576096792573,0.44,0.8596070712129106,-0.6373613325128141,-0.9893792559462364,0.20614968091278282,0.05714285714285714,0.03409308561578242,0.802287975246079,-0.08865035053023716,-0.9726457464753394,"Furnishings, Fixtures & Appliances",Consumer Cyclical,1.9396,6780764,10173,EFOI
2011,2011-12-31,2012-03-30,-6055000.0,25752000.0,-5221000.0,-12.5,5171000.0,0.20079993786890338,13778000.0,1468000.0,8829000.0,10731000.0,12310000.0,2429000.0,-74915000.0,34911600.0,2.975394219465726,0.822756499860218,0.18224706053128176,1.7104904632152589,-1.3117054647515272,2.975394219465726,-4.124659400544959,1.3411230195712955,-5.703815028901735,23.526294277929157,0.0,8.47303417044051,0.0,1.8690666279576136,0.5143043518777374,-0.4394687182464799,-12.021092934215106,0.20079993786890338,0.32432432432432434,0.710420159807037,-0.5604077614783515,-0.9780603217690302,-0.1924098079025457,0.2890689209815663,0.34069958328071726,0.7590691845303131,-0.3549190603856498,-0.9497325143600418,"Furnishings, Fixtures & Appliances",Consumer Cyclical,1.9396,6780764,10173,EFOI
2010,2010-12-31,2011-03-31,-8517000.0,35129000.0,-7919000.0,-18.5,6403000.0,0.18227105810014518,20374000.0,6658000.0,13518000.0,11517000.0,13716000.0,2543000.0,-68860000.0,150105150.0,14.606642973103417,1.1737431622818442,0.13016589771277118,0.39831781315710424,-0.8511904036237429,14.606642973103417,-1.279212976869931,4.31438839705087,-17.795015850651637,22.763615199759688,0.0,11.29610696028313,0.0,1.7242073230588004,0.8961535121993575,-0.4180327868852459,130.54276485788114,0.18227105810014518,0.4714285714285714,0.586025018100358,-0.5527206726982704,-0.9370886103248327,2.1387254901960784,0.22678166137085792,0.19036908291585727,0.6202569881478331,-0.22588996866447061,-0.8445958051709785,"Furnishings, Fixtures & Appliances",Consumer Cyclical,1.9396,6780764,10173,EFOI
2009,2009-12-31,2010-03-31,-11015000.0,12489000.0,-9781000.0,-35.0,2040000.0,0.1633437424933942,17378000.0,11505000.0,8263000.0,3826000.0,5873000.0,3770000.0,-60343000.0,71575615.1,36.49368774979382,2.1596968112911656,0.10921855219242721,0.16497175141242937,-0.7302828800885821,36.49368774979382,-0.9574098218166015,5.664153663223637,-6.422116668179754,6.148597574967405,0.0,2.7716180371352785,0.0,0.7186672804695592,1.0412963930998431,-0.6338473932558407,-6.584104160461653,0.1633437424933942,0.3137254901960784,-5.987883017192159,-0.8123917500496367,-0.757649691766297,-0.6292931128475378,0.2376107419712071,0.331030709253813,0.17557463056235514,-0.6663590207241705,-0.7309063244615268,"Furnishings, Fixtures & Appliances",Consumer Cyclical,1.9396,6780764,10173,EFOI
2008,2008-12-31,2009-03-31,-14448000.0,22950000.0,-14621000.0,-51.0,5503000.0,0.23978213507625273,23652000.0,16789000.0,19051000.0,6537000.0,6863000.0,5539000.0,-49328000.0,105800100.0,59.19122831758567,2.914333792259446,0.09314222898697784,0.13121686818750372,-0.7567559868365771,59.19122831758567,-0.8605634641729704,4.974514161220044,-7.901792635658915,6.799994043719102,0.0,3.149846542697238,0.0,0.9703196347031964,2.0247820100963745,-0.610857432775241,-18.339775100401607,0.23978213507625273,-0.04081632653061224,-9.041785732841483,-0.643947310207254,-0.6256115764566851,-0.12400509391913403,-0.2766634267031899,-0.26907386511587533,-0.128550718605056,-0.5304069843709293,-0.7450610357974508,"Furnishings, Fixtures & Appliances",Consumer Cyclical,1.9396,6780764,10173,EFOI
TTM,,,,,,,,,,,,,,,,9324764.0,0.18272322532772695,1.5874439461883407,0.33031464065946825,0.9627749576988156,-1.1930509156043556,0.18272322532772695,-4.565626911314984,1.4018532148025638,-3.3616130318293855,10.614961489001692,0.0,1.0352369380315918,0.0,0.5615929409032857,0.4847320093956865,-1.0833623592244281,-1.3054994224104737,-0.05685342154227827,,,,,,,,,,,"Furnishings, Fixtures & Appliances",Consumer Cyclical,1.9396,6780764,10173,EFOI
