Quarters,Year,Quarter,FillingDate,Date,NetIncome,Revenue,OperatingIncome,EPSDiluted,GrossProfit,GrossProfitRatio,TotalAssets,CommonStockEquity,CurrentAssets,CurrentLiability,TotalLiability,Inventory,RetainedEarnings,MarketCap,EnterpriseValue,bookValuePerShare,currentRatio,debtToAssets,debtToEquity,roic,shareholdersEquityPerShare,roe,priceToSalesRatio,peRatio,pbRatio,payoutRatio,inventoryTurnover,dividendYield,assetTurnover,quickRatio,returnOnAssets,priceToFreeCashFlowsRatio,grossProfitMargin,epsdilutedGrowth,fiveYNetIncomeGrowthPerShare,fiveYRevenueGrowthPerShare,fiveYShareholdersEquityGrowthPerShare,grossProfitGrowth,netIncomeGrowth,operatingIncomeGrowth,threeYNetIncomeGrowthPerShare,threeYRevenueGrowthPerShare,threeYShareholdersEquityGrowthPerShare,Industry,Sector,Symbol
2023Q1,2023,Q1,2023-03-31,2023-03-31,-11119000.0,6316000.0,-10971000.0,-0.37,3511000.0,0.5558898037,89162000.0,-124860000.0,42939000.0,11240000.0,52543000.0,2294000.0,-124860000.0,91955318.60000001,110314318.60000001,-4.209283442143389,3.8201957295373665,0.4678674771763756,-0.3341021944577927,0.17936290909596495,-4.209283442143389,0.08905173794650008,14.559106808106398,-2.067526724525587,-0.736467392279353,0.0,1.2227550130775937,0.0,0.07083735223525717,3.372064056939502,-0.12470559206836994,-7.901978052762741,0.555889803673211,-0.3214285714285713,0.3834068129413476,0.0,-2.8136453842717177,-0.4553211293825628,-0.367314313821938,-0.3915525114155251,-0.5964315440124388,1.7454358835216446,-2.770435644069246,Medical Devices,Healthcare,TBIO
2022Q4,2022,Q4,2022-12-31,2022-12-31,-8132000.0,9469000.0,-7884000.0,-0.28,6446000.0,0.680747703,81362000.0,-113741000.0,55092000.0,13498000.0,34797000.0,2200000.0,-113741000.0,35476988.4,26484988.4,-3.8472600453312435,4.081493554600682,0.26335389985496915,-0.18838413588767464,0.08714568032936928,-3.8472600453312435,0.07149576669802446,3.7466457281655927,-1.0906599975405804,-0.31191029092411704,0.0,1.374090909090909,0.0,0.11638111157542834,3.6619499185064455,-0.09994837885007743,-5.541547703842549,0.6807477030309431,0.33333333333333326,0.4036280912546165,0.0,-0.4352865242263623,0.7616835200874555,0.3396134481078447,0.2992622877966403,0.4681650796255936,3.940828031148636,-2.5036682970486863,Medical Devices,Healthcare,TBIO
2022Q3,2022,Q3,2022-09-30,2022-09-30,-12314000.0,6675000.0,-11251000.0,-0.42,3659000.0,0.548164794,88142000.0,-105609000.0,62185000.0,12808000.0,34834000.0,2195000.0,-105609000.0,49001465.3,45637465.3,-3.577667298859326,4.855168644597127,0.2425291007692133,-0.20241646071831,0.1367322772594214,-3.577667298859326,0.11659991099243436,7.341043490636704,-0.9948324122949488,-0.46398948290391917,0.0,1.3740318906605922,0.0,0.07573007192938667,4.3266708307307935,-0.1397063828821674,-3.1626090938427778,0.5481647940074906,0.16000000000000003,0.21183489789021137,0.0,0.0,0.349188790560472,0.16971208954217518,0.22337267895354457,-0.01977158010915313,8.268510355689592,-2.022449898932524,Medical Devices,Healthcare,TBIO
2022Q2,2022,Q2,2022-06-30,2022-06-30,-14831000.0,5655000.0,-14487000.0,-0.5,2712000.0,0.4795755968,97284000.0,64720000.0,72027000.0,18244000.0,32564000.0,1776000.0,-93295000.0,52984508.4,47502508.4,2.198680397683939,3.9479828984871737,0.17269026766991488,0.2595797280593325,-0.1737670040291499,2.198680397683939,-0.22915636588380717,9.3694975066313,-0.893137826174904,0.8186728739184177,0.0,1.6570945945945945,0.0,0.05812877759960528,3.660052620039465,-0.1524505571316969,-3.4844474812573982,0.47957559681697615,-0.11111111111111108,0.019811900259882456,0.0,0.0,-0.023758099352051837,-0.12407154767318478,-0.12625359558423385,0.11748740519370363,6.977363933253852,-0.07357278685442414,Medical Devices,Healthcare,TBIO
2022Q1,2022,Q1,2022-03-31,2022-03-31,-13194000.0,5636000.0,-12863000.0,-0.45,2778000.0,0.4929027679,111134000.0,78100000.0,87878000.0,16023000.0,33034000.0,2536000.0,-78464000.0,157509215.25,143199215.25,2.662682302964493,5.484491044124072,0.1534093976640812,0.21829705505761843,-0.13210881869919774,2.662682302964493,-0.1689372599231754,27.946986382185948,-2.9844856610959525,2.016763319462228,0.0,1.1269716088328077,0.0,0.050713553008080337,5.075703675965799,-0.11872154336206742,-25.901860754810063,0.492902767920511,-0.046511627906976785,-0.12464232108678876,0.0,0.0,2.1496598639455784,-0.05628052197582259,-0.06332148466561957,0.39019775232301585,4.866755140930625,0.25996489906310605,Medical Devices,Healthcare,TBIO
2021Q4,2021,Q4,2021-12-31,2021-12-31,-12491000.0,3078000.0,-12097000.0,-0.43,882000.0,0.2865497076,116257000.0,90784000.0,93184000.0,9733000.0,25473000.0,2368000.0,-65270000.0,316778310.0,251294310.0,3.095121001182183,9.574026507757115,0.14899747972165117,0.1908045470567501,-0.10927580727374657,3.095121001182183,-0.13759032428621784,102.91692982456141,-6.34013109438796,3.4893627731758903,0.0,0.9273648648648649,0.0,0.026475825111606184,8.884311106544745,-0.10744299268001066,-22.96327002537151,0.28654970760233917,-0.26470588235294107,0.0766829938404124,0.0,2.154688118687935,-0.24096385542168675,-0.27147801302931596,-0.281326130706493,-2.174683933872983,2.9955410836756315,0.11173181767225022,Medical Devices,Healthcare,TBIO
2021Q3,2021,Q3,2021-09-30,2021-09-30,-9824000.0,2786000.0,-9441000.0,-0.34,1162000.0,0.4170854271,124494000.0,102762000.0,117392000.0,7864000.0,21732000.0,1671000.0,-52779000.0,326106428.97,231905428.97000003,3.507263145999547,14.927772126144456,0.1253152762382123,0.15181681944687725,-0.07911846284999717,3.507263145999547,-0.09559954068624589,117.05184097989951,-8.298718163935261,3.1734145790272668,0.0,0.9718731298623579,0.0,0.022378588526354683,14.336215666327568,-0.07891143348273813,-25.11602194778189,0.41708542713567837,-2.6190476190476195,0.36650500408935643,0.0,0.0,-0.9835759717314487,-1.5730284647690154,-1.5897307764382536,0.6537771320784393,16.593403098361712,0.19340243085100212,Medical Devices,Healthcare,TBIO
2021Q2,2021,Q2,2021-08-05,2021-06-30,17144000.0,72649000.0,16009000.0,0.21,70750000.0,0.9738606175,904870000.0,412637000.0,717012000.0,81514000.0,492233000.0,1052000.0,-369617000.0,2072500282.4399998,1880885282.4399998,5.4832431514175175,8.796182250901685,0.06393846629902639,0.1402104028480238,0.032139084386605454,5.4832431514175175,0.04154741334393183,28.527581693347464,30.221947655739616,5.0225750052467415,0.0,1.8051330798479088,0.0,0.08028667101351575,8.479868488848542,0.018946367986561605,185.42545248635588,0.9738606174895732,-0.3823529411764707,1.4431970799114107,0.0,0.0,1.107222635889799,-0.3535932433451474,-0.3986552475396289,1.0761000476035563,0.0,1.3639493827460016,Medical Devices,Healthcare,TBIO
2021Q1,2021,Q1,2021-05-06,2021-03-31,26522000.0,34600000.0,26622000.0,0.34,33575000.0,0.9703757225,890640000.0,388890000.0,699540000.0,118019000.0,501750000.0,723000.0,-386761000.0,1239878087.04,1144820087.04,5.1721182647154205,5.927350680822579,0.06813976466361268,0.15605441127311065,0.05167787166002059,5.1721182647154205,0.0681992337164751,35.834626793063585,11.687260453962747,3.188248828820489,0.0,1.417704011065007,0.0,0.038848468517021464,5.744778383141697,0.029778586185215127,-1374.5876796452328,0.9703757225433526,2.2592592592592595,1.8818963931253856,0.0,0.0,-0.3334722966668652,2.306052100260994,2.3922018348623855,1.5802245400382684,0.0,1.2285000634055723,Medical Devices,Healthcare,TBIO
2020Q4,2020,Q4,2021-03-01,2020-12-31,-20307000.0,51391000.0,7848000.0,-0.27,50373000.0,0.980191084,889936000.0,356757000.0,697193000.0,101337000.0,533179000.0,601000.0,-413283000.0,1382795988.75,1103454988.75,4.754881821680436,6.879945133564246,0.020162124017906905,0.05029473843540561,0.017721303040474343,4.754881821680436,-0.05692109755379712,26.907357100465063,-17.023637030949917,3.8760164166365345,0.0,1.6938435940099834,0.0,0.057746849211628704,6.716460917532589,-0.022818494813110157,-60.07194008210609,0.9801910840419529,-2.1739130434782608,0.41318892554065345,0.0,2.773890436969211,-0.23336935181944085,-2.17097220620459,-0.7463395714147193,0.41318892554065345,0.0,2.773890436969211,Medical Devices,Healthcare,TBIO
2020Q3,2020,Q3,2020-11-05,2020-09-30,17342000.0,66446000.0,30939000.0,0.23,65707000.0,0.9888781868,908628000.0,365666000.0,710961000.0,124024000.0,542962000.0,0.0,-392722000.0,996033192.03,387413192.03,4.996534553087568,5.732446945752435,0.013513781217395897,0.03357982421116538,0.06977261304964333,4.996534553087568,0.04742579293672368,14.990115161635012,14.358684004584246,2.723887897781035,0.0,0.0,0.0,0.07312783669444481,5.637529832935561,0.01908591854972552,3.2255692066530006,0.9888781867983024,1.396551724137931,1.447715909415832,0.0,0.0,3.185425823300847,1.479763189199657,2.453627137756061,1.447715909415832,0.0,0.0,Medical Devices,Healthcare,TBIO
2020Q2,2020,Q2,2020-08-06,2020-06-30,-36147000.0,16319000.0,-21284000.0,-0.58,15699000.0,0.9620074759,454278000.0,271393000.0,316221000.0,51766000.0,182885000.0,0.0,-410066000.0,1116098654.72,856275654.72,4.357466554979489,6.108662056175868,0.001362601754872567,0.0022808252239372422,-0.07455218428904352,4.357466554979489,-0.13319061287505574,68.3925886831301,-7.719165177746425,4.112481363631339,0.0,0.0,0.0,0.035922937056163846,5.937352702546073,-0.0795702191169284,-50.35864525199657,0.9620074759482812,-1.5217391304347825,-0.12907573616138143,0.0,0.0,2.8477941176470587,-1.5654364797728886,0.12205585117353462,-0.12907573616138143,0.0,0.0,Medical Devices,Healthcare,TBIO
2020Q1,2020,Q1,2020-05-07,2020-03-31,-14090000.0,4654000.0,-24243000.0,-0.23,4080000.0,0.8766652342,305242000.0,142672000.0,169194000.0,41108000.0,162570000.0,0.0,-373778000.0,598281923.49,513317923.49,2.3775410624181683,4.115841198793422,0.001877199074832428,0.00401620500168218,-0.15356175219891774,2.3775410624181683,-0.09875799035550073,128.5521967103567,-10.615364149929029,4.193408121355277,0.0,0.0,0.0,0.015246918838167749,3.924369952320716,-0.0461600959238899,-17.715324040329268,0.8766652342071336,0.5576923076923077,0.41295702576082494,0.0,0.0,0.04884318766066838,0.5460110839025648,0.21887485500708853,0.41295702576082494,0.0,0.0,Medical Devices,Healthcare,TBIO
2019Q4,2019,Q4,2020-03-12,2019-12-31,-31036000.0,3890000.0,-31036000.0,-0.52,3890000.0,1.0,336201000.0,153536000.0,203615000.0,41670000.0,182665000.0,0.0,-359496000.0,488466886.38000005,416500886.38000005,2.5585829354003304,4.886369090472762,0.0015764379047058159,0.0034519591496456857,-0.18620110391168707,2.5585829354003304,-0.20214151729887453,125.56989367095117,-3.934679778160846,3.1814485617705293,0.0,0.0,0.0,0.011570459338312498,4.638204943604512,-0.09231382417065981,-22.658265441135544,1.0,-0.2682926829268294,-0.12134778273969615,0.0,1.9545233659866743,2.0726698262243284,-0.4621001554623828,-0.4621001554623828,-0.12134778273969615,0.0,1.9545233659866743,Medical Devices,Healthcare,TBIO
2019Q3,2019,Q3,2019-11-06,2019-09-30,-21227000.0,1266000.0,-21227000.0,-0.41,1266000.0,1.0,349514000.0,181573000.0,217761000.0,25266000.0,167941000.0,0.0,-328460000.0,514241365.87,428030365.87,3.4991125751927252,8.618736642127761,0.0013990855874156686,0.0026931316880813775,-0.10897880183385443,3.4991125751927252,-0.11690614794049776,406.1938119036335,-6.056453642412964,2.8321466620587863,0.0,0.0,0.0,0.0036221725023890317,8.318016306498853,-0.06073290340301104,-24.6013187518538,1.0,0.2807017543859649,0.22711603511697598,0.0,0.0,0.07836456558773425,0.23731675768899108,0.23731675768899108,0.22711603511697598,0.0,0.0,Medical Devices,Healthcare,TBIO
2019Q2,2019,Q2,2019-07-31,2019-06-30,-27832000.0,1174000.0,-27832000.0,-0.57,1174000.0,1.0,302549000.0,115697000.0,153884000.0,20057000.0,186852000.0,0.0,-307233000.0,589382990.43,527297990.42999995,2.3732899535826193,7.672333848531685,0.0014840571279363013,0.0038808266420045463,-0.21581049121854767,2.3732899535826193,-0.2405593922055023,502.02980445485514,-5.2941128056733255,5.0941942352005665,0.0,0.0,0.0,0.0038803631808401284,7.322381213541407,-0.09199171043368182,-28.516692008418808,1.0,0.2297297297297298,-0.11067887926886763,0.0,0.0,-0.20352781546811397,0.16163624314717753,0.17373233582709893,-0.11067887926886763,0.0,0.0,Medical Devices,Healthcare,TBIO
2019Q1,2019,Q1,2019-05-09,2019-03-31,-33198000.0,1474000.0,-33684000.0,-0.74,1474000.0,1.0,277736000.0,95108000.0,128857000.0,16763000.0,182628000.0,0.0,-279401000.0,574707733.17,525191733.16999996,2.113298795025504,7.68698920241007,0.001479822565313823,0.004321403036547924,-0.30615858494568127,2.113298795025504,-0.34905581023678345,389.89669821573943,-4.3278791882794145,6.042685506687135,0.0,0.0,0.0,0.005307198202609673,7.312831832010977,-0.11953077742892532,-25.463346618077093,1.0,-4.692307692307692,-0.8442738205230729,0.0,0.0,0.2470389170896785,-4.49908895146596,-4.201358863495985,-0.8442738205230729,0.0,0.0,Medical Devices,Healthcare,TBIO
2018Q4,2018,Q4,2019-03-21,2018-12-31,-6037000.0,1182000.0,-6476000.0,-0.13,1182000.0,1.0,287651000.0,125295000.0,149602000.0,14287000.0,162356000.0,0.0,-246203000.0,337533907.5,282334907.5,2.784053628745432,10.4711975922167,0.0,0.0,-0.048182289796081246,2.784053628745432,-0.048182289796081246,285.5616814720812,-13.977716891668045,2.6939136238477195,0.0,0.0,0.0,0.004109146152803223,10.086302232799047,-0.02098723800716841,-19.559245958161906,1.0,0.865979381443299,0.7091625417232703,0.0,2.038639085733488,3.966386554621849,0.8584392440088168,0.8566305069736551,0.7091625417232703,0.0,2.038639085733488,Medical Devices,Healthcare,TBIO
2018Q3,2018,Q3,2018-11-08,2018-09-30,-42646000.0,238000.0,-45170000.0,-0.97,238000.0,1.0,304588000.0,129417000.0,166319000.0,9959000.0,175171000.0,0.0,-240166000.0,438160249.7,399296249.7,2.938877159399245,16.700371523245305,0.0,0.0,-0.3295239419859833,2.938877159399245,-0.3295239419859833,1841.0094525210084,-2.5685893735637575,3.385646782880147,0.0,0.0,0.0,0.0007813833768894375,16.17632292398835,-0.1400120818942309,16.29939177516554,1.0,0.6755852842809366,-0.8297318132497432,0.0,0.0,0.0,-0.5505944806021161,-0.5574250939557976,-0.8297318132497432,0.0,0.0,Medical Devices,Healthcare,TBIO
2018Q2,2018,Q2,2018-08-09,2018-06-30,-27503000.0,0.0,-29003000.0,-2.99,0.0,0.0,166332000.0,-138414000.0,24287000.0,14364000.0,304746000.0,0.0,-197520000.0,116218168.55,99723168.55,-15.065949858319291,1.6908242829295461,0.0,0.0,0.19870099845391362,-15.065949858319291,0.19870099845391362,0.0,-1.0564135598843762,-0.8396417165171154,0.0,0.0,0.0,0.0,1.2179754942912837,-0.16535002284587452,-6.28240275420293,0.0,-3.901639344262296,-4.823873885339059,0.0,0.0,0.0,-0.29676080909048047,-0.29988347077805666,-4.823873885339059,0.0,0.0,Medical Devices,Healthcare,TBIO
2018Q1,2018,Q1,2018-03-31,2018-03-31,-21209000.0,0.0,-22312000.0,-0.61,0.0,0.0,182836000.0,80970000.0,43029000.0,10508000.0,101866000.0,0.0,-170017000.0,401902606.08,371104606.08,2.3208966199495813,4.094880091358965,0.0,0.0,-0.26193651969865384,2.3208966199495813,-0.26193651969865384,0.0,-4.7374063614503275,4.963598938866246,0.0,0.0,0.0,0.0,3.5019033117624665,-0.11600013126517754,-20.258208885528504,0.0,-0.326086956521739,-0.5199226028378959,0.0,0.0,0.0,-0.31806599962712073,0.09123492994460737,-0.5199226028378959,0.0,0.0,Medical Devices,Healthcare,TBIO
2017Q4,2017,Q4,2017-12-31,2017-12-31,-16091000.0,0.0,-24552000.0,-0.46,0.0,0.0,198547000.0,-93515000.0,63035000.0,12085000.0,292062000.0,0.0,-148808000.0,401902606.08,353844606.08,-2.6804822454561577,5.215970211005379,0.0,0.0,0.17206865208790037,-2.6804822454561577,0.17206865208790034,0.0,-6.244214251444907,-4.297734118376731,0.0,0.0,0.0,0.0,4.803889118742243,-0.08104378308410604,-26.055274300162072,0.0,0.1320754716981132,0.0,0.0,0.0,0.0,0.12856756024911994,-0.18243113080331344,0.0,0.0,0.0,Medical Devices,Healthcare,TBIO
2017Q3,2017,Q3,2017-09-30,2017-09-30,-18465000.0,0.0,-20764000.0,-0.53,0.0,0.0,,,,,,,,401902606.08,,,0.0,0.0,0.0,0.0,,0.0,0.0,-5.441410859463851,0.0,0.0,0.0,0.0,0.0,0.0,0.0,-32.255425849117174,0.0,-0.03921568627450984,0.0,0.0,0.0,0.0,-0.029665978921541294,-0.10429186831888529,0.0,0.0,0.0,Medical Devices,Healthcare,TBIO
2017Q2,2017,Q2,2017-06-30,2017-06-30,-17933000.0,0.0,-18803000.0,-0.51,0.0,0.0,,,,,,,,401902606.08,,,0.0,0.0,0.0,0.0,,0.0,0.0,-5.60283563932415,0.0,0.0,0.0,0.0,0.0,0.0,0.0,-25.067211755753757,0.0,-0.27499999999999997,0.0,0.0,0.0,0.0,-0.28515121112225883,-0.2700439040864573,0.0,0.0,0.0,Medical Devices,Healthcare,TBIO
2017Q1,2017,Q1,2017-03-31,2017-03-31,-13954000.0,0.0,-14805000.0,-0.4,0.0,0.0,,,,,,,,401902606.08,,,0.0,0.0,0.0,0.0,,0.0,0.0,-7.200491007596388,0.0,0.0,0.0,0.0,0.0,0.0,0.0,-41.695466965452844,0.0,0.0,0.0,0.0,0.0,0.0,0.0,0.0,0.0,0.0,0.0,Medical Devices,Healthcare,TBIO
