Year,Date,FillingDate,NetIncome,Revenue,OperatingIncome,EPSDiluted,GrossProfit,GrossProfitRatio,TotalAssets,CommonStockEquity,CurrentAssets,CurrentLiability,TotalLiability,Inventory,RetainedEarnings,EnterpriseValue,bookValuePerShare,currentRatio,debtToAssets,debtToEquity,roic,shareholdersEquityPerShare,roe,priceToSalesRatio,peRatio,pbRatio,payoutRatio,inventoryTurnover,dividendYield,assetTurnover,quickRatio,returnOnAssets,priceToFreeCashFlowsRatio,grossProfitMargin,epsdilutedGrowth,fiveYNetIncomeGrowthPerShare,fiveYRevenueGrowthPerShare,fiveYShareholdersEquityGrowthPerShare,grossProfitGrowth,netIncomeGrowth,operatingIncomeGrowth,threeYNetIncomeGrowthPerShare,threeYRevenueGrowthPerShare,threeYShareholdersEquityGrowthPerShare,Industry,Sector,Price,MarketCap,AvgVolume,Symbol
2022,2022-06-30,2022-08-25,53146000.0,405296000.0,43455000.0,1.3,248900000.0,0.6141190636,14969922000.0,13169357000.0,1047490000.0,300936000.0,1800565000.0,-12377000.0,66369000.0,7421252080.0,321.74530307102197,3.480773320573145,0.02356531984602191,0.026787260759959654,0.004249081905321572,321.74530307102197,0.004035580476708165,18.549914334214993,141.4632536785459,0.5708863447167543,0.0,-12.63601842126525,0.0,0.027074022162573725,3.344651354440811,0.0035501854986285165,287.0530365392692,0.614119063597963,-0.721627408993576,-0.3876659257953673,0.568322325314316,95.37166381835365,-0.6166198159343833,-0.8338164432478745,-0.8787531284789942,-0.6544312792845548,0.15717960625023292,56.20543706788006,Software—Application,Technology,172.45,11184865570,257586,AZPN
2021,2021-06-30,2021-06-30,319803000.0,709376000.0,358401000.0,4.67,649225000.0,0.9152057583,1454000000.0,800757000.0,768317000.0,141530000.0,653243000.0,0.0,1778133000.0,9283636020.0,11.799610980946907,5.428651169363386,0.22669325997248968,0.41162549937122,0.2553130487412613,11.799610980946907,0.399375840610822,13.157869761593288,29.186333524075756,11.656316485525572,0.0,0.0,0.0,0.487878954607978,5.235370592807179,0.21994704264099038,34.09411260629438,0.9152057583002526,0.4237804878048781,1.7911687320778191,0.8344152489555318,14.035335360405297,0.22825753820657088,0.4168881918230634,0.44038533415319325,1.2863867632502501,0.5096348389446559,3.9960541899072908,Software—Application,Technology,172.45,11184865570,257586,AZPN
2020,2020-06-30,2020-06-30,225708000.0,590181000.0,248823000.0,3.28,528574000.0,0.8956133796,1232502000.0,493715000.0,650234000.0,219825000.0,738787000.0,0.0,1485692000.0,7225128000.0,7.260514705882353,2.957962015239395,0.3792642932830941,0.9467891394833051,0.20715253705399006,7.260514705882353,0.4571625330403168,11.937829242215523,31.21502117780495,14.270338150552444,0.971002357027664,0.0,0.03110689406541499,0.478847904506443,2.8781894688957124,0.1831299259554954,29.132935548029888,0.8956133796242169,-0.11590296495956878,1.4780102656887832,0.742089463319325,14.220759258653407,-0.022117222202694027,-0.14092580328392976,-0.12015120119376808,0.565338398495357,0.37464853503903883,3.1295939565603987,Software—Application,Technology,172.45,11184865570,257586,AZPN
2019,2019-06-30,2019-06-30,262734000.0,598345000.0,282802000.0,3.71,540529000.0,0.9033734718,903065000.0,393285000.0,429040000.0,320755000.0,509780000.0,0.0,1259984000.0,9009669250.0,5.624383267786914,1.3375941138875467,0.252058268230969,0.578778748236012,0.3946891855161485,5.624383267786914,0.6680498874861741,14.81017682106477,33.72839164325896,22.532248242368766,0.0,0.0,0.0,0.662571354221457,1.2904023319979423,0.290935868403714,37.430812981000734,0.9033734718264547,0.8186274509803921,3.0580614679761817,1.0252358852686458,5.227447069576964,0.20419943413460467,0.7670154955342731,0.3489823078500866,1.225463188943343,0.501666202917829,7.213401629040074,Software—Application,Technology,172.45,11184865570,257586,AZPN
2018,2018-06-30,2018-06-30,148688000.0,499514000.0,209641000.0,2.04,448870000.0,0.8986134523,264924000.0,-284115000.0,131185000.0,502288000.0,549039000.0,0.0,305208000.0,6764098600.0,-3.9383836983642917,0.2611748638231453,0.6416934668055744,-0.5983492599827535,-1.3433221666802544,-3.9383836983642917,-0.5233373809900921,13.393545726446106,44.99531636715807,-23.547731024409128,0.0,0.0,0.0,1.8854992375171746,0.2350743000031854,0.5612477540728662,32.43355310360876,0.8986134522756118,-0.03317535545023689,3.261641636066302,1.081047220308267,-4.617122777631755,0.03075714849957288,-0.0832819551653555,-0.011201984755867481,0.5387385816747824,0.3898427617388674,-6.171450627611063,Software—Application,Technology,172.45,11184865570,257586,AZPN
2017,2017-06-30,2017-06-30,162196000.0,482942000.0,212016000.0,2.11,435476000.0,0.9017149057,247942000.0,-260784000.0,146186000.0,467243000.0,508726000.0,0.0,156520000.0,4264938660.0,-3.409342275561831,0.31286932067468104,0.5646481838494487,-0.5368427510890239,-1.3535213497193037,-3.409342275561831,-0.6219553346831094,8.75238156962948,26.06040013317221,-16.20840488680287,0.0,0.0,0.0,1.9478023086044316,0.2774230967612142,0.6541691201974655,23.579544128393795,0.9017149057236686,0.25595238095238093,15.40155047891259,1.4352815076721606,-3.8147063050407466,0.02771320619352281,0.15894848911404705,0.003004054290593762,1.2901536418574846,0.4943112308302616,-4.7749025185985525,Software—Application,Technology,172.45,11184865570,257586,AZPN
2016,2016-06-30,2016-06-30,139951000.0,472344000.0,211381000.0,1.68,423733000.0,0.8970855986,419738000.0,-75034000.0,361323000.0,432623000.0,494772000.0,0.0,-5676000.0,3157238080.0,-0.9052019495246827,0.8351913790991232,0.3335413996350104,-1.865820827891356,2.1618076135943323,-0.9052019495246827,-1.865167790601594,7.061747539928526,23.83387099770634,-44.454168510275345,0.0,0.0,0.0,1.125330563351424,0.7901059351906856,0.33342466014513816,22.238346578484187,0.8970855986315058,0.263157894736842,14.388592561226192,1.6884304773604693,-1.5362732004915214,0.08420136889912365,0.18194870235712415,0.17569747263504495,2.4909251147868163,0.712600997541343,-1.8313630262440574,Software—Application,Technology,172.45,11184865570,257586,AZPN
2015,2015-06-30,2015-06-30,118407000.0,440401000.0,179792000.0,1.33,390825000.0,0.8874298651,315361000.0,-48546000.0,263630000.0,296466000.0,363907000.0,0.0,-145627000.0,3870279899.9999995,-0.5491753207086133,0.8892419366807661,0.0,0.0,-2.4434305926842868,-0.5491753207086133,-2.439068100358423,9.14286956659953,34.00583495908181,-82.94254727474971,0.0,0.0,0.0,1.3964979816781402,0.8394352134814785,0.37546494335063624,21.885569162033033,0.8874298650548024,0.4456521739130435,2.137541692417428,1.7328595425387547,-1.3554699616138102,0.15367585199179373,0.38030845272373315,0.3859578798063581,10.09733921390555,0.9216327447102938,-1.4533916259600477,Software—Application,Technology,172.45,11184865570,257586,AZPN
2014,2014-06-30,2014-06-30,85783000.0,391453000.0,129724000.0,0.92,338765000.0,0.8654040204,407972000.0,83676000.0,329682000.0,266504000.0,324296000.0,0.0,-264034000.0,4099341200.0,0.9031603488472498,1.2370621078858104,0.0,0.0,1.0346798855391102,0.9031603488472498,1.0251804579568813,10.98182208336633,50.113276523320465,51.37515177589751,0.0,0.0,0.0,0.9595094761405194,1.155603668237625,0.21026688106046493,22.041516650857538,0.8654040204060257,0.9574468085106385,0.5754720623459476,0.22115892951910618,-0.6454718674219023,0.29775627396672527,0.8952542972029517,1.3331654676258993,7.439188648301976,0.9934098620867272,-0.46493631494311455,Software—Application,Technology,172.45,11184865570,257586,AZPN
2013,2013-06-30,2013-06-30,45262000.0,311387000.0,55600000.0,0.47,261039000.0,0.8383105268,382748000.0,101898000.0,285351000.0,215461000.0,280850000.0,0.0,-349817000.0,2611509520.0,1.0888167033530656,1.3243742487039418,0.0,0.0,0.42997535386600766,1.0888167033530656,0.4441892873265422,8.811997674918992,60.62351464804914,26.92831576674714,0.0,0.0,0.0,0.8135561779552082,1.1239574679408337,0.1182553533917878,19.600002285763267,0.8383105267721517,4.133333333333334,0.7378960048372488,-0.04285910476532439,-0.4352188244601459,0.36772033512001134,4.277954808806489,4.632087797230207,1.4107288786492165,0.8251604370052898,-0.29523120003648173,Software—Application,Technology,172.45,11184865570,257586,AZPN
2012,2012-06-30,2012-06-30,-13808000.0,243134000.0,-15308000.0,-0.15,190857000.0,0.7849868797,368335000.0,113592000.0,261463000.0,195719000.0,254743000.0,0.0,-395079000.0,2016521000.0,1.2112603966730646,1.3359101569086291,0.02920167782046235,0.09468976688499191,-0.11218646555470291,1.2112603966730646,-0.12155785618705543,8.929261230432601,-157.2282010428737,19.112323050919077,0.0,0.0,0.0,0.6600893208628015,1.2148284019436029,-0.03748761317822091,21.73506532512389,0.7849868796630665,-2.3636363636363638,-1.229274080366108,-0.46115763105900864,-0.37427717697629737,0.30895212229697755,-2.346202593350882,0.7207741276471554,-1.250533655144243,-0.2506855994840022,-0.524529739324356,Software—Application,Technology,172.45,11184865570,257586,AZPN
2011,2011-06-30,2011-06-30,10257000.0,198154000.0,-54823000.0,0.11,145809000.0,0.7358367734,411975000.0,157803000.0,253863000.0,173675000.0,254172000.0,0.0,-381271000.0,1481051840.0,1.6879492555194249,1.4617129696271771,0.06047211602645792,0.15787405816112496,0.07039250497830367,1.6879492555194249,0.06499876428204787,8.10543234050284,156.58807058594132,10.178031089396272,0.0,0.0,0.0,0.4809854966927605,1.350919821505686,0.02489714181685782,27.454639065998872,0.7358367734186542,1.093220338983051,-0.7331170741090887,-0.677442869682232,4.442626544767852,0.4546860346788515,1.0954627949183302,0.49351453225180614,-0.6057557059857199,-0.39027604925238585,-0.1244421932102258,Software—Application,Technology,172.45,11184865570,257586,AZPN
2010,2010-06-30,2010-06-30,-107445000.0,166344000.0,-108242000.0,-1.18,100234000.0,0.6025705766,394713000.0,140970000.0,250283000.0,155817000.0,253743000.0,0.0,-391038000.0,944869830.0,1.5449275044659003,1.606262474569527,0.19288698370714924,0.5400794495282685,-0.5308680573223487,1.5449275044659003,-0.7621834432858055,5.973643954696292,-9.24826497277677,7.048874441370504,0.0,0.0,0.0,0.421430254387365,1.5142571093012958,-0.27221044151066726,28.172714978310793,0.602570576636368,-3.0701754385964914,0.28062622743974713,-0.7133888905168781,2.3339222281097958,-0.574847302341364,-3.0301753457788525,-2.566953299169055,-2.833589129919411,-0.621108540604922,-0.2019086877466106,Software—Application,Technology,172.45,11184865570,257586,AZPN
2009,2009-06-30,2009-06-30,52924000.0,311580000.0,69078000.0,0.57,235760000.0,0.7566596059,515976000.0,229410000.0,301986000.0,204072000.0,286566000.0,0.0,-283593000.0,758035090.0,2.5474998056699945,1.4798012466188404,0.21725041474797277,0.48862734841550065,0.19717790006323913,2.5474998056699945,0.23069613356000174,2.46534466268695,14.514248545083515,3.348381020879647,0.0,0.0,0.0,0.6038652960602818,1.3505968481712336,0.1025706622013427,27.340265162300682,0.7566596058797098,1.1111111111111107,1.8311558302850948,-0.5689600821620042,2.376720937410082,0.040331833024446206,1.1215425318688368,0.3550551218172545,0.429587621662081,-0.47346037512493,6.195707409516697,Software—Application,Technology,172.45,11184865570,257586,AZPN
2008,2008-06-30,2008-06-30,24946000.0,311613000.0,50978000.0,0.27,226620000.0,0.7272482214,554626000.0,172813000.0,333340000.0,217033000.0,381813000.0,0.0,-336517000.0,1205371000.0,1.9278558679161089,1.535895462901955,0.2654166952144328,0.8518282768078791,0.14180007670802333,1.9278558679161089,0.14435256606852495,3.8259379422552975,47.791710093802614,6.898855988843432,0.0,0.0,0.0,0.561843476504888,1.471320029672907,0.04497805728545001,19.665352577319588,0.727248221351484,-0.45999999999999996,1.0269541830611157,-0.5855459297825514,0.8503799828857286,-0.08424893623039653,-0.4519530735093809,-0.3779074024357504,1.170014536031458,-0.45346472976005564,2.6645504642589914,Software—Application,Technology,172.45,11184865570,257586,AZPN
TTM,,,,,,,,,,,,,,,,10968518570.0,202.4674208284462,2.466795445073944,0.004832116408498193,0.005365391884597996,-0.005640055970083691,202.4674208284462,-0.005922485582570343,11.621182881277566,-143.45962511233793,0.8517419706063207,0.0,45.908851769038534,0.0,0.06607132645642257,2.3807598301476633,-0.005347050633734308,62.50239210733664,0.6373388885714137,,,,,,,,,,,Software—Application,Technology,172.45,11184865570,257586,AZPN
