Quarters,Year,Quarter,FillingDate,Date,NetIncome,Revenue,OperatingIncome,EPSDiluted,GrossProfit,GrossProfitRatio,TotalAssets,CommonStockEquity,CurrentAssets,CurrentLiability,TotalLiability,Inventory,RetainedEarnings,MarketCap,EnterpriseValue,bookValuePerShare,currentRatio,debtToAssets,debtToEquity,roic,shareholdersEquityPerShare,roe,priceToSalesRatio,peRatio,pbRatio,payoutRatio,inventoryTurnover,dividendYield,assetTurnover,quickRatio,returnOnAssets,priceToFreeCashFlowsRatio,grossProfitMargin,epsdilutedGrowth,fiveYNetIncomeGrowthPerShare,fiveYRevenueGrowthPerShare,fiveYShareholdersEquityGrowthPerShare,grossProfitGrowth,netIncomeGrowth,operatingIncomeGrowth,threeYNetIncomeGrowthPerShare,threeYRevenueGrowthPerShare,threeYShareholdersEquityGrowthPerShare,Industry,Sector,Symbol
2023Q1,2023,Q1,2023-04-27,2023-03-31,126000000.0,2521000000.0,188300000.0,0.33,269300000.0,0.1068226894,16664100000.0,3559300000.0,8170900000.0,7960000000.0,13005700000.0,-7618700000.0,3638100000.0,14367192000.0,12923692000.0,9.225764644893728,1.026494974874372,0.2686193673825769,1.2576349282162222,0.01813249952726191,9.225764644893728,0.03540021914421375,5.699005156683856,28.506333333333338,4.036521787992021,0.9777777777777777,-0.2955491094281177,0.0085750924745768,0.15128329762783468,0.9578643216080402,0.007561164419320575,-24.749684754521965,0.1068226894089647,-0.5657894736842105,9.88057972932729,0.1550031178048416,0.6775708631028008,-0.5846058923337961,-0.576043068640646,-0.5764732343679712,25.94053803646471,0.07357212486617574,0.4123707612340763,Advertising Agencies,Communication Services,IPG
2022Q4,2022,Q4,2023-02-21,2022-12-31,297200000.0,2985900000.0,444600000.0,0.76,648300000.0,0.2171204662,18845000000.0,3647900000.0,10325200000.0,9983200000.0,15100700000.0,5900000.0,3632100000.0,12920949000.0,14907249000.0,9.40422789378706,1.0342575526885167,0.2404669673653489,1.2422489651580362,0.03338142929893057,9.40422789378706,0.08147153156610652,4.327321410629961,10.868900572005384,3.5420239041640396,0.3775235531628533,396.20338983050846,0.008683572700426261,0.1584452109312815,0.9900933568394903,0.01577076147519236,10.696149834437087,0.21712046619109815,0.1875,-0.0680521010081172,0.2662736920420243,0.6454194283950005,0.5380782918149466,0.18030182684670373,0.30076067875950846,-0.09871139206355593,0.026329311987433737,0.310744541268134,Advertising Agencies,Communication Services,IPG
2022Q3,2022,Q3,2022-10-26,2022-09-30,251800000.0,2637700000.0,341800000.0,0.64,421500000.0,0.1597983091,16875200000.0,3404600000.0,8534900000.0,8169200000.0,13409000000.0,16200000.0,3449900000.0,9999360000.0,12837360000.0,8.716333845366103,1.0447657053322235,0.2729626908125533,1.35296363743171,0.02723071492925329,8.716333845366103,0.07395876167538037,3.7909390757098986,9.92787926926132,2.937014627268989,0.448768864177919,136.80246913580248,0.011300723246287763,0.15630629562908885,0.9850903393233119,0.014921304636389495,515.4309278350515,0.15979830913295676,0.10344827586206906,0.71744791940282,0.3824617688388149,0.6862084199712412,-0.03214695752009185,0.09668989547038327,-0.020910913778287025,0.5053494438136794,0.07106497586855771,0.3651706350761733,Advertising Agencies,Communication Services,IPG
2022Q2,2022,Q2,2022-07-27,2022-06-30,229600000.0,2735700000.0,349100000.0,0.58,435500000.0,0.1591914318,17249200000.0,3436700000.0,8760800000.0,8462700000.0,13750800000.0,17700000.0,3311800000.0,10822043000.0,13514743000.0,8.74255914525566,1.035225164545594,0.2710908331980614,1.3606366572584165,0.02605400392994714,8.74255914525566,0.06680827538045218,3.955858829550024,11.783583405923345,3.148963540605814,0.49564459930313587,129.954802259887,0.010515574554638158,0.15859865964798367,0.9726564807921821,0.01331076223824873,-81.73748489425982,0.15919143180904338,0.44999999999999984,1.4195643058170548,0.44842302599031103,0.7299903922742979,0.2831467295226871,0.42786069651741293,0.4208384208384208,0.33079575479379175,0.06645537837029272,0.39295199550218074,Advertising Agencies,Communication Services,IPG
2022Q1,2022,Q1,2022-04-28,2022-03-31,160800000.0,2568500000.0,245700000.0,0.4,339400000.0,0.132139381,17880900000.0,3487000000.0,9270000000.0,8954200000.0,14324200000.0,30400000.0,3196700000.0,13985025000.000002,16349725000.000002,8.839036755386566,1.0352683656831432,0.26659731892689964,1.367077717235446,0.018722956994089206,8.839036755386566,0.0461141382277029,5.444821880474986,21.742887126865675,4.010618009750502,0.7356965174129353,73.32565789473684,0.008459048160443045,0.14364489483191561,0.9757990663599205,0.008992835931077294,-21.05227306939636,0.13213938096165076,-0.5604395604395604,6.425986382527191,0.45405657975624264,0.7637548125750983,-0.41270115937013324,-0.5605356654823722,-0.46967407727174615,20.590494296577944,0.06022034079897935,0.46789169111827167,Advertising Agencies,Communication Services,IPG
2021Q4,2021,Q4,2022-02-22,2021-12-31,365900000.0,2932100000.0,463300000.0,0.91,577900000.0,0.1970942328,19909200000.0,3526000000.0,11231800000.0,10890000000.0,16304400000.0,0.0,3154300000.0,14744065000.000002,16272665000.000002,8.956057912115824,1.031386593204775,0.24102425009543327,1.36091888825865,0.038482991736634636,8.956057912115824,0.10377197958026092,5.028500051157874,10.0738350642252,4.181527226318775,0.2905165345722875,0.0,0.00720968064099012,0.14727362224499227,0.991267217630854,0.01837843810901493,10.568464626191671,0.1970942328024283,0.5166666666666668,0.15149282880429743,0.29415345119054104,0.7471661238498719,0.28536476868327404,0.5252188411838266,0.31806543385490754,0.09235838459414493,-0.00021349916649417074,0.4347955053924481,Advertising Agencies,Communication Services,IPG
2021Q3,2021,Q3,2021-10-26,2021-09-30,239900000.0,2542000000.0,351500000.0,0.6,449600000.0,0.1768686073957514,17805300000.0,3171400000.0,9132900000.0,9049000000.0,14584000000.0,0.0,2908900000.0,14429645000.0,17198645000.0,8.059466327827192,1.0092717427340037,0.29536149348789403,1.6582581825061486,0.026365387516959788,8.059466327827192,0.07564482562905972,5.676492918961448,15.037145685702377,4.549929053414896,0.44268445185493954,0.0,0.0073598484231594055,0.1427664796437016,0.9595424908829705,0.013473516312558621,43.872438431134086,0.1768686073957514,-0.09090909090909098,0.8853853739123902,0.33655805497116087,0.6509991545157486,-0.07049824271242505,-0.08887200911507785,-0.08558792924037462,0.44878720196989896,0.07577204657291435,0.44232743207197883,Advertising Agencies,Communication Services,IPG
2021Q2,2021,Q2,2021-07-26,2021-06-30,263300000.0,2509600000.0,384400000.0,0.66,483700000.0,0.19273987886515778,17321700000.0,3062900000.0,8782500000.0,8796700000.0,14210400000.0,0.0,2777500000.0,12778317000.0,15552817000.0,7.787693872362064,0.9983857582957245,0.2953001148847977,1.6700186098142284,0.029543953784388618,7.787693872362064,0.08596428221620034,5.091774386356391,12.132849411317888,4.171966763524765,0.40296240030383595,0.0,0.008303127868873498,0.1448818533977612,0.9409892345993384,0.01520058654750977,29.416015193370164,0.19273987886515778,1.8695652173913044,0.7071532944182812,0.3311382148192718,0.5613631581138815,0.41556921275973074,1.871319520174482,0.5818930041152264,0.7613594232893421,0.023373804902150307,0.44897869206872393,Advertising Agencies,Communication Services,IPG
2021Q1,2021,Q1,2021-04-28,2021-03-31,91700000.0,2257000000.0,243000000.0,0.23,341700000.0,0.151395657953035,16349700000.0,2874000000.0,7770200000.0,7984500000.0,13428100000.0,0.0,2623100000.0,11431800000.0,14552300000.0,7.340996168582375,0.9731604984657775,0.3141219716569723,1.7869867780097426,0.019944126876618805,7.340996168582375,0.031906750173973555,5.065042091271599,31.16630316248637,3.9776617954070983,1.1897491821155943,0.0,0.00954355394601025,0.13804534639779323,0.9140584883211221,0.005608665602426956,-41.10679611650485,0.151395657953035,-0.1785714285714286,16.376197909275813,0.32575290362217807,0.5147067036487764,-0.4040809208231601,-0.1834372217275156,0.08773500447627573,7.368989973098556,0.01899564255952329,0.3348531804763969,Advertising Agencies,Communication Services,IPG
2020Q4,2020,Q4,2021-02-22,2020-12-31,112300000.0,2550000000.0,223400000.0,0.28,573400000.0,0.22486274509803922,18042200000.0,2895000000.0,9367600000.0,9580500000.0,15098800000.0,0.0,2636900000.0,9184560000.0,11851360000.0,7.4135723431498075,0.9777777777777777,0.28687188923745444,1.7878411053540588,0.015197188687067782,7.4135723431498075,0.038791018998272885,3.6017882352941175,20.446482635796972,3.172559585492228,0.8860195903829029,0.0,0.010833398660360432,0.14133531387524803,0.9369135222587548,0.006224296371839354,6.262484658393563,0.22486274509803922,-0.6056338028169014,-0.5543227724535317,0.19945276213914354,0.5215645297515301,0.5217622080679406,-0.5984983911333571,-0.10136765888978279,-0.6501987749156167,0.07421508586293096,0.2971225394579694,Advertising Agencies,Communication Services,IPG
2020Q3,2020,Q3,2020-10-23,2020-09-30,279700000.0,2125500000.0,248600000.0,0.71,376800000.0,0.17727593507410022,16074700000.0,2722600000.0,7284300000.0,7227900000.0,13314100000.0,0.0,2623400000.0,6494632000.000001,10565732000.0,6.988193018480493,1.007803096335035,0.3545384983856619,2.0932564460442222,0.03544418599948074,6.988193018480493,0.10273268199515169,3.0555784521289113,5.804998212370397,2.3854521413354886,0.3553807651054701,0.0,0.015304947224107537,0.13222641791137626,0.932857399798005,0.017400013686103007,10.004054220579176,0.17727593507410022,6.916666666666667,2.9068422509958523,0.19201325043464573,0.5282688455481537,0.6361267911419887,7.133771929824562,5.1382716049382715,0.9126416444520602,0.11686872724258665,0.35189290786637123,Advertising Agencies,Communication Services,IPG
2020Q2,2020,Q2,2020-07-31,2020-06-30,-45600000.0,2025700000.0,40500000.0,-0.12,230300000.0,0.1136890951276102,14896900000.0,2450400000.0,6214300000.0,6366500000.0,12405800000.0,0.0,2444300000.0,6682104000.0,11169504000.0,6.292758089368259,0.9760936150160999,0.3740912538850365,2.274240940254652,0.007415167555385729,6.292758089368259,-0.01860920666013712,3.2986641654736633,-36.63434210526316,2.7269441723800196,-2.175438596491228,0.0,0.014845623474282952,0.1359813115480402,0.8946359852352156,-0.003061039545140264,-58.41,0.1136890951276102,-13.0,-1.3966244082035322,0.1382465926444194,0.30207026346371807,0.34599649327878435,-10.702127659574469,-0.466403162055336,-1.485106646078851,0.08270258731551904,0.24522017576755006,Advertising Agencies,Communication Services,IPG
2020Q1,2020,Q1,2020-04-23,2020-03-31,4700000.0,2359800000.0,75900000.0,0.01,171100000.0,0.07250614458852445,16428900000.0,2532500000.0,7596700000.0,7795900000.0,13853700000.0,0.0,2591100000.0,6276863000.000001,9203763000.0,6.532112458086149,0.9744481073384728,0.27274497988301105,1.7693583415597236,0.0012273751082876121,6.532112458086149,0.0018558736426456072,2.6599131282312065,333.8756914893617,2.478524383020731,21.27659574468085,0.0,0.01593152503089521,0.14363712725745484,0.9145191703331238,0.0002860812348970412,-19.51154180913895,0.07250614458852445,-0.9880952380952381,3.7687071905539793,0.49297610964361754,0.4039585044801674,-0.7056090846524432,-0.9857099422316814,-0.8455119071850193,-0.7791399487736262,0.35934013329636594,0.30342763618560603,Advertising Agencies,Communication Services,IPG
2019Q4,2019,Q4,2020-02-21,2019-12-31,328900000.0,2901800000.0,491300000.0,0.84,581200000.0,0.20028947549796677,17751900000.0,2775900000.0,8770700000.0,9420400000.0,14926300000.0,0.0,2689900000.0,8937390000.0,11338690000.0,7.174722150426467,0.9310326525412934,0.2024290357651857,1.2945351057314745,0.04864990276986687,7.174722150426467,0.1184840952483879,3.0799469294920394,6.793394648829431,3.2196368745271804,0.2763757981149286,0.0,0.010170754549146899,0.16346419256530287,0.8848350388518534,0.0185275942293501,8.5862138533961,0.20028947549796677,1.0,0.13849926966354656,0.40582821957647686,0.4025339288529175,0.6184906711222501,0.9861111111111112,0.752764894755619,0.053244952939238775,0.3032902861265509,0.3996594944191238,Advertising Agencies,Communication Services,IPG
2019Q3,2019,Q3,2019-10-25,2019-09-30,165600000.0,2438100000.0,280300000.0,0.42,359100000.0,0.14728682170542637,15997600000.0,2469000000.0,7050000000.0,7398400000.0,13494500000.0,0.0,2455500000.0,8337251999.999999,11693552000.0,6.384794414274632,0.9529087370242214,0.24233635045256788,1.5701903604698257,0.025179155500391848,6.384794414274632,0.06707168894289185,3.419569336778639,12.586431159420288,3.3767727825030374,0.5483091787439613,0.0,0.01089087867321271,0.15240411061659248,0.8903276384083045,0.010351552732909936,48.78438853130485,0.14728682170542637,-0.023255813953488393,1.0013128841678105,0.4355596350362102,0.28474334875626445,0.004756575265808618,-0.023008849557522124,0.060938682816048445,0.32434392219365443,0.30447079523809784,0.30793898143454274,Advertising Agencies,Communication Services,IPG
2019Q2,2019,Q2,2019-07-25,2019-06-30,169500000.0,2520200000.0,264200000.0,0.43,357400000.0,0.14181414173478296,16526900000.0,2423900000.0,7475400000.0,7731300000.0,14068500000.0,0.0,2381800000.0,8701086000.0,12119286000.0,6.276281719316416,0.9669007799464514,0.2439779995038392,1.6635174718428978,0.02579292972168618,6.276281719316416,0.06992862741862288,3.452537893817951,12.833460176991151,3.589705020834193,0.5356932153392331,0.0,0.01043547897354422,0.15249078774603828,0.9029658660251186,0.010256006873642365,35.48566884176183,0.14181414173478296,22.5,0.8593292015167128,0.4842522631969637,0.20720880281557708,0.8375321336760926,22.1875,4.2629482071713145,0.11918798946047819,0.36133600186139214,0.25833850265509023,Advertising Agencies,Communication Services,IPG
2019Q1,2019,Q1,2019-04-26,2019-03-31,-8000000.0,2361200000.0,50200000.0,-0.02,194500000.0,0.08237336947314924,16050000000.0,2315300000.0,7247000000.0,7531100000.0,13695400000.0,0.0,2303100000.0,8139865000.000001,11708565000.0,6.021586475942783,0.9622764270823652,0.2616323987538941,1.8136742538763875,-0.0444015870894675,6.021586475942783,-0.0034552757741977283,3.4473424529900054,-254.37078125000002,3.515684792467499,-11.325,0.0,0.011130405725402078,0.14711526479750778,0.8943447836305454,-0.0004984423676012461,-64.44865399841648,0.08237336947314924,-1.0238095238095237,0.5790966955158318,0.5855870874239372,0.19035289041921105,-0.680623973727422,-1.024524831391784,-0.8906556305815726,-2.543514906323749,0.4122098121973907,0.24246589866735963,Advertising Agencies,Communication Services,IPG
2018Q4,2018,Q4,2019-02-25,2018-12-31,326200000.0,2856000000.0,459100000.0,0.84,609000000.0,0.21323529411764705,15620300000.0,2393200000.0,8182900000.0,8123900000.0,13187500000.0,0.0,2400100000.0,7909542000.0,10970142000.0,6.242044861763172,1.0072625216952449,0.2390479056100075,1.5602540531505933,0.06338935925063573,6.242044861763172,0.13630285809794418,2.7694474789915966,6.061880748007357,3.305006685609226,0.24678111587982832,0.0,0.01017758044650373,0.18283899797058956,0.9478944841763193,0.020883081630954592,9.641079960994636,0.21323529411764705,1.048780487804878,0.8730125155096526,0.4917930503515432,0.19785720058483408,0.8606782768102658,1.0260869565217392,0.7542988154375239,0.3185408033064855,0.3682646323661342,0.2811197645562267,Advertising Agencies,Communication Services,IPG
2018Q3,2018,Q3,2018-10-25,2018-09-30,161000000.0,2297500000.0,261700000.0,0.41,327300000.0,0.14245919477693145,13513100000.0,2137900000.0,8330500000.0,6691700000.0,11342900000.0,0.0,2158400000.0,8761540000.0,10245440000.0,5.587820177731312,1.2449003990017484,0.24747097261176193,1.5641985125590532,0.034807664725951516,5.587820177731312,0.07530754478694046,3.8135103373231773,13.604875776397515,4.098199167407269,0.4993788819875776,0.0,0.009176468976915018,0.1700202026182001,1.1753664987970172,0.011914364579556134,46.90331905781584,0.14245919477693145,0.10810810810810806,2.65656037637219,0.4821713946215784,0.018504355334765774,0.016459627329192546,0.10425240054869685,0.05016051364365971,1.289988323863775,0.31204725304147746,0.22201711795433135,Advertising Agencies,Communication Services,IPG
2018Q2,2018,Q2,2018-07-25,2018-06-30,145800000.0,2391800000.0,249200000.0,0.37,322000000.0,0.13462664102349695,12357600000.0,2061700000.0,7145600000.0,7585300000.0,10266000000.0,0.0,2076700000.0,8991584000.0,10538784000.0,5.374608967674661,0.9420326157172426,0.16511296691914287,0.9896687199883591,0.042481475929730506,5.374608967674661,0.07071833923461221,3.759337737269002,15.417668038408781,4.361247514187322,0.551440329218107,0.0,0.008941694811503734,0.19354890917330225,0.8815340197487245,0.011798407457758788,67.35268913857678,0.13462664102349695,10.25,0.9513703132792308,0.5092576825093612,-0.025403629160731044,1.6855713094245204,11.340425531914894,5.422680412371134,0.28732874590900154,0.36427977546881224,0.11209082173015188,Advertising Agencies,Communication Services,IPG
2018Q1,2018,Q1,2018-04-27,2018-03-31,-14100000.0,2169100000.0,38800000.0,-0.04,119900000.0,0.05527638190954774,12240100000.0,2108500000.0,6963500000.0,7322500000.0,10099800000.0,0.0,2010500000.0,8829702000.0,10322102000.0,5.499478351591027,0.9509730283373165,0.17072572936495617,0.9910837087977235,0.08749146459593794,5.499478351591027,-0.006687218401707375,4.07067539532525,-156.555,4.187669907517193,-5.7304964539007095,0.0,0.009150931707548,0.17721260447218568,0.8905291908501195,-0.0011519513729462995,-11.730705460342765,0.05527638190954774,-1.0493827160493827,0.7294368142940929,0.5186987458463366,-0.06998573746417201,-0.8818951930654059,-1.0445356917245736,-0.9251398803781594,-7.399278386367588,0.3877170630074089,0.1820126263078745,Advertising Agencies,Communication Services,IPG
2017Q4,2017,Q4,2018-02-26,2017-12-31,316600000.0,2341000000.0,518300000.0,0.81,1015200000.0,0.43366082870568134,12695200000.0,2201000000.0,7464100000.0,7678200000.0,10459400000.0,0.0,2093600000.0,7763616000.0,8345216000.0,5.715398597766814,0.9721158604881353,0.10811172726699855,0.6235801908223535,0.09674171418428154,5.715398597766814,0.14384370740572466,3.316367364374199,6.130461149715729,3.5273130395274874,0.21825647504737838,0.0,0.008900491729627018,0.18440040330203541,0.9277304576593473,0.024938559455542252,7.974133114215284,0.43366082870568134,1.1891891891891893,0.07692540163467414,0.22032528937447132,-0.02201185689704439,0.504,1.1655266757865936,1.365586490187129,0.10104483630651281,0.13943985288336883,0.11726144681573075,Advertising Agencies,Communication Services,IPG
2017Q3,2017,Q3,2017-10-26,2017-09-30,146200000.0,1902600000.0,219100000.0,0.37,675000000.0,0.3547776726584674,11716100000.0,2013400000.0,6463800000.0,6946300000.0,9675900000.0,0.0,1849800000.0,8097705000.0,9491505000.0,5.169191270860077,0.9305385600967422,0.1791295738342964,1.0423661468163306,0.041506034162234175,5.169191270860077,0.07261348961954903,4.25612582781457,13.846964774281806,4.021905731598292,0.4774281805745554,0.0,0.008619726206375758,0.16239192222667953,0.8843988886169616,0.012478555150604724,-315.0857976653696,0.3547776726584674,0.5416666666666667,1.2610301130944268,0.26124369217830107,-0.06942474533685974,0.04553903345724907,0.5438225976768744,0.061016949152542375,0.7541581337306066,0.11220265219298413,0.04014063300750941,Advertising Agencies,Communication Services,IPG
2017Q2,2017,Q2,2017-07-27,2017-06-30,94700000.0,1884900000.0,206500000.0,0.24,645600000.0,0.3425115390736909,11678200000.0,1982500000.0,6486500000.0,6946200000.0,9665900000.0,0.0,1774900000.0,9650580000.0,10815480000.0,5.0535304613815955,0.9338199303216147,0.15606000924800054,0.9192938209331651,0.030214197260481388,5.0535304613815955,0.04776796973518285,5.119942702530638,25.476715945089758,4.867883984867592,0.7444561774023232,0.0,0.007305260409218927,0.1614032984535288,0.8844692061846765,0.00810912640646675,55.27250859106529,0.3425115390736909,3.8,0.036182529392473434,0.2249191765760875,-0.08811294397346957,0.3492163009404389,3.4046511627906977,5.952861952861953,0.022658253882202155,0.0928359882034005,-0.02798078048335548,Advertising Agencies,Communication Services,IPG
2017Q1,2017,Q1,2017-04-21,2017-03-31,21500000.0,1753900000.0,29700000.0,0.05,478500000.0,0.2728205712982496,11697900000.0,1963000000.0,6589500000.0,6990700000.0,9701500000.0,0.0,1751200000.0,9624069000.0,10765869000.0,5.011488383967322,0.9426094668631182,0.16385847032373332,0.9764645950076414,0.008741220987986286,5.011488383967322,0.010952623535404993,5.487239295284794,111.90777906976744,4.9027350993377485,3.297674418604651,0.0,0.007366946350862613,0.14993289393822823,0.881499706753258,0.0018379367236854478,-24.26643721633888,0.2728205712982496,-0.9358974358974358,1.5585907582333418,0.30038801548375144,-0.08391022314044021,-0.4990053397549995,-0.9323047858942065,-0.9387755102040817,2.1103849860685786,0.15612535688046042,-0.009324252505431249,Advertising Agencies,Communication Services,IPG
2016Q4,2016,Q4,2017-02-21,2016-12-31,317600000.0,2264500000.0,485100000.0,0.78,955100000.0,0.4217708103334069,12485200000.0,2017100000.0,7438000000.0,7706000000.0,10428500000.0,0.0,1804300000.0,9211835000.0,9804535000.0,5.126048284625159,0.9652219050090838,0.13538429500528626,0.8379852263150067,0.0993732693674456,5.126048284625159,0.15745377026424073,4.06793331861338,7.251129565491184,4.566870755044371,0.18513853904282115,0.0,0.006383093053664118,0.18137474770127832,0.9094731378146899,0.025438118732579375,19.939036796536797,0.4217708103334069,1.4375,0.348582662228374,0.21503673329057377,-0.08877656523866864,0.3774156331122008,1.4696734059097978,1.3412162162162162,0.7768247222966156,0.15247117906044844,-0.0163041143941156,Advertising Agencies,Communication Services,IPG
2016Q3,2016,Q3,2016-10-27,2016-09-30,128600000.0,1922200000.0,207200000.0,0.32,693400000.0,0.36073249401727187,11839500000.0,1941400000.0,6733200000.0,6815100000.0,9864000000.0,0.0,1546600000.0,8888595000.0,9737795000.0,4.8815690218757855,0.9879825681207905,0.14703323620085307,0.8966725043782837,0.03798201107540723,4.8815690218757855,0.0662408571134233,4.624178025179482,17.279539269051323,4.578445966828062,0.46267496111975115,0.0,0.006693971319426749,0.16235482917352928,0.9468239644319232,0.010861945183495925,18.98055733504164,0.36073249401727187,-0.15789473684210525,-0.2878432503482703,0.3009154506352447,-0.04630239449017175,0.0065321527072144,-0.18036966220522627,-0.07829181494661921,1.8098116967594726,0.19297365994198462,-0.11022560649645308,Advertising Agencies,Communication Services,IPG
2016Q2,2016,Q2,2016-07-28,2016-06-30,156900000.0,1917900000.0,224800000.0,0.38,688900000.0,0.35919495281297253,11633900000.0,1995600000.0,6625400000.0,6682300000.0,9605800000.0,0.0,1475300000.0,9242310000.0,10389510000.0,4.9877530617345665,0.9914849677506248,0.15642218000842364,0.9119061936259771,0.046408109368849565,4.9877530617345665,0.07862297053517739,4.818973877678711,14.726434034416826,4.63134395670475,0.38368387507966856,0.0,0.006513523134367923,0.16485443402470368,0.9473983508672164,0.013486449084142033,157.98820512820512,0.35919495281297253,37.0,0.7736815796050988,0.3028260284271151,-0.04217162952320849,0.46232222458076844,28.055555555555557,9.75598086124402,1.0133309064038338,0.1603113485379935,-0.09555354410981352,Advertising Agencies,Communication Services,IPG
2016Q1,2016,Q1,2016-04-22,2016-03-31,5400000.0,1742000000.0,20900000.0,0.01,471100000.0,0.27043628013777266,11516800000.0,1941500000.0,6486000000.0,6539400000.0,9542900000.0,0.0,1379000000.0,9193770000.0,10263970000.0,4.846480279580629,0.9918341132213965,0.15139622117254792,0.8980685037342261,-0.001134297576727904,4.846480279580629,0.002781354622714396,5.277709529276693,425.6375,4.735395312902394,11.092592592592593,0.0,0.006515281543915064,0.15125729369269242,0.9440315625286724,0.00046888024451236454,-13.598239905339447,0.27043628013777266,-0.9841269841269841,1.1419552087797507,0.40349551615078044,-0.07645437644406108,-0.5098324836125273,-0.9792547061083365,-0.9542068361086766,1.099170959369117,0.16729701300285468,-0.18041394202331412,Advertising Agencies,Communication Services,IPG
2015Q4,2015,Q4,2016-02-22,2015-12-31,260300000.0,2196200000.0,456400000.0,0.63,961100000.0,0.43761952463345777,12585100000.0,1965500000.0,7693100000.0,7584300000.0,10583300000.0,0.0,1437600000.0,9391152000.0,9650552000.0,4.872335151214675,1.0143454240997851,0.14003067119053483,0.8966166369880437,0.08081964600859404,4.872335151214675,0.13243449503943017,4.276091430652946,9.019546676911258,4.777996438565251,0.18555512869765656,0.0,0.00514313898869915,0.17450794987723578,0.9842833221259708,0.020683188850307108,11.057520310844225,0.43761952463345777,2.5,0.5520275736081607,0.2879973505521161,-0.0829452226262612,0.4489672847881803,2.4753004005340453,1.378322042730589,-0.1547474236227989,0.09290826357197773,-0.16627232106373696,Advertising Agencies,Communication Services,IPG
2015Q3,2015,Q3,2015-10-22,2015-09-30,74900000.0,1865500000.0,191900000.0,0.18,663300000.0,0.3555615116590726,11474100000.0,1863800000.0,6668800000.0,6572600000.0,9582500000.0,0.0,1226200000.0,7797388000.0,8674688000.0,4.572620215897939,1.0146365213157655,0.1526568532608222,0.9398004077690739,0.029746870203123887,4.572620215897939,0.0401867153128018,4.179784508174752,26.02599465954606,4.18359695246271,0.650200267022697,0.0,0.006245681246078816,0.16258355775180625,0.9615220764994066,0.006527745095475898,31.189552,0.3555615116590726,-0.3793103448275862,0.925611505024837,0.39198018592413025,-0.05464796111373552,-0.011328066775972574,-0.382013201320132,-0.11075069508804448,0.10691450430644563,0.18173488148079212,-0.17682147962401648,Advertising Agencies,Communication Services,IPG
2015Q2,2015,Q2,2015-07-23,2015-06-30,121200000.0,1876100000.0,215800000.0,0.29,670900000.0,0.35760353925696925,11499300000.0,1983900000.0,6637400000.0,6433600000.0,9486200000.0,0.0,1201800000.0,7910335000.0,8844235000.0,4.832886723507917,1.0316774434220344,0.15503552390145486,0.8986340037300267,0.035144504730971214,4.832886723507917,0.061091788900650236,4.216371728585896,16.316697607260725,3.9872649831140685,0.40594059405940597,0.0,0.006219711301733744,0.16314906124720635,0.9768558816214872,0.010539771986120895,34.28840485478977,0.35760353925696925,67.24029237094564,0.6927649208282584,0.3362235808722962,0.05358133392600107,0.4559461805555556,68.33333333333333,26.666666666666668,0.26734265759342307,0.16514573406294245,-0.12792712340661602,Advertising Agencies,Communication Services,IPG
2015Q1,2015,Q1,2015-04-24,2015-03-31,-1800000.0,1676000000.0,7800000.0,-0.004378,460800000.0,0.2749403341288783,11200200000.0,1912700000.0,6387500000.0,6224900000.0,9255500000.0,0.0,1126200000.0,9093532000.0,10117532000.0,4.652639260520554,1.026120901540587,0.15698826806664168,0.9192764155382444,0.0015935712339961864,4.652639260520554,-0.000941078057196633,5.42573508353222,-1262.9905555555556,4.754290793119674,-27.38888888888889,0.0,0.005421435807340866,0.14964018499669648,0.9671480666356086,-0.0001607114158675738,-11.129031942234732,0.2749403341288783,-1.0059972602739726,0.9680559519766118,0.43251128750425544,-0.09534680329908936,-0.5101520144573191,-1.005827128520557,-0.981986143187067,0.9554411590005262,0.18399055878170278,-0.14950710539128842,Advertising Agencies,Communication Services,IPG
2014Q4,2014,Q4,2015-02-23,2014-12-31,308900000.0,2207100000.0,433000000.0,0.73,940700000.0,0.4262153957682026,12747200000.0,2116300000.0,7810200000.0,7463300000.0,10596000000.0,0.0,1183300000.0,8592549000.0,8664749000.0,5.115542663766014,1.046480779279943,0.13593573490648928,0.8187875064971885,0.08887173791335465,5.115542663766014,0.14596229268062183,3.89313986679353,6.954151019747491,4.060175305958512,0.12657818064098414,0.0,0.004550454120191808,0.17314390611271496,1.000629748234695,0.024232772687335258,8.625325235896407,0.4262153957682026,2.4761904761904763,1.5799747575169223,0.39595684095543765,-0.03472984848743951,0.45641740207462456,2.443701226309922,1.527729130180969,0.2475966568104653,0.126414699700369,-0.0906440794312842,Advertising Agencies,Communication Services,IPG
2014Q3,2014,Q3,2014-10-23,2014-09-30,89700000.0,1841100000.0,171300000.0,0.21,645900000.0,0.3508228776275053,11778400000.0,2083300000.0,6900900000.0,6644300000.0,9662500000.0,0.0,915200000.0,7679744000.0,8541044000.0,4.969704198473282,1.0386195686528303,0.1491968348841948,0.8435174962799404,0.026195063767318102,4.969704198473282,0.043056688907022515,4.171280212916192,21.40396878483835,3.686336101377622,0.443701226309922,0.0,0.005182464415480516,0.1563115533518984,0.9781165811296901,0.007615635400393941,54.66009964412812,0.3508228776275053,-0.0869565217391305,3.1774739872034465,0.44838183870106485,0.0070398489950814205,-0.05182031708749266,-0.09758551307847083,-0.12512768130745658,-0.5287391239463116,0.18212171128988397,-0.02908368745037657,Advertising Agencies,Communication Services,IPG
2014Q2,2014,Q2,2014-07-24,2014-06-30,99400000.0,1851400000.0,195800000.0,0.23,681200000.0,0.36793777681754347,12339700000.0,2189300000.0,7401600000.0,7138200000.0,10117800000.0,0.0,865500000.0,8215661000.000001,9079061000.0,5.199002612206127,1.0369000588383626,0.14250751639018777,0.803224775042251,0.030387872531314194,5.199002612206127,0.045402640113278214,4.437539699686724,20.663131287726358,3.752642853880236,0.4014084507042254,0.0,0.004856578186466068,0.15003606246505183,0.9767588467680928,0.008055301182362619,60.232118768328455,0.36793777681754347,5.6000000000000005,2.9661233255143693,0.3928667238853156,0.09114581243776142,0.5174871909111161,5.755980861244019,17.735042735042736,0.06763402597131342,0.19493432527417112,-0.0016041013822378776,Advertising Agencies,Communication Services,IPG
2014Q1,2014,Q1,2014-04-23,2014-03-31,-20900000.0,1637500000.0,-11700000.0,-0.05,448900000.0,0.2741374045801527,11759200000.0,2138800000.0,6881900000.0,7160200000.0,9587900000.0,0.0,805000000.0,7246792000.0,8130792000.0,5.058656575212867,0.9611323706041731,0.1407408667256276,0.77379839162147,-0.002865530602562075,5.058656575212867,-0.009771834673648776,4.425521832061069,-86.6841148325359,3.388251355900505,-1.923444976076555,0.0,0.005547282162921194,0.13925267024967686,0.9053797379961454,-0.0017773317912783183,-9.632848597633922,0.2741374045801527,-1.1136363636363635,0.6576624917042037,0.35597009827160386,0.1085371922635166,-0.5137038240710649,-1.108234075608493,-1.0360665844636252,0.47942917423665243,0.2500291879289503,-0.03602204659861293,Advertising Agencies,Communication Services,IPG
2013Q4,2013,Q4,2014-02-24,2013-12-31,193100000.0,2122700000.0,324400000.0,0.44,923100000.0,0.43487068356338626,12905000000.0,2215200000.0,8084000000.0,8165300000.0,10654200000.0,0.0,864500000.0,7524270000.0,7549970000.0,5.2110091743119265,0.9900432317244927,0.12882603641999224,0.750496569158541,0.056171404395209706,5.2110091743119265,0.08717045864933189,3.544669524661987,9.741416364577939,3.3966549295774646,0.18021750388399793,0.0,0.004625033391943671,0.16448663308795042,0.9483913634526594,0.014963192561022859,7.988395795732031,0.43487068356338626,3.0,-0.02870888606313282,0.21828992424787225,-0.023304145709834412,0.5212590639419907,2.997929606625259,1.2925795053003533,0.09257768792980252,0.18134430303617013,-0.019201120216497787,Advertising Agencies,Communication Services,IPG
2013Q3,2013,Q3,2013-10-24,2013-09-30,48300000.0,1700400000.0,141500000.0,0.11,606800000.0,0.35685721006821924,11532000000.0,2302600000.0,6762800000.0,6447400000.0,9198500000.0,0.0,710400000.0,7210446000.0,7880646000.0,5.48629973790803,1.048918944070478,0.14477107180020812,0.7250499435420829,0.022484426275871605,5.48629973790803,0.020976287674802398,4.240441072688779,37.32114906832298,3.1314366368453053,0.7101449275362319,0.0,0.004756987293157732,0.1474505723204995,0.9904302509538728,0.004188345473465141,62.052030981067126,0.35685721006821924,-0.38888888888888884,0.16542763430584212,0.07759664127907469,0.053071012692893764,-0.04591194968553459,-0.4166666666666667,-0.19050343249427917,0.20594969285850653,0.23220822224558882,0.13424784878051557,Advertising Agencies,Communication Services,IPG
2013Q2,2013,Q2,2013-07-25,2013-06-30,82800000.0,1756200000.0,174800000.0,0.18,636000000.0,0.3621455415100786,12336700000.0,2344300000.0,7604100000.0,7220400000.0,9960300000.0,0.0,696500000.0,6253221000.0,6898721000.0,5.514702422959304,1.0531411002160544,0.183144601068357,0.963784498571002,0.022052579837633316,5.514702422959304,0.035319711641001575,3.560654253501879,18.8804981884058,2.667415006611782,0.4178743961352657,0.0,0.005533148436621702,0.14235573532630283,0.9988643288460473,0.006711681405886501,40.421596638655465,0.3621455415100786,2.2857142857142856,-0.05683353777585815,0.03636036303273713,0.04826238990042075,0.5478218544658068,2.4706927175843694,5.122641509433962,0.11672547635850392,0.207867170738938,0.20221885332522951,Advertising Agencies,Communication Services,IPG
2013Q1,2013,Q1,2013-04-25,2013-03-31,-56300000.0,1543000000.0,-42400000.0,-0.14,410900000.0,0.26629941672067403,12218300000.0,2449300000.0,7448200000.0,6408200000.0,9735900000.0,0.0,648700000.0,5347322000.0,5934822000.0,5.913326895219701,1.1622920632939047,0.1827750178011671,0.9117707099987752,-0.007473556770414264,5.913326895219701,-0.0229861593108235,3.465535968891769,-23.744769094138544,2.183204180786347,-0.6021314387211367,0.0,0.006339621964041066,0.12628598086476842,1.099872038950095,-0.0046078423348583685,-6.74400554924959,0.26629941672067403,-1.1833902593295382,0.006104931000439638,0.1517885857343072,0.16670950858678638,1.1764579575710727,-1.1780518659076533,-1.1034398633813125,0.008339026479483013,0.30896292767565564,0.1497796797380441,Advertising Agencies,Communication Services,IPG
2012Q4,2012,Q4,2013-02-22,2012-12-31,316200000.0,2063300000.0,409900000.0,0.7633993239980685,-2328600000.0,-1.1285804294091988,13493900000.0,2420600000.0,8738300000.0,7701700000.0,11037300000.0,0.0,738300000.0,4564484000.0,4439184000.0,5.844036697247707,1.1345936611397485,0.1815264675149512,1.011939188630918,0.05936502568267207,5.844036697247707,0.13062876972651408,2.212225076334028,3.6088583175205566,1.8856828885400312,0.08918406072106262,0.0,0.006178135359878575,0.1529061279541126,1.0914733110871626,0.023432810380986966,6.230526890526891,-1.1285804294091988,4.08932882665379,0.96498301334032,0.15382771632274908,0.1506653166006976,-2.394037356321839,3.416201117318436,2.119482496194825,1.6377573416443525,0.3034302176144601,0.1027323118920783,Advertising Agencies,Communication Services,IPG
2012Q3,2012,Q3,2012-10-26,2012-09-30,71600000.0,1670400000.0,131400000.0,0.15,1670400000.0,1.0,11728700000.0,2395800000.0,6974500000.0,6914400000.0,9081900000.0,0.0,450900000.0,4783117000.0,5276517000.0,5.554834222119174,1.008692005090825,0.1432980637240274,0.7015193254862676,0.01975123181356193,5.554834222119174,0.029885633191418317,2.8634560584291187,16.70082751396648,1.9964592203021956,0.40083798882681565,0.0,0.0060002713711581794,0.1424198760305916,0.9480359828763161,0.006104683383495187,-32.80601508916324,1.0,-0.31818181818181823,4.476350038695798,0.13861870883035768,0.24005596761128029,-0.026403217345689806,-0.29735034347399414,-0.25510204081632654,2.2409784950064124,0.2772267028026051,0.12560812330723617,Advertising Agencies,Communication Services,IPG
2012Q2,2012,Q2,2012-07-26,2012-06-30,101900000.0,1715700000.0,176400000.0,0.22,1715700000.0,1.0,11851600000.0,2424000000.0,7237300000.0,7015200000.0,9176900000.0,0.0,408200000.0,4745790000.0,4877190000.0,5.541838134430727,1.0316598243813433,0.13782105369739106,0.6738448844884488,0.02943257485260592,5.541838134430727,0.042037953795379536,2.76609547123623,11.643253189401374,1.9578341584158414,0.26692836113837093,0.0,0.00573139561590378,0.14476526376185495,0.9636361044588893,0.008597995207398157,38.86805896805897,1.0,3.1999999999999997,-0.22236456967014778,0.08534984071872082,0.26980788599818195,0.1386381736129546,3.369767441860465,5.477157360406092,2.914357402966516,0.24267373043146243,0.16309875655670053,Advertising Agencies,Communication Services,IPG
2012Q1,2012,Q1,2012-04-26,2012-03-31,-43000000.0,1506800000.0,-39400000.0,-0.1,1506800000.0,1.0,11765900000.0,2393900000.0,7112500000.0,6987100000.0,9337800000.0,0.0,335700000.0,4993016000.0,5040916000.0,5.470521023765996,1.0179473601351061,0.13777101624185145,0.6771377250511718,-0.006928021603447526,5.470521023765996,-0.0179623208989515,3.3136554287231217,-29.029162790697676,2.0857245498976567,-0.7186046511627907,0.0,0.006188644298355943,0.12806500140235766,0.9683989065563682,-0.003654629055150902,-9.585363793434441,1.0,-1.1670866743031691,0.6440981423694555,0.1552918999386222,0.3638915182270607,-0.27299044678181994,-1.164184803360061,-1.1022579807941864,0.31949029987175637,0.20554126546629906,0.19879179891726742,Advertising Agencies,Communication Services,IPG
2011Q4,2011,Q4,2012-02-24,2011-12-31,261900000.0,2072600000.0,385300000.0,0.598491773308958,2072600000.0,1.0,12876600000.0,2461700000.0,8286800000.0,8032600000.0,10135900000.0,0.0,405100000.0,4257848000.0,3724348000.0,5.625457038391225,1.0316460423773124,0.13739651771430347,0.7186903359467035,0.06803062009027791,5.625457038391225,0.10638989316326117,2.054351056643829,4.064383352424589,1.7296372425559572,0.1344024436807942,0.0,0.008267087035516534,0.16095863814982217,0.8392052386524911,0.020339219980429618,6.447377347062386,1.0,0.4962294332723949,3.277621451863399,0.15057680187951836,0.32186355225517826,0.20046336518969013,0.24123222748815165,1.2245958429561201,0.27972434477122815,0.15555685434543584,0.054375531512978095,Advertising Agencies,Communication Services,IPG
2011Q3,2011,Q3,2011-10-28,2011-09-30,211000000.0,1726500000.0,173200000.0,0.4,1726500000.0,1.0,11825900000.0,2378600000.0,7229300000.0,7116600000.0,9154700000.0,0.0,176200000.0,3345840000.0,3285440000.0,5.118571121153432,1.0158362139223787,0.14583245249832993,0.7250483477675944,0.031860377733405346,5.118571121153432,0.08870764315143362,1.9379322328410078,3.9642654028436017,1.406642562852098,0.176303317535545,0.0,0.011118284197690264,0.14599311680294946,0.7662647893657083,0.0178421938287995,26.22131661442006,1.0,1.105263157894737,32.44360098840186,0.09174318526430723,0.16808417892988595,-0.008157637731946919,1.0172084130019121,-0.004597701149425287,3.598190216129651,-0.011815557682746669,-0.01751287177229955,Advertising Agencies,Communication Services,IPG
2011Q2,2011,Q2,2011-07-28,2011-06-30,104600000.0,1740700000.0,174000000.0,0.19,1740700000.0,1.0,12301600000.0,2463600000.0,7593700000.0,7512700000.0,9534000000.0,0.0,-4300000.0,5913750000.0,5870350000.0,5.207355738744451,1.01078174291533,0.14359107758340378,0.7169995129079396,0.028575327883394973,5.207355738744451,0.04245819126481572,3.397340150514161,14.1342017208413,2.4004505601558694,0.37093690248565964,0.0,0.006560980765165927,0.14150191844963256,0.7966376935056637,0.00850295896468752,36.103479853479854,1.0,2.9000000000000004,0.36892724054878134,0.023948250159583632,0.17943082460758322,0.180295633306211,3.314159292035398,4.841059602649007,0.07060151614260472,-0.07700593620039724,-0.010159614591009804,Advertising Agencies,Communication Services,IPG
2011Q1,2011,Q1,2011-04-28,2011-03-31,-45200000.0,1474800000.0,-45300000.0,-0.1,1474800000.0,1.0,12177200000.0,2497900000.0,7474100000.0,7312800000.0,9358500000.0,0.0,-108900000.0,5983320000.0,5877620000.0,5.247689075630252,1.0220572147467455,0.14243832736589693,0.6943832819568437,-0.007634911634061054,5.247689075630252,-0.018095199967973097,4.057038242473555,-33.09358407079646,2.3953400856719647,-0.7632743362831859,0.0,0.005766029562182869,0.12111158558617745,0.9856005907449951,-0.0037118549420227967,-7.309210847788908,1.0,-1.2405255179383528,0.7623260820191766,-0.00536244641036524,0.24847288407153317,-0.2669980119284294,-1.2283981808994442,-1.1369821590565468,0.3056575496440614,-0.042049397189524794,0.0353780284993605,Advertising Agencies,Communication Services,IPG
2010Q4,2010,Q4,2011-02-25,2010-12-31,197900000.0,2012000000.0,330700000.0,0.4157563025210084,2012000000.0,1.0,13070800000.0,2529000000.0,8453500000.0,7740900000.0,10212700000.0,0.0,-63700000.0,5055120000.0,4116420000.0,5.313025210084033,1.0920564792207625,0.13289163631912354,0.6868327402135231,0.13651931824138278,5.313025210084033,0.0782522736259391,2.5124850894632207,6.385952501263263,1.9988612099644127,0.031328954017180395,0.0,0.0012264792922818846,0.1539308994093705,1.062421682233332,0.015140618783854087,5.421040214477212,1.0,4.1969537815126055,5.786815807404042,-0.0450490760580855,0.16349598493589593,0.28908252178370064,3.368653421633554,2.3003992015968064,0.07015299393299934,-0.02093909947333287,0.04611147263124438,Advertising Agencies,Communication Services,IPG
2010Q3,2010,Q3,2010-10-29,2010-09-30,45300000.0,1560800000.0,100200000.0,0.08,1560800000.0,1.0,11950600000.0,2296100000.0,7315800000.0,6873000000.0,9619100000.0,0.0,-261600000.0,4761241000.0,4777741000.0,4.836949652412049,1.064426014840681,0.1626863923150302,0.8467401245590349,0.015298295913461244,4.836949652412049,0.01972910587517965,3.0505131983598153,26.276164459161144,2.073620922433692,0.1986754966887417,0.0,0.0018902634838270109,0.13060432112195203,1.029215771860905,0.00379060465583318,250.59163157894736,1.0,-0.4666666666666666,1.4205784727960173,-0.03038814637784642,0.3781434227713838,-0.03523303251328965,-0.4509090909090909,-0.4345372460496614,2.998337811047208,-0.03335876578002232,0.07979609141613478,Advertising Agencies,Communication Services,IPG
2010Q2,2010,Q2,2010-07-29,2010-06-30,82500000.0,1617800000.0,177200000.0,0.15,1617800000.0,1.0,11704600000.0,2169700000.0,7180800000.0,6735700000.0,9496800000.0,0.0,-306900000.0,3372490000.0,3356490000.0,4.587103594080339,1.0660807339994358,0.16351690788237103,0.8821035166152003,0.02460524423944485,4.587103594080339,0.03802368991104761,2.0846149091358637,10.219666666666667,1.5543577453104114,0.17575757575757575,0.0,0.0042994938457934645,0.13821916169711054,1.0241548762563653,0.0070485108418912226,10.085197368421053,1.0,2.0,4.145348837209303,-0.10101365325131664,0.24304772056986979,0.20614329381942892,2.277089783281734,3.983164983164983,-0.4177983364454252,-0.05360842677706836,0.051048438507334815,Advertising Agencies,Communication Services,IPG
2010Q1,2010,Q1,2010-04-29,2010-03-31,-64600000.0,1341300000.0,-59400000.0,-0.15,1341300000.0,1.0,11389400000.0,2423900000.0,6776700000.0,6174700000.0,8924900000.0,0.0,-389400000.0,3921216000.0,3928716000.0,5.143008699342245,1.0974946151230018,0.17000895569564684,0.7988365856677255,-0.01117104719966974,5.143008699342245,-0.02665126449110937,2.9234444195929323,-15.174984520123838,1.6177301043772434,-0.17647058823529413,0.0,0.0029072614209469713,0.11776739775580804,1.0495408683822696,-0.005671940576325355,-6.941433882103027,1.0,-1.518291788856305,0.5960411338212567,-0.09334962373581955,0.3902328656596781,-0.25532978014656893,-1.4736070381231672,-1.221641791044776,0.5035515137603778,-0.04513513150224237,0.2822372700383069,Advertising Agencies,Communication Services,IPG
2009Q4,2009,Q4,2010-02-26,2009-12-31,136400000.0,1801200000.0,268000000.0,0.28941226395077446,1801200000.0,1.0,12263100000.0,2497700000.0,7637700000.0,6905600000.0,9726800000.0,0.0,-324800000.0,3478194000.0,2929594000.0,5.299596859749629,1.1060154077849862,0.15873637171677635,0.779357008447772,0.03581419927327202,5.299596859749629,0.05461024142210834,1.9310426382411725,6.374989002932551,1.3925587540537294,0.05865102639296188,0.0,0.002300044218350098,0.14687966338038505,1.06619265523633,0.011122799292185499,4.8584914094147225,1.0,8.647075465025814,0.9687466687373709,-0.16469007464786095,0.30708790616416975,0.2624938669657251,4.659751037344399,3.5969125214408235,1.0685265260431531,-0.0715854640002434,0.2452932948808776,Advertising Agencies,Communication Services,IPG
2009Q3,2009,Q3,2009-10-28,2009-09-30,24100000.0,1426700000.0,58300000.0,0.03,1426700000.0,1.0,10978300000.0,2321900000.0,6282200000.0,5602500000.0,8624900000.0,0.0,-461200000.0,3538160000.0,3731760000.0,4.934962805526036,1.1213208389112004,0.1780876820637075,0.8420259270425083,0.011897892266394131,4.934962805526036,0.010379430638701065,2.4799607485806408,36.702904564315354,1.5238210086567037,0.43983402489626555,0.0,0.002995907477332851,0.12995636847235,1.0664703257474342,0.0021952397001357223,32.489990817263546,1.0,-0.25000000000000006,1.0367871059156926,-0.16515115572770103,0.024070111607311016,-0.03235214324470971,-0.13309352517985612,-0.39834881320949433,2.77277291216241,-0.10895505040913706,0.12618381972260825,Advertising Agencies,Communication Services,IPG
2009Q2,2009,Q2,2009-07-28,2009-06-30,27800000.0,1474400000.0,96900000.0,0.04,1474400000.0,1.0,11065100000.0,2225600000.0,6354400000.0,5722500000.0,8805100000.0,0.0,-485300000.0,2358855000.0,2636755000.0,4.764718475701135,1.1104237658366098,0.1842188502589222,0.9158878504672897,0.020427790422292622,4.764718475701135,0.012491013659237958,1.5998745252306024,21.212724820143887,1.0598737419122932,0.6402877697841727,0.0,0.007546033986828356,0.1332477790530587,1.048265618173875,0.002512403864402491,10.825401560348784,1.0,1.25,5.569518780180308,-0.15246170633056316,-0.22906170776393592,0.11250282954802686,1.4149253731343283,2.183150183150183,-0.6315007928051881,-0.12155923431992789,0.07917648087820771,Advertising Agencies,Communication Services,IPG
2009Q1,2009,Q1,2009-04-28,2009-03-31,-67000000.0,1325300000.0,-81900000.0,-0.16,1325300000.0,1.0,10929700000.0,2117400000.0,6269300000.0,5789100000.0,8781600000.0,0.0,-513100000.0,1911680000.0,2378780000.0,4.563362068965517,1.0829489903439222,0.19296961490251333,0.9960800982336828,-0.01443105745217273,4.563362068965517,-0.031642580523283274,1.4424507658643326,-7.133134328358209,0.902843109473883,-0.2,0.0,0.007009541345831938,0.1212567591059224,1.0174465806429325,-0.0061300859126965975,-3.359718804920914,1.0,-1.3421198156682028,-2.531307386247705,-0.1538326105655508,-0.26530421755932826,0.0,-1.3087557603686637,-1.247731397459165,0.638584424004214,-0.08307272042200453,0.08566527498006843,Advertising Agencies,Communication Services,IPG
2008Q4,2008,Q4,2009-02-27,2008-12-31,217000000.0,1901800000.0,330600000.0,0.4676724137931034,0.0,0.0,12125200000.0,2475600000.0,7487600000.0,6877000000.0,9649600000.0,0.0,-446100000.0,1837440000.0,1849940000.0,5.335344827586207,1.0887887160098881,0.17481773496519645,0.8562368718694457,0.056049797729796465,5.335344827586207,0.08765551785425756,0.9661583762751078,2.1168663594470045,0.7422200678623364,0.03179723502304147,0.0,0.0037552246603970744,0.15684689737076501,1.0354660462410934,0.017896612014647182,2.768896925858951,0.0,4.845905172413793,2.885746425567704,0.03964377092477459,-0.1538055883796848,0.0,3.74835886214442,1.8426483233018056,6.38455265610438,-0.07400873041417343,0.16838374366510267,Advertising Agencies,Communication Services,IPG
2008Q3,2008,Q3,2008-10-28,2008-09-30,45700000.0,1740000000.0,116300000.0,0.08,0.0,0.0,12097300000.0,2411100000.0,7241600000.0,6684800000.0,9686200000.0,0.0,-663100000.0,3586700000.0,4021900000.0,5.20980985306828,1.0832934418382,0.1756590313541038,0.8813404670067604,0.01498096431401961,5.20980985306828,0.018954004396333622,2.0613218390804597,19.62089715536105,1.487578283770893,0.15098468271334792,0.0,0.0019237739426213511,0.14383374802641913,0.827070368597415,0.003777702462532962,351.6372549019608,0.0,-0.5294117647058824,1.1164674398283334,0.02227168683934918,0.035466818460533976,0.0,-0.519453207150368,-0.4202392821535394,1.4352020367127778,0.10872997618279091,0.48437873016007194,Advertising Agencies,Communication Services,IPG
2008Q2,2008,Q2,2008-07-30,2008-06-30,95100000.0,1835700000.0,200600000.0,0.17,0.0,0.0,12207000000.0,2422600000.0,7424100000.0,6780800000.0,9784400000.0,0.0,-708800000.0,3960300000.0,4266900000.0,5.2608034744842564,1.0948708117036339,0.17511264028835913,0.8823577974077438,0.02431969143201771,5.2608034744842564,0.03925534549657393,2.1573786566432425,10.410883280757098,1.6347312804424996,0.07255520504731862,0.0,0.0017422922505870768,0.15038092897517819,1.0442573147711185,0.007790611943966576,10.617426273458445,0.0,2.1333333333333333,6.878783930510315,0.02170366517942689,-0.09156289586865879,0.0,2.5143312101910826,4.470588235294118,5.092182410423453,0.047759190637789196,0.4256119647620006,Advertising Agencies,Communication Services,IPG
2008Q1,2008,Q1,2008-04-30,2008-03-31,-62800000.0,1485200000.0,-57800000.0,-0.15,0.0,0.0,11783800000.0,2327400000.0,6942500000.0,6438300000.0,9456400000.0,0.0,-803900000.0,3861872000.0,4524272000.0,5.068379790940766,1.0783125980460682,0.1827593815237869,0.9253243963220761,-0.009432873796695648,5.068379790940766,-0.026982899372690557,2.600237005117156,-15.373694267515924,1.6593073816275674,-0.10987261146496816,0.0,0.0017866982644686308,0.12603744123287905,1.0227855179162202,-0.005329350464196609,-12.072122538293216,0.0,-1.3860986547085201,-5.0714893444615505,-0.13826686053721277,-0.10057754860274944,0.0,-1.352017937219731,-1.2126563649742457,0.5969491599346751,0.03037288751770896,0.370059545478184,Advertising Agencies,Communication Services,IPG
2007Q4,2007,Q4,2008-02-29,2007-12-31,178400000.0,1982500000.0,271800000.0,0.3885017421602787,0.0,0.0,12458100000.0,2332200000.0,7685800000.0,7120600000.0,10125900000.0,0.0,-741100000.0,3724111999.9999995,4058411999.9999995,5.07883275261324,1.0793753335393086,0.18856808020484664,1.0072892547808936,0.043891799661716566,5.07883275261324,0.07649429723008318,1.8784928121059266,5.218766816143498,1.5968236000343023,0.03867713004484305,0.0,0.0018527906786906516,0.15913341520777646,1.0365278206892679,0.014320000642152496,7.979670023569744,0.0,7.475029036004646,6.30689483531007,-0.01220010715846532,-0.07661983573917365,0.0,9.146118721461187,4.318982387475538,1.642809603973132,-0.05638581707227213,0.2526388410391034,Advertising Agencies,Communication Services,IPG
2007Q3,2007,Q3,2007-11-01,2007-09-30,-21900000.0,1559900000.0,51100000.0,-0.06,0.0,0.0,11665700000.0,2054300000.0,6870000000.0,6773800000.0,9611400000.0,0.0,0.0,4796956000.0,5683456000.0,4.479502834714348,1.014201777436594,0.19858216823679675,1.1276833958039234,-0.013829545625754367,4.479502834714348,-0.010660565642798034,3.075168921084685,-54.759771689497725,2.335080562722095,-0.3150684931506849,0.0,0.0014384121930657691,0.1337167936771904,0.9653075083409608,-0.0018772984047249629,53.89838202247191,0.0,-1.25,0.7989214067659336,-0.14572296146201746,-0.19987367224645902,0.0,-1.15985401459854,-0.6490384615384616,0.9657036207979183,-0.06352211812519917,-0.07044386175425103,Advertising Agencies,Communication Services,IPG
2007Q2,2007,Q2,2007-08-07,2007-06-30,137000000.0,1652700000.0,145600000.0,0.24,0.0,0.0,11566100000.0,1995800000.0,6805000000.0,6721500000.0,9570300000.0,0.0,0.0,5213220000.0,6326020000.0,4.364312267657993,1.012422822286692,0.2017361081090428,1.1691051207535825,0.036705088817537125,4.364312267657993,0.0686441527207135,3.1543655835904882,9.513175182481753,2.6120954003407157,0.050364963503649635,0.0,0.0013235581847687225,0.14289172668401623,0.9618983857769843,0.011844960704126715,983.6264150943397,0.0,1.827586206896552,0.011265977949010898,-0.15806137298206638,-0.2810662871227659,0.0,2.0881652104845116,2.1723027375201287,24.00143353500012,-0.02960913286698852,-0.2938480072701359,Advertising Agencies,Communication Services,IPG
2007Q1,2007,Q1,2007-05-10,2007-03-31,-125900000.0,1359100000.0,-124200000.0,-0.29,0.0,0.0,11094600000.0,1829000000.0,6413600000.0,6393100000.0,9224000000.0,0.0,0.0,5613360000.0,6456760000.0,4.010964912280702,1.0032065820963225,0.20823643934887243,1.2631492618917441,-0.024938513634555702,4.010964912280702,-0.06883542919628212,4.130203811345743,-11.146465448768865,3.0690869327501367,-0.05480540111199365,0.0,0.001229210312540083,0.12250103654029888,0.9535749479908026,-0.011347862924305518,-13.674445797807552,0.0,-3.0727272727272728,-2.722140321539635,-0.21709862243637265,-0.2461124150764919,0.0,-2.9733542319749215,-1.7401668653158522,-5.7521112322225685,-0.1170286007291184,-0.354239492717224,Advertising Agencies,Communication Services,IPG
