Quarters,Year,Quarter,FillingDate,Date,NetIncome,Revenue,OperatingIncome,EPSDiluted,GrossProfit,GrossProfitRatio,TotalAssets,CommonStockEquity,CurrentAssets,CurrentLiability,TotalLiability,Inventory,RetainedEarnings,MarketCap,EnterpriseValue,bookValuePerShare,currentRatio,debtToAssets,debtToEquity,roic,shareholdersEquityPerShare,roe,priceToSalesRatio,peRatio,pbRatio,payoutRatio,inventoryTurnover,dividendYield,assetTurnover,quickRatio,returnOnAssets,priceToFreeCashFlowsRatio,grossProfitMargin,epsdilutedGrowth,fiveYNetIncomeGrowthPerShare,fiveYRevenueGrowthPerShare,fiveYShareholdersEquityGrowthPerShare,grossProfitGrowth,netIncomeGrowth,operatingIncomeGrowth,threeYNetIncomeGrowthPerShare,threeYRevenueGrowthPerShare,threeYShareholdersEquityGrowthPerShare,Industry,Sector,Symbol
2023Q1,2023,Q1,2023-05-11,2023-03-31,-40399000.0,0.0,-41507000.0,-1.03,0.0,0.0,151513000.0,101330000.0,140491000.0,47473000.0,50183000.0,0.0,-541743000.0,58831476.0,50363476.0,2.5835659809045075,2.9593874412824133,0.03945536026611578,0.05899536168952926,-0.3569193945724381,2.5835659809045075,-0.3986874568242376,0.0,-0.36406517488056633,0.5805928747656173,0.0,0.0,0.0,0.0,2.323636593432056,-0.2666371862480447,-1.4646354311890062,0.0,0.33974358974358976,-2.8799408275980687,0.0,0.0,0.0,0.33230311544500457,0.3242323597408095,-0.5950630155940921,0.0,-0.576810598711935,Biotechnology,Healthcare,TCRR
2022Q4,2022,Q4,2023-03-23,2022-12-31,-60505000.0,0.0,-61422000.0,-1.56,0.0,0.0,208236000.0,140859000.0,177621000.0,64061000.0,67377000.0,0.0,-501344000.0,38761876.8636,59776876.8636,3.6295964123480644,2.772685409219338,0.2581734186211798,0.381665353296559,-0.4395796373470027,3.6295964123480644,-0.42954301819550045,0.0,-0.16015980854309564,0.27518211022085914,0.0,0.0,0.0,0.0,2.328702330591155,-0.2905597495149734,-1.4147703067231185,0.0,-0.9746835443037974,-4.834643746140937,0.0,3.070221057273794,0.0,-0.9776753611819311,-0.9747934282866605,-1.9124752637381426,0.0,-0.45794461761165345,Biotechnology,Healthcare,TCRR
2022Q3,2022,Q3,2022-11-08,2022-09-30,-30594000.0,0.0,-31103000.0,-0.79,0.0,0.0,272927000.0,198550000.0,184079000.0,36693000.0,74377000.0,0.0,-440839000.0,69517351.8,73740351.8,5.141018619757031,5.01673343689532,0.21335008995079272,0.2932712163183077,-0.1920570086845496,5.141018619757031,-0.15408713170486024,0.0,-0.568063605608943,0.3501251664568119,0.0,0.0,0.0,0.0,4.79617365710081,-0.11209590842972662,-2.2672151783967123,0.0,0.03658536585365844,-0.8619195290739428,0.0,-0.4083447073142712,0.0,0.031866080187335846,0.0210254634729785,-0.3698835653416963,0.0,-0.28286965450926715,Biotechnology,Healthcare,TCRR
2022Q2,2022,Q2,2022-08-08,2022-06-30,-31601000.0,0.0,-31771000.0,-0.82,0.0,0.0,308044000.0,226263000.0,215830000.0,38572000.0,81781000.0,0.0,-410245000.0,111844166.6,131416166.6,5.866758365205611,5.595509696152649,0.20705808261157496,0.28189761472269,-0.14896060722971213,5.866758365205611,-0.13966490323207947,0.0,-0.8848150897123508,0.4943104555318369,0.0,0.0,0.0,0.0,5.346831898786685,-0.10258599420861955,-4.344812625281641,0.0,-0.07894736842105256,-0.98845440389886,0.0,0.0,0.0,-0.08512464803241536,-0.08793617094134164,-0.7640785500565114,0.0,-0.23490183565812695,Biotechnology,Healthcare,TCRR
2022Q1,2022,Q1,2022-05-12,2022-03-31,-29122000.0,0.0,-29203000.0,-0.76,0.0,0.0,323247000.0,255316000.0,247303000.0,30867000.0,67931000.0,0.0,-378644000.0,106296167.03999999,85863167.03999999,6.629328033388324,8.011889720413386,0.16607733405105074,0.2102649266007614,-0.17145941096889722,6.629328033388324,-0.11406257343840574,0.0,-0.9125074431701118,0.41633178899873097,0.0,0.0,0.0,0.0,7.5222081834969385,-0.09009209675573168,-3.2102976968379084,0.0,-0.05555555555555561,-1.8482994605215863,0.0,0.0,0.0,-0.049857601211290965,-0.058885383806519455,0.05861585479487998,0.0,-0.5744182798758733,Biotechnology,Healthcare,TCRR
2021Q4,2021,Q4,2022-03-22,2021-12-31,-27739000.0,0.0,-27579000.0,-0.72,0.0,0.0,323371000.0,281477000.0,276127000.0,18605000.0,41894000.0,0.0,-349522000.0,178428114.70000002,-17772885.299999982,7.351323653256086,14.841547970975544,0.08152555423955767,0.09365951747389663,0.22388035609074988,7.351323653256086,-0.0985480163565762,0.0,-1.60809793702008,0.6338994472017252,0.0,0.0,0.0,0.0,14.275356087073368,-0.08578072863676706,34.46554272744833,0.0,-0.04347826086956526,-1.7112075989532405,0.0,5.192990982146208,0.0,-0.056965401615607376,-0.05102896341463414,-1.1846707062487003,0.0,2.9893165111319893,Biotechnology,Healthcare,TCRR
2021Q3,2021,Q3,2021-11-10,2021-09-30,-26244000.0,0.0,-26240000.0,-0.69,0.0,0.0,346724000.0,306270000.0,303219000.0,16520000.0,40454000.0,0.0,-321783000.0,325064375.79,89684375.79000002,8.01797395874525,18.35466101694915,0.07820918078933099,0.08853952394945636,0.14388987326519434,8.01797395874525,-0.08568909785483397,0.0,-3.0965589829103797,1.0613653827994907,0.0,0.0,0.0,0.0,17.901997578692495,-0.07569132797268144,-14.959932614938563,0.0,-0.07812499999999989,-0.614862580927376,0.0,-0.07724965027802759,0.0,-0.07946692991115499,-0.08014654427201251,-0.614862580927376,0.0,-0.07724965027802759,Biotechnology,Healthcare,TCRR
2021Q2,2021,Q2,2021-08-05,2021-06-30,-24312000.0,0.0,-24293000.0,-0.64,0.0,0.0,368140000.0,328891000.0,325228000.0,14946000.0,39249000.0,0.0,-295539000.0,626468570.25,405315570.25,8.615119043954943,21.760203398902718,0.07508013255826587,0.08404000109458756,0.18131357590180272,8.615119043954943,-0.07392114712777181,0.0,-6.441968680589833,1.9047908585215163,0.0,0.0,0.0,0.0,21.2328382175833,-0.06604009344271201,-31.536298527561037,0.0,-0.10344827586206906,-0.5454684070530449,0.0,0.0,0.0,-0.13015991074748978,-0.12509262689885142,-0.5454684070530449,0.0,0.0,Biotechnology,Healthcare,TCRR
2021Q1,2021,Q1,2021-05-13,2021-03-31,-21512000.0,0.0,-21592000.0,-0.58,0.0,0.0,396179000.0,349755000.0,342971000.0,10521000.0,46424000.0,0.0,-271227000.0,818342296.3199999,637191296.3199999,9.43687065269348,32.59870734721034,0.09370764225261813,0.10614573058283655,0.4892924563857244,9.43687065269348,-0.061505911280753674,0.0,-9.510300022313128,2.3397586777029633,0.0,0.0,0.0,0.0,31.677692234578462,-0.05429868821921404,-38.259960555425685,0.0,-0.05454545454545439,-1.1863406639162588,0.0,0.0,0.0,-0.16589886727006667,-0.16292346636505628,-1.1863406639162588,0.0,0.0,Biotechnology,Healthcare,TCRR
2020Q4,2020,Q4,2021-03-16,2020-12-31,-18451000.0,0.0,-18567000.0,-0.55,0.0,0.0,246195000.0,236548000.0,235538000.0,8840000.0,9647000.0,0.0,-249715000.0,1034556382.95,940401382.95,7.072045333225306,26.644570135746605,0.0,0.0,-0.3362876697767246,7.072045333225306,-0.0780010822327815,0.0,-14.01761941019457,4.373557937289683,0.0,0.0,0.0,0.0,25.79027149321267,-0.07494465769004245,-57.031774142778396,0.0,0.01785714285714287,-1.0644054969942853,0.0,5.033698379530442,0.0,-0.090355749911358,-0.08004188238031529,-1.0644054969942853,0.0,5.033698379530442,Biotechnology,Healthcare,TCRR
2020Q3,2020,Q3,2020-11-12,2020-09-30,-16922000.0,0.0,-17191000.0,-0.56,0.0,0.0,260850000.0,252363000.0,254232000.0,7852000.0,8487000.0,0.0,-231264000.0,616516013.6,514902013.6,8.317733922361818,32.377992868059096,0.0,0.0,-0.31500440042929184,8.317733922361818,-0.06705420366694008,0.0,-9.108202541070796,2.4429730729148096,0.0,0.0,0.0,0.0,31.421676006113092,-0.06487253210657466,-50.897053876000996,0.0,0.16417910447761191,-0.3109206121630237,0.0,-0.042751706946827256,0.0,-0.04167436134195137,-0.028415888968652787,-0.3109206121630237,0.0,-0.042751706946827256,Biotechnology,Healthcare,TCRR
2020Q2,2020,Q2,2020-08-12,2020-06-30,-16245000.0,0.0,-16716000.0,-0.67,0.0,0.0,140382000.0,133413000.0,133777000.0,6360000.0,6969000.0,0.0,-214342000.0,369807114.24,320112114.24,5.541331145593053,21.034119496855347,0.0,0.0,-0.4405962785166256,5.541331145593053,-0.1217647455645252,0.0,-5.691091324099722,2.771897148253918,0.0,0.0,0.0,0.0,19.624685534591194,-0.11571996409796127,-22.09650539196941,0.0,-0.030769230769230795,-0.6374416030760304,0.0,0.0,0.0,-0.047658970721011225,-0.030198446937014668,-0.6374416030760304,0.0,0.0,Biotechnology,Healthcare,TCRR
2020Q1,2020,Q1,2020-05-14,2020-03-31,-15506000.0,0.0,-16226000.0,-0.65,0.0,0.0,153304000.0,146592000.0,132957000.0,6129000.0,6712000.0,0.0,-198097000.0,185851664.82,154758664.82,6.104987443071321,21.69309838472834,0.0,0.0,-0.18483611356905694,6.104987443071321,-0.10577657716655751,0.0,-2.9964475819037792,1.267815875491159,0.0,0.0,0.0,0.0,20.57692935225975,-0.10114543651829046,-10.988037413976587,0.0,-0.20370370370370366,-1.4324686797110382,0.0,0.0,0.0,-0.2088563187027364,-0.19563775698179942,-1.4324686797110382,0.0,0.0,Biotechnology,Healthcare,TCRR
2019Q4,2019,Q4,2020-03-30,2019-12-31,-12827000.0,0.0,-13571000.0,-0.54,0.0,0.0,168528000.0,160449000.0,163185000.0,7533000.0,8079000.0,0.0,-182591000.0,342176788.8,276880788.8,6.6959881412038085,21.66268418956591,0.0,0.0,-0.3858568046895923,6.6959881412038085,-0.07994440601063266,0.0,-6.669072830747641,2.1326202643830747,0.0,0.0,0.0,0.0,20.99084030266826,-0.0761119813918162,-30.738123320158103,0.0,0.06896551724137918,-1.0033281720141414,0.0,4.819205794345601,0.0,0.0709111980298421,0.0889500537056928,-1.0033281720141414,0.0,4.819205794345601,Biotechnology,Healthcare,TCRR
2019Q3,2019,Q3,2019-11-12,2019-09-30,-13806000.0,0.0,-14896000.0,-0.58,0.0,0.0,179511000.0,171154000.0,166617000.0,7883000.0,8357000.0,0.0,-169764000.0,358835132.78999996,309518132.78999996,7.168876135396318,21.136242547253584,0.0,0.0,-0.19281350315833073,7.168876135396318,-0.08066419715577784,0.0,-6.497811328226857,2.0965629362445517,0.0,0.0,0.0,0.0,20.424330838513256,-0.07690893594264418,-29.473111522792603,0.0,-0.2608695652173912,-0.3591808648419807,0.0,-0.1749682656632545,0.0,-0.24794359576968272,-0.2270181219110379,-0.3591808648419807,0.0,-0.1749682656632545,Biotechnology,Healthcare,TCRR
2019Q2,2019,Q2,2019-08-09,2019-06-30,-11063000.0,0.0,-12140000.0,-0.46,0.0,0.0,190260000.0,182636000.0,175677000.0,7160000.0,7624000.0,0.0,-155958000.0,328688441.40000004,287708441.40000004,7.667981232515589,24.535893854748604,0.0,0.0,-0.11644413750767342,7.667981232515589,-0.06057403797717865,0.0,-7.427651663201664,1.7996914157121269,0.0,0.0,0.0,0.0,23.690782122905027,-0.05814674655734258,-30.127263189734194,0.0,0.4273199737453297,-0.12719153227908184,0.0,0.0,0.0,-0.11713622134706654,-0.12668213457076566,-0.12719153227908184,0.0,0.0,Biotechnology,Healthcare,TCRR
2019Q1,2019,Q1,2019-05-13,2019-03-31,-9903000.0,0.0,-10775000.0,-0.8032408655988963,0.0,0.0,197859000.0,192047000.0,165585000.0,5357000.0,5812000.0,0.0,-144895000.0,206137619.6,159732619.6,15.577097699249846,30.910024267313794,0.0,0.0,-0.10541093143153425,15.577097699249846,-0.05156550219477524,0.0,-5.203918499444612,1.0733706832181704,0.0,0.0,0.0,0.0,30.17659137577002,-0.050050793747062304,-18.70407581889121,0.0,-1.4222465737831875,-2.0256505540583167,0.0,0.0,0.0,-0.28777633289987,-0.2765075228053548,-2.0256505540583167,0.0,0.0,Biotechnology,Healthcare,TCRR
2018Q4,2018,Q4,2019-03-29,2018-12-31,-7690000.0,0.0,-8441000.0,-0.3316098675884817,0.0,0.0,129433000.0,-85696000.0,125493000.0,5465000.0,215129000.0,0.0,-85590000.0,349471808.07,301797808.07,-3.6954017181875853,22.963037511436415,0.0,0.0,-0.2686334415377761,-3.6954017181875853,0.08973581030619865,0.0,-11.361242134915475,-4.078041076246266,0.0,0.0,0.0,0.0,22.537419945105214,-0.05941297814313197,-53.35447451450381,0.0,0.2205777405917283,-0.24101430535893303,0.0,-1.107754577354939,0.0,-0.20381966186599876,-0.19055007052186176,-0.24101430535893303,0.0,-1.107754577354939,Biotechnology,Healthcare,TCRR
2018Q3,2018,Q3,2018-09-30,2018-09-30,-6388000.0,0.0,-7090000.0,-0.42545598818313973,0.0,0.0,134668000.0,130464000.0,131390000.0,3792000.0,4204000.0,0.0,-75033000.0,226268198.53,118499198.53,8.689212592724664,34.64926160337553,0.0,0.0,0.08606562352055742,8.689212592724664,-0.048963698798135884,0.0,-8.855205014480276,1.7343343644990188,0.0,0.0,0.0,0.0,34.54588607594937,-0.047435173909169216,-47.316645447511505,0.0,-0.03248747373525127,0.0,0.0,0.0,0.0,-0.032487473735251335,-0.041268908797180204,0.0,0.0,0.0,Biotechnology,Healthcare,TCRR
2018Q2,2018,Q2,2018-06-30,2018-06-30,-6187000.0,0.0,-6809000.0,-0.41206891028320064,0.0,0.0,,,,,,,,226268198.53,,,0.0,0.0,0.0,0.0,,0.0,0.0,-9.142888254808469,0.0,0.0,0.0,0.0,0.0,0.0,0.0,-44.497187518190756,0.0,-0.5521826392373307,0.0,0.0,0.0,0.0,-0.5521826392373307,-0.6554826160953076,0.0,0.0,0.0,Biotechnology,Healthcare,TCRR
2018Q1,2018,Q1,2018-03-31,2018-03-31,-3986000.0,0.0,-4113000.0,-0.2654770771599867,0.0,0.0,,,,,,,,226268198.53,,,0.0,0.0,0.0,0.0,,0.0,0.0,-14.191432421600602,0.0,0.0,0.0,0.0,0.0,0.0,0.0,-66.94325400295858,0.0,0.006485246959370183,0.0,0.0,0.0,0.0,0.006480558325024925,-0.018825860787713648,0.0,0.0,0.0,Biotechnology,Healthcare,TCRR
2017Q4,2017,Q4,2017-12-31,2017-12-31,-4012000.0,0.0,-4037000.0,-0.26721,0.0,0.0,22039000.0,-26324000.0,20703000.0,1231000.0,48363000.0,0.0,-26324000.0,226268198.53,206457198.53,-1.7532409882487432,16.81803411860276,0.0,0.0,0.22415324819544696,-1.7532409882487432,0.152408448564048,0.0,-14.09946401607677,-8.595509745099529,0.0,0.0,0.0,0.0,16.093419983753048,-0.18204092744679887,-51.541730872437356,0.0,0.0,0.0,0.0,0.0,0.0,0.0,0.0,0.0,0.0,0.0,Biotechnology,Healthcare,TCRR
