Quarters,Year,Quarter,FillingDate,Date,NetIncome,Revenue,OperatingIncome,EPSDiluted,GrossProfit,GrossProfitRatio,TotalAssets,CommonStockEquity,CurrentAssets,CurrentLiability,TotalLiability,Inventory,RetainedEarnings,MarketCap,EnterpriseValue,bookValuePerShare,currentRatio,debtToAssets,debtToEquity,roic,shareholdersEquityPerShare,roe,priceToSalesRatio,peRatio,pbRatio,payoutRatio,inventoryTurnover,dividendYield,assetTurnover,quickRatio,returnOnAssets,priceToFreeCashFlowsRatio,grossProfitMargin,epsdilutedGrowth,fiveYNetIncomeGrowthPerShare,fiveYRevenueGrowthPerShare,fiveYShareholdersEquityGrowthPerShare,grossProfitGrowth,netIncomeGrowth,operatingIncomeGrowth,threeYNetIncomeGrowthPerShare,threeYRevenueGrowthPerShare,threeYShareholdersEquityGrowthPerShare,Industry,Sector,Symbol
2023Q1,2023,Q1,2023-04-25,2023-03-31,-36135000.0,521000.0,-39205000.0,-0.9,521000.0,1.0,441947000.0,426515000.0,435745000.0,13481000.0,15432000.0,-506000.0,-333230000.0,1509831338.24,1471408338.24,10.632992039173107,32.322898894740746,0.007869721934983155,0.008154461156114087,-0.09052450906012931,10.632992039173107,-0.08472152210356025,2897.948825796545,-10.445768218071123,3.5399255319039193,0.0,0.0,0.0,0.001178874389915533,31.287367405978785,-0.0817631978495159,-47.17633227846519,1.0,-0.40625,-2.98082171494094,0.0,0.0,-0.9150774246128769,-0.48233991057144027,-0.4749256988074188,-0.6239803309368029,-0.9299062889388591,1.5051303519645707,Biotechnology,Healthcare,MORF
2022Q4,2022,Q4,2023-02-23,2022-12-31,-24377000.0,6135000.0,-26581000.0,-0.64,6135000.0,1.0,368589000.0,349119000.0,362182000.0,17126000.0,19470000.0,0.0,-297095000.0,1019509321.5,964075321.5,9.160223504636196,21.148078944295225,0.010412681876019089,0.010993386209286804,-0.07460954589835411,9.160223504636196,-0.06982432924017312,166.17918850855744,-10.455647962218485,2.9202344229331545,0.0,0.0,0.0,0.0166445553177116,20.361030012845966,-0.066135994291745,-40.485637419585416,1.0,0.1794871794871795,-1.7396787571594425,0.0972856754359797,4.9899740445455905,1.9854014598540146,0.18800173212084875,0.15597116819610707,0.026332124169646424,15.54934020530609,0.9623759511664419,Biotechnology,Healthcare,MORF
2022Q3,2022,Q3,2022-11-02,2022-09-30,-30021000.0,2055000.0,-31493000.0,-0.78,2055000.0,1.0,389181000.0,365061000.0,382410000.0,18586000.0,24120000.0,0.0,-272718000.0,1089292753.0,1008523753.0,9.484343186482212,20.575164102012266,0.010771337758009768,0.011483012428059968,-0.08441256772401376,9.484343186482212,-0.0822355715894056,530.0694661800486,-9.071089845441524,2.9838650335149466,0.0,0.0,0.0,0.005280319440054884,20.037770364790703,-0.07713891479799888,-43.323897426719164,1.0,-2.1470588235294117,-1.5227314949047526,0.0,0.0,-0.9658841888571619,-2.1184754666368617,-2.195180265654649,-1.6396507371272009,-0.7177739999318817,0.7855412279389862,Biotechnology,Healthcare,MORF
2022Q2,2022,Q2,2022-08-03,2022-06-30,26841000.0,60236000.0,26350000.0,0.68,60236000.0,1.0,413875000.0,387990000.0,406619000.0,19684000.0,25885000.0,0.0,-242697000.0,829906669.9,693264669.9,10.14497570071885,20.657335907335906,0.010971911809121111,0.011703909894584912,0.06635581640636694,10.14497570071885,0.06917961803139257,13.777585993425857,7.7298411935099285,2.138989844841362,0.0,0.0,0.0,0.14554152823920266,20.249745986588092,0.06485291452733313,-36.36592041978879,1.0,1.8095238095238095,3.5782478763631076,0.0,0.0,24.2879932829555,1.8576495398773005,1.8319651427128063,1.148237488810418,-0.43630511376366593,1.3063589535279827,Biotechnology,Healthcare,MORF
2022Q1,2022,Q1,2022-05-04,2022-03-31,-31296000.0,2382000.0,-31672000.0,-0.84,2382000.0,1.0,397073000.0,313368000.0,389494000.0,43792000.0,83705000.0,0.0,-269538000.0,1490906491.8,1375878491.8,8.438976736099553,8.89418158567775,0.012123715286609767,0.015362130147302852,-0.09747141573902912,8.438976736099553,-0.09986980163896761,625.9053282115868,-11.90972082534509,4.757685825610784,0.0,0.0,0.0,0.005998896928272635,8.738833576909025,-0.07881674150596993,-52.87652474819123,1.0,-0.4,-2.7243240905018715,0.0,0.0,-0.750732524068648,-0.4243582741671218,-0.530048309178744,-2.709999767076864,-0.7580171552936392,1.338468077466238,Biotechnology,Healthcare,MORF
2021Q4,2021,Q4,2022-02-24,2021-12-31,-21972000.0,9556000.0,-20700000.0,-0.6,9556000.0,1.0,426290000.0,336699000.0,418334000.0,38264000.0,89591000.0,0.0,-238054000.0,1731607378.3600001,1565222378.3600001,9.212711160372189,10.932835040769392,0.011844049825236342,0.014995589532490444,-0.061278798883740174,9.212711160372189,-0.0652570990706833,181.20629744244457,-19.70243239532132,5.142894331019694,0.0,0.0,0.0,0.0224166647118159,10.726583734058122,-0.051542377254920356,-82.29290839083738,1.0,0.13043478260869562,-1.5751469599111254,0.7823554853095674,5.012836410724719,0.0,0.1225590032346951,0.1758898001433235,-1.5751469599111254,0.7823554853095674,5.012836410724719,Biotechnology,Healthcare,MORF
2021Q3,2021,Q3,2021-11-04,2021-09-30,-25041000.0,3124000.0,-25118000.0,-0.69,0.0,0.0,438563000.0,350165000.0,435404000.0,41764000.0,88398000.0,0.0,-216652000.0,2070034654.08,1885875654.08,9.581165977539962,10.425342400153243,0.0,0.0,-0.07173189781959934,9.581165977539962,-0.0715120014850142,662.6231287067861,-20.666453556966577,5.911597829823084,0.0,0.0,0.0,0.0071232639324338804,10.300593812853174,-0.057097839991061716,-83.01390175168432,0.0,0.10389610389610399,-1.2161612167823002,0.0,0.0,0.0,0.09973036131583678,0.09787020076859534,-1.2161612167823002,0.0,0.0,Biotechnology,Healthcare,MORF
2021Q2,2021,Q2,2021-08-04,2021-06-30,-27815000.0,3848000.0,-27843000.0,-0.77,0.0,0.0,439483000.0,347909000.0,436846000.0,34912000.0,91574000.0,0.0,-191611000.0,2076317688.15,1676913688.15,9.616301794254886,12.512774977085243,0.0,0.0,-0.08002954795650587,9.616301794254886,-0.07994906714112024,539.58359879158,-18.66185231125292,5.967990733640118,0.0,0.0,0.0,0.008755742542942502,12.400664527956003,-0.06329027516422706,-114.95502647270513,0.0,-0.22222222222222224,-1.8243400407707382,0.0,0.0,0.0,-0.3068502161247886,-0.3071217313741139,-1.8243400407707382,0.0,0.0,Biotechnology,Healthcare,MORF
2021Q1,2021,Q1,2021-05-17,2021-03-31,-21284000.0,3265000.0,-21301000.0,-0.63,0.0,0.0,459566000.0,368892000.0,456851000.0,34070000.0,90674000.0,0.0,-163796000.0,2121930588.4,1725945588.4,11.00106001940511,13.409186968007043,0.0,0.0,-0.05774318770805548,11.00106001940511,-0.05769710375936588,649.9021710260337,-24.924010857921445,5.752172962276222,0.0,0.0,0.0,0.0071045290556742665,13.239888464925155,-0.04631326077211978,-103.80757244753192,0.0,-0.08379760042819322,-1.8048654744636319,0.0,0.0,0.0,-0.19916615020564538,-0.18477112186439734,-1.8048654744636319,0.0,0.0,Biotechnology,Healthcare,MORF
2020Q4,2020,Q4,2021-03-01,2020-12-31,-17749000.0,5901000.0,-17979000.0,-0.5812893475230946,0.0,0.0,242382000.0,145197000.0,239435000.0,39438000.0,97185000.0,0.0,-142512000.0,1024410566.8499999,922363566.8499999,4.755280263243606,6.07117500887469,0.0,0.0,-0.12283521464838212,4.755280263243606,-0.12224081764774754,173.59948599389932,-14.429130751732492,7.055314964152151,0.0,0.0,0.0,0.02434586726737134,5.973375931842385,-0.07322738487181392,-70.71240193621867,0.0,-4.419349103077026,-1.4898842835922925,0.3173969292327161,3.071286231747405,0.0,-4.31509152035861,-4.590055910543131,-1.4898842835922925,0.3173969292327161,3.071286231747405,Biotechnology,Healthcare,MORF
2020Q3,2020,Q3,2020-11-09,2020-09-30,5354000.0,25757000.0,5008000.0,0.17,0.0,0.0,221578000.0,130304000.0,218401000.0,35578000.0,91274000.0,0.0,-124763000.0,834795376.98,736715376.98,4.2675264600625,6.13865310023048,0.0,0.0,0.039276840126435744,4.2675264600625,0.04108853143418468,32.410427339364055,38.97998585076578,6.406521495733055,0.0,0.0,0.0,0.11624348987715387,6.0369048288268035,0.024163048678117863,229.2764012578962,0.0,1.326923076923077,1.5671538639230687,0.0,0.0,0.0,1.3376213898347837,1.304993909866017,1.5671538639230687,0.0,0.0,Biotechnology,Healthcare,MORF
2020Q2,2020,Q2,2020-08-10,2020-06-30,-15858000.0,7693000.0,-16420000.0,-0.52,0.0,0.0,211999000.0,114917000.0,208610000.0,45284000.0,97082000.0,0.0,-130117000.0,821261019.5500001,688140019.5500001,3.7850388317507964,4.606704354738981,0.0,0.0,-0.1415026531186369,3.7850388317507964,-0.1379952487447462,106.7543246522813,-12.947109023048304,7.146558120643595,0.0,0.0,0.0,0.036287907018429336,4.550591820510555,-0.07480223963320581,-49.924682039513684,0.0,0.05454545454545459,-0.918801153374302,0.0,0.0,0.0,0.05302758867789323,0.0769576704705155,-0.918801153374302,0.0,0.0,Biotechnology,Healthcare,MORF
2020Q1,2020,Q1,2020-05-06,2020-03-31,-16746000.0,5594000.0,-17789000.0,-0.55,0.0,0.0,229158000.0,128135000.0,225553000.0,36841000.0,101023000.0,0.0,-114259000.0,443168281.0,336133281.0,4.244486531742555,6.122336527238675,0.0,0.0,-0.13754064520444076,4.244486531742555,-0.13069028758731027,79.22207382910261,-6.616031903141049,3.458604448433293,0.0,0.0,0.0,0.024411105001789158,6.044814201568904,-0.07307621815515933,-23.03608904252001,0.0,0.16273933487973372,-1.4512745869554828,0.0,0.0,0.0,0.15556452019565328,0.13561710398445093,-1.4512745869554828,0.0,0.0,Biotechnology,Healthcare,MORF
2019Q4,2019,Q4,2020-02-27,2019-12-31,-19831000.0,-334000.0,-20580000.0,-0.6569041433721201,0.0,0.0,247435000.0,140918000.0,243573000.0,35350000.0,106517000.0,0.0,-97513000.0,518035947.0,416476947.0,4.667924868928063,6.89032531824611,0.0,0.0,-0.14861280906332908,4.667924868928063,-0.1407272314395606,-1551.0058293413174,-6.530633187938077,3.6761517123433487,0.0,0.0,0.0,-0.0013498494554125325,6.802913719943423,-0.08014630104876028,-35.040310267857144,0.0,-1.189680477907067,-1.8137713332926972,-1.075418243023543,3.033236313446431,0.0,-1.2372518050541517,-1.087644552647596,-1.8137713332926972,-1.075418243023543,3.033236313446431,Biotechnology,Healthcare,MORF
2019Q3,2019,Q3,2019-11-12,2019-09-30,-8864000.0,5675000.0,-9858000.0,-0.3,0.0,0.0,260079000.0,159348000.0,257036000.0,26479000.0,100731000.0,0.0,-77682000.0,543284968.6999999,383477968.6999999,5.311746958332514,9.707164167831111,0.0,0.0,-0.06406165873598464,5.311746958332514,-0.05562667871576675,95.73303413215858,-15.322793566674186,3.4094244590456104,0.0,0.0,0.0,0.021820293064799542,9.596661505343857,-0.03408195202227016,-38.56093184044289,0.0,0.9365750528541227,0.04429345162144233,0.0,0.0,0.0,0.06032015265557087,0.05366228280695018,0.04429345162144233,0.0,0.0,Biotechnology,Healthcare,MORF
2019Q2,2019,Q2,2019-08-13,2019-06-30,-9433000.0,5567000.0,-10417000.0,-4.73,0.0,0.0,178610000.0,-65978000.0,172786000.0,43530000.0,244588000.0,0.0,-68818000.0,46283684.300000004,2084684.3000000045,-33.1146701733077,3.9693544681828623,0.0,0.0,0.16017834797015226,-33.1146701733077,0.14297189972415048,8.313936464882342,-1.2266427515106542,-0.7015017778653491,0.0,0.0,0.0,0.031168467610996026,3.936365724787503,-0.052813392307261633,-3.1777332166151737,0.0,-19.565217391304348,-16.392684516265955,0.0,0.0,0.0,-0.8140384615384615,-0.6982393218128464,-16.392684516265955,0.0,0.0,Biotechnology,Healthcare,MORF
2019Q1,2019,Q1,2019-03-31,2019-03-31,-5200000.0,6068000.0,-6134000.0,-0.23,0.0,0.0,190291000.0,82606000.0,187728000.0,40693000.0,107685000.0,0.0,-59385000.0,412027074.0,369608074.0,3.6087628552292657,4.613275010444057,0.0,0.0,-0.07614509130027244,3.6087628552292657,-0.06294942256010459,67.90162722478576,-19.80899394230769,4.987858920659517,0.0,0.0,0.0,0.031888003111024694,4.581819969036443,-0.027326568255986883,-1110.5851051212937,0.0,0.01482215755988019,-0.0038610038610039084,0.0,0.0,0.0,0.02694610778443114,-0.026954629164573914,-0.0038610038610039084,0.0,0.0,Biotechnology,Healthcare,MORF
2018Q4,2018,Q4,2018-12-31,2018-12-31,-5344000.0,3358000.0,-5973000.0,-0.23346038663468993,0.0,0.0,189305000.0,-52552000.0,187123000.0,34903000.0,241857000.0,0.0,-54185000.0,412027074.0,226126074.0,-2.2958102991067038,5.361229693722603,0.0,0.0,0.11365885218450297,-2.2958102991067038,0.10168975490942304,122.70014115544967,-19.275218656437126,-7.84036904399452,0.0,0.0,0.0,0.017738570032487255,5.326218376643841,-0.028229576609175668,4.459553576067192,0.0,0.2448777638292005,0.0,0.0,0.0,0.0,0.24487777306768405,0.16717791411042945,0.0,0.0,0.0,Biotechnology,Healthcare,MORF
2018Q3,2018,Q3,2018-09-30,2018-09-30,-7077000.0,0.0,-7172000.0,-0.309169,0.0,0.0,,,,,,,,412027074.0,,,0.0,0.0,0.0,0.0,,0.0,0.0,-14.555146036456124,0.0,0.0,0.0,0.0,0.0,0.0,0.0,-73.51062872435325,0.0,-0.13577385107086448,0.0,0.0,0.0,0.0,-0.13577274915743862,-0.14477254588986432,0.0,0.0,0.0,Biotechnology,Healthcare,MORF
2018Q2,2018,Q2,2018-06-30,2018-06-30,-6231000.0,0.0,-6265000.0,-0.27221,0.0,0.0,,,,,,,,412027074.0,,,0.0,0.0,0.0,0.0,,0.0,0.0,-16.53133822821377,0.0,0.0,0.0,0.0,0.0,0.0,0.0,-75.57356456346295,0.0,-0.20289355534344403,0.0,0.0,0.0,0.0,-0.2028957528957529,-0.20042153669285304,0.0,0.0,0.0,Biotechnology,Healthcare,MORF
2018Q1,2018,Q1,2018-03-31,2018-03-31,-5180000.0,0.0,-5219000.0,-0.226296,0.0,0.0,,,,,,,,412027074.0,,,0.0,0.0,0.0,0.0,,0.0,0.0,-19.885476544401545,0.0,0.0,0.0,0.0,0.0,0.0,0.0,-72.83490790171469,0.0,0.0,0.0,0.0,0.0,0.0,0.0,0.0,0.0,0.0,0.0,Biotechnology,Healthcare,MORF
