Quarters,Year,Quarter,FillingDate,Date,NetIncome,Revenue,OperatingIncome,EPSDiluted,GrossProfit,GrossProfitRatio,TotalAssets,CommonStockEquity,CurrentAssets,CurrentLiability,TotalLiability,Inventory,RetainedEarnings,MarketCap,EnterpriseValue,bookValuePerShare,currentRatio,debtToAssets,debtToEquity,roic,shareholdersEquityPerShare,roe,priceToSalesRatio,peRatio,pbRatio,payoutRatio,inventoryTurnover,dividendYield,assetTurnover,quickRatio,returnOnAssets,priceToFreeCashFlowsRatio,grossProfitMargin,epsdilutedGrowth,fiveYNetIncomeGrowthPerShare,fiveYRevenueGrowthPerShare,fiveYShareholdersEquityGrowthPerShare,grossProfitGrowth,netIncomeGrowth,operatingIncomeGrowth,threeYNetIncomeGrowthPerShare,threeYRevenueGrowthPerShare,threeYShareholdersEquityGrowthPerShare,Industry,Sector,Symbol
2024Q1,2024,Q1,2023-06-01,2023-04-30,-37531000.0,83845000.0,-37901000.0,-0.7,52848000.0,0.6303059216,353852000.0,263611000.0,240148000.0,82980000.0,90241000.0,908000.0,-643615000.0,1720997092.34,1585850092.34,4.941374333432013,2.8940467582550014,0.04131670868046528,0.055460508097158315,-0.13048463864107793,4.941374333432013,-0.1423726627492783,20.525935861888005,-11.463837176867122,6.528548096778965,0.0,34.13766519823788,0.0,0.23694934605428258,2.4427452398168232,-0.1060641172015419,-87.19207074374303,0.6303059216411235,0.027777777777777804,-5.15337995586511,0.8563408780257487,0.0,0.08691538809592365,0.012887614739223062,0.04802451460578203,-3.2943156429985114,0.7557791565863493,0.8451188893160675,Health Information Services,Healthcare,PHR
2023Q4,2023,Q4,2023-03-23,2023-01-31,-38021000.0,76586000.0,-39813000.0,-0.72,48622000.0,0.6348679915,370057000.0,287819000.0,262441000.0,79039000.0,82238000.0,1056000.0,-606084000.0,1982213981.1100001,1814710981.1100001,5.443576936107387,3.320398790470527,0.02480698919355667,0.03189504514990324,-0.13287674808112898,5.443576936107387,-0.13210038253207745,25.88219754406811,-13.03367863226901,6.887015732491601,0.0,26.481060606060606,0.0,0.20695730657709488,2.885626083325953,-0.10274363138651613,-88.10623082540671,0.6348679915389236,0.05263157894736847,-2.991911000397281,0.5421319359383147,1.727489696686195,0.06228834851762033,0.053426942514999874,-5.02373715807189e-05,-6.059710860933477,0.5894850612779765,0.9243637910673757,Health Information Services,Healthcare,PHR
2023Q3,2023,Q3,2022-12-09,2022-10-31,-40167000.0,73103000.0,-39811000.0,-0.76,45771000.0,0.6261165752,397294000.0,320345000.0,286874000.0,72721000.0,76949000.0,1218000.0,-568063000.0,1437206848.0,1238470848.0,6.089468201587639,3.9448577439804184,0.027317301544951596,0.033879099096286815,-0.12024034334552504,6.089468201587639,-0.12538669247217843,19.66002555298688,-8.945196604177559,4.486434462844746,0.0,22.44006568144499,0.0,0.18400227539303388,3.492044938875978,-0.1011014513181674,-52.30771757169894,0.6261165752431501,0.14606741573033707,-4.160095443480631,0.582659044412061,0.0,0.13182492581602373,0.14018751605445673,0.14080069062263947,-10.213689392042903,0.5143526954226608,1.1264657880936388,Health Information Services,Healthcare,PHR
2023Q2,2023,Q2,2022-09-08,2022-07-31,-46716000.0,67867000.0,-46335000.0,-0.89,40440000.0,0.5958713366,425988000.0,348464000.0,316496000.0,71948000.0,77524000.0,1363000.0,-527896000.0,1219177369.7,991029369.7,6.659581617724642,4.398954800689387,0.02953369578485779,0.03610415997061389,-0.12823776365726103,6.659581617724642,-0.1340626291381606,17.96421485699972,-6.52441010413991,3.498718288546306,0.0,20.122523844460748,0.0,0.15931669436697748,3.9985406126647023,-0.10966506098763346,-47.4480392955828,0.5958713365847909,0.101010101010101,-8.730560655238941,0.4758361370301577,0.0,0.09861450692746536,0.08832598259240466,0.08416184057082995,0.19058230066123905,-0.7140738551137213,-0.5601388108299479,Health Information Services,Healthcare,PHR
2023Q1,2023,Q1,2022-06-03,2022-04-30,-51242000.0,63354000.0,-50593000.0,-0.99,36810000.0,0.58102093,459092000.0,381219000.0,349222000.0,70779000.0,77873000.0,1520000.0,-481180000.0,1188361734.56,933521734.56,7.339760669110988,4.933977592223682,0.03125735146767968,0.037642405021785376,-0.12399057524715652,7.339760669110988,-0.1344161754791865,18.75748547147773,-5.79779153116584,3.117267855379716,0.0,17.46315789473684,0.0,0.1379984839639985,4.45815849333842,-0.11161597239768935,-29.228957733231667,0.5810209300123118,-0.09999999999999996,-7.629245069987979,0.44071385968607396,0.0,0.03213324360699865,-0.1031409442207918,-0.08531405525999657,-3.15508045200301,0.21483370745635766,12.040498073645285,Health Information Services,Healthcare,PHR
2022Q4,2022,Q4,2022-03-31,2022-01-31,-46451000.0,58020000.0,-46616000.0,-0.9,35664000.0,0.6146845915,494476000.0,417280000.0,386349000.0,68432000.0,77196000.0,0.0,-429938000.0,1601760984.0700002,1303749984.0700002,8.12540905256013,5.645735913023147,0.03195503927389803,0.03786666027607362,-0.10601801296055062,8.12540905256013,-0.11131853911042945,27.60704901878663,-8.620702374921962,3.8385759779284894,0.0,0.0,0.0,0.11733633179365631,5.174099836333879,-0.09393984743445587,-36.217631801881254,0.6146845915201654,-0.267605633802817,-4.021172497718243,0.20282549999368685,2.0858947042503266,0.024180116018608925,-0.2781278375478084,-0.30088742535022606,-4.021172497718243,0.20282549999368685,2.0858947042503266,Health Information Services,Healthcare,PHR
2022Q3,2022,Q3,2021-12-09,2021-10-31,-36343000.0,55915000.0,-35834000.0,-0.71,34822000.0,0.6227666995,529127000.0,457919000.0,464333000.0,64957000.0,71208000.0,0.0,-383487000.0,3633153497.91,3244722497.91,8.975236529025885,7.1483134996998015,0.022610828780236125,0.026126891437131896,-0.07627441318616571,8.975236529025885,-0.07936556465226383,64.97636587516766,-24.992113322441735,7.934052742755814,0.0,0.0,0.0,0.10567406312662178,6.7099003956463505,-0.0686848336977701,-93.07663826177179,0.6227666994545292,-0.47916666666666663,-3.813987233294419,0.24817740075127945,0.0,0.11156510358476714,-0.48989464190546467,-0.5051243279569892,-3.813987233294419,0.24817740075127945,0.0,Health Information Services,Healthcare,PHR
2022Q2,2022,Q2,2021-09-02,2021-07-31,-24393000.0,51007000.0,-23808000.0,-0.48,31327000.0,0.6141706040347403,551226000.0,486564000.0,493691000.0,57652000.0,64662000.0,0.0,-347144000.0,3456979916.8999996,3029762916.8999996,9.620145386850396,8.563293554430029,0.022925261145156434,0.02597191736338899,-0.048017226892850096,9.620145386850396,-0.050133178780181024,67.7746175407297,-35.430040553642435,7.10488222905928,0.0,0.0,0.0,0.09253373389499044,8.156004995490182,-0.04425226676535577,-349.7905410199332,0.6141706040347403,-1.0,-4.256420062582204,0.14752433261421077,0.0,0.043120671283963775,-1.2227993439037725,-1.2348634187552803,-4.256420062582204,0.14752433261421077,0.0,Health Information Services,Healthcare,PHR
2022Q1,2022,Q1,2021-06-04,2021-04-30,-10974000.0,48291000.0,-10653000.0,-0.24,30032000.0,0.621896419622704,561203000.0,503274000.0,507233000.0,50696000.0,57929000.0,0.0,-322751000.0,2350300304.25,1912109304.25,11.081319886188327,10.005385040239862,0.022253979397829304,0.024815508053267207,-0.0208239076569434,11.081319886188327,-0.02180521942321678,48.66953064235572,-53.54247093698743,4.670021308968872,0.0,0.0,0.0,0.08604907671555569,9.480905791383936,-0.01955442148384809,-189.96931007516974,0.621896419622704,-0.3333333333333333,-1.113446813944667,0.2558840037098799,0.0,0.11130846654825341,-0.35548418972332013,-0.28643883588938535,-1.113446813944667,0.2558840037098799,0.0,Health Information Services,Healthcare,PHR
2021Q4,2021,Q4,2021-03-31,2021-01-31,-8096000.0,41808000.0,-8281000.0,-0.18,27024000.0,0.6463834672789897,326666000.0,263306000.0,272268000.0,54990000.0,63360000.0,0.0,-311777000.0,2958231679.3199997,2753771679.3199997,5.940387483119464,4.951227495908347,0.0438398853875212,0.05438918976400082,-0.028381580458348224,5.940387483119464,-0.030747495309639734,70.75755069173363,-91.34855729125493,11.23495734742087,0.0,0.0,0.0,0.12798393466109115,4.506873977086743,-0.024783724048416424,-871.3495373549337,0.6463834672789897,-0.058823529411764594,-0.0139509064661505,0.0042009996597123,1.7938843776833497,0.10473387294579348,-0.2060181736928348,-0.3544324501144913,-0.0139509064661505,0.0042009996597123,1.7938843776833497,Health Information Services,Healthcare,PHR
2021Q3,2021,Q3,2020-12-09,2020-10-31,-6713000.0,38464000.0,-6114000.0,-0.17,24462000.0,0.6359712978369384,338050000.0,269676000.0,302512000.0,41777000.0,68374000.0,0.0,-303681000.0,1423765348.8999999,1198808348.8999999,7.002503416523484,7.241113531368935,0.08626238722082533,0.10813346386033611,-0.020827990783358463,7.002503416523484,-0.024892834364200003,37.015530077475034,-53.022692868315204,5.279540444459276,0.0,0.0,0.0,0.11378198491347434,6.743231921870886,-0.019858009170241088,-325.5064812299954,0.6359712978369384,0.0,-0.17802525169185948,0.13751262227667818,0.0,0.0639815580009569,-0.053680740857008316,0.031061806656101427,-0.17802525169185948,0.13751262227667818,0.0,Health Information Services,Healthcare,PHR
2021Q2,2021,Q2,2020-09-09,2020-07-31,-6371000.0,35009000.0,-6310000.0,-0.17,22991000.0,0.6567168442400526,160287000.0,97687000.0,127950000.0,38075000.0,62600000.0,0.0,-296968000.0,1127970417.96,1065872417.96,2.603322900356535,3.360472751149048,0.1378839207172135,0.22624300060396982,-0.049668559650182006,2.603322900356535,-0.06521850399746128,32.21944122825559,-44.26190621409511,11.546781229436874,0.0,0.0,0.0,0.21841446904614847,2.8147340774786604,-0.039747453006170184,-167.30501601305252,0.6567168442400526,-0.06250000000000006,-0.8504700371778193,0.06160127585797221,0.0,0.05395617493352892,-0.04237565445026178,-0.2706403544099879,-0.8504700371778193,0.06160127585797221,0.0,Health Information Services,Healthcare,PHR
2021Q1,2021,Q1,2020-06-09,2020-04-30,-6112000.0,33396000.0,-4966000.0,-0.16,21814000.0,0.6531919990418014,161300000.0,99914000.0,130370000.0,38104000.0,61386000.0,0.0,-290597000.0,947252252.76,878836252.76,2.6780790994252075,3.421425572118413,0.13537507749535027,0.21854795123806472,-0.03910451122387324,2.6780790994252075,-0.0611726084432612,28.36424280632411,-38.745592799411,9.48067590888164,0.0,0.0,0.0,0.207042777433354,3.004277766113794,-0.03789212647241166,-806.8588183645655,0.6531919990418014,-0.6,-0.43291282416504057,0.057274698279774106,0.0,0.007947509472322336,-0.6663031624863686,-0.06292808219178082,-0.43291282416504057,0.057274698279774106,0.0,Health Information Services,Healthcare,PHR
2020Q4,2020,Q4,2020-04-23,2020-01-31,-3668000.0,32816000.0,-4672000.0,-0.1,21642000.0,0.6594953681131156,158758000.0,101865000.0,131538000.0,35353000.0,56893000.0,0.0,-284485000.0,1116322028.0,1049871028.0,2.8287670768779276,3.720702627782649,0.12247571775910505,0.19088008638884799,-0.024205339168063136,2.8287670768779276,-0.03600844254650763,34.01761421257923,-76.0851982006543,10.958837952191626,0.0,0.0,0.0,0.20670454402297836,3.1763358130851698,-0.023104347497448947,-590.3342295081967,0.6594953681131156,-0.4285714285714285,0.4345503549603664,-0.02979148813238236,1.3780416676218392,0.0041293555421519045,-0.5051292572835453,-1.0941281936351412,0.4345503549603664,-0.02979148813238236,1.3780416676218392,Health Information Services,Healthcare,PHR
2020Q3,2020,Q3,2019-12-10,2019-10-31,-2437000.0,32843000.0,-2231000.0,-0.07,21553000.0,0.656243339524404,155909000.0,102493000.0,128699000.0,32090000.0,53416000.0,0.0,-280817000.0,1060485878.13,992835878.13,2.8636567941433015,4.010564038641322,0.12414292952940498,0.18884216483076893,-0.01815047094738597,2.8636567941433015,-0.02377723356717044,32.28955570837012,-108.79009828990561,10.346910307338062,-4.1444398851046366e-05,0.0,9.523936346809032e-08,0.21065493332649174,3.4713929573075726,-0.01563091290432239,-161.7698356225735,0.656243339524404,0.936537663326612,0.5398396314470623,0.045105971149168506,0.0,0.1049822894199471,0.6747714024639169,0.4611588779448778,0.5398396314470623,0.045105971149168506,0.0,Health Information Services,Healthcare,PHR
2020Q2,2020,Q2,2019-09-10,2019-07-31,-7493191.0,30816168.0,-4140367.0,-1.103016429417948,19505290.0,0.6329563753676317,162987508.0,102852801.0,135787787.0,38627597.0,60134707.0,0.0,-278379941.0,185662610.79,109436063.78999999,15.140189181705733,3.5153050550879468,0.11785165768655105,0.18675571120323695,-0.03290914359608027,15.140189181705733,-0.07285354338575573,6.024844191854094,-6.194377361727467,1.8051293594814204,0.0,0.0,0.0,0.1890707354087529,3.024752199832674,-0.04597402029117471,-78.81021877741881,0.6329563753676317,-3.5959017892414504,-11.021680108043284,4.161599117202596,0.0,0.12327308329298806,-0.11928732507006758,0.02683373870498565,-11.021680108043284,4.161599117202596,0.0,Health Information Services,Healthcare,PHR
2020Q1,2020,Q1,2019-04-30,2019-04-30,-6694609.0,28309734.0,-4254532.0,-0.24,17364691.0,0.6133823440375668,68107485.0,-18744094.0,39297875.0,50826232.0,86851579.0,0.0,-224083172.0,707129170.4399999,739195173.4399999,-0.6648034010921746,0.773180962932684,0.5025436484697681,-1.8260143168296104,-0.22345761002136566,-0.6648034010921746,0.3571583134399561,24.978305004208092,-26.40666431900653,-37.725438767005755,0.0,0.0,0.0,0.41566259567505687,0.43058615873787376,-0.0982947615816382,-1022.3682375393619,0.6133823440375668,-0.3323049800876431,-1.0767937395359313,0.18593503855162907,0.0,0.05710553449187019,-0.3180940683877774,-0.2897695924061654,-1.0767937395359313,0.18593503855162907,0.0,Health Information Services,Healthcare,PHR
2019Q4,2019,Q4,2019-01-31,2019-01-31,-5079007.0,26482805.0,-3298676.0,-0.1801389348437413,16426639.0,0.6202756467828842,59261500.0,-210973904.0,32880782.0,27929076.0,270235404.0,0.0,-210993851.0,707129170.4399999,737872153.4399999,-7.482685955421155,1.177295732948702,0.4710955342001131,-0.13232834711159347,0.01845045386729601,-7.482685955421155,0.024074100652751822,26.70144535067188,-34.806467604789674,-3.351737617937809,0.0,0.0,0.0,0.446880436708487,0.6320133541116791,-0.08570500240459658,-108.95333772970393,0.6202756467828842,-0.21740340364333657,0.0,0.0,0.0,0.055832304923512016,-0.21740340364333652,-0.08652042160737813,0.0,0.0,0.0,Health Information Services,Healthcare,PHR
2019Q3,2019,Q3,2018-10-31,2018-10-31,-4172000.0,24756000.0,-3036000.0,-0.147969797278895,15558000.0,0.6284537081919535,,,,,,,,707129170.4399999,,,0.0,0.0,0.0,0.0,,0.0,28.563950979156566,-42.373512130872484,0.0,0.0,0.0,0.0,0.0,0.0,0.0,-453.79961792816385,0.6284537081919535,-0.6127099480082723,0.0,0.0,0.0,-0.01833135891194922,-0.6127099480082723,-1.4309762099031054,0.0,0.0,0.0,Health Information Services,Healthcare,PHR
2019Q2,2019,Q2,2018-07-31,2018-07-31,-2586950.0,24778828.0,-1248881.0,-0.09175226919238673,15848525.0,0.6395994596677453,,,,,,,,707129170.4399999,,,0.0,0.0,0.0,0.0,,0.0,28.53763585751513,-68.33618454550725,0.0,0.0,0.0,0.0,0.0,0.0,0.0,-667.3107386639236,0.6395994596677453,0.19747941000102065,0.0,0.0,0.0,0.05248413357020968,0.19747941000102062,0.3461239624160849,0.0,0.0,0.0,Health Information Services,Healthcare,PHR
2019Q1,2019,Q1,2018-04-30,2018-04-30,-3223531.0,23871235.0,-1909966.0,-0.11433011231836858,15058208.0,0.6308097591096564,,,,,,,,707129170.4399999,,,0.0,0.0,0.0,0.0,,0.0,29.622647108119875,-54.84119513973962,0.0,0.0,0.0,0.0,0.0,0.0,0.0,-247.673249569453,0.6308097591096564,0.0,0.0,0.0,0.0,0.0,0.0,0.0,0.0,0.0,0.0,Health Information Services,Healthcare,PHR
