Quarters,Year,Quarter,FillingDate,Date,NetIncome,Revenue,OperatingIncome,EPSDiluted,GrossProfit,GrossProfitRatio,TotalAssets,CommonStockEquity,CurrentAssets,CurrentLiability,TotalLiability,Inventory,RetainedEarnings,MarketCap,EnterpriseValue,bookValuePerShare,currentRatio,debtToAssets,debtToEquity,roic,shareholdersEquityPerShare,roe,priceToSalesRatio,peRatio,pbRatio,payoutRatio,inventoryTurnover,dividendYield,assetTurnover,quickRatio,returnOnAssets,priceToFreeCashFlowsRatio,grossProfitMargin,epsdilutedGrowth,fiveYNetIncomeGrowthPerShare,fiveYRevenueGrowthPerShare,fiveYShareholdersEquityGrowthPerShare,grossProfitGrowth,netIncomeGrowth,operatingIncomeGrowth,threeYNetIncomeGrowthPerShare,threeYRevenueGrowthPerShare,threeYShareholdersEquityGrowthPerShare,Industry,Sector,Symbol
2023Q1,2023,Q1,2023-04-28,2023-03-31,-5627000.0,0.0,-6797000.0,-0.5,0.0,0.0,36613000.0,34129000.0,34519000.0,1167000.0,2484000.0,0.0,-112912000.0,527857.0,-108143.0,3.0388211201139703,29.579263067694946,0.04471089503728184,0.047965073690995924,-0.15997458105818113,3.0388211201139703,-0.16487444695127312,0.0,-0.02345197263195308,0.01546652407043863,0.0,0.0,0.0,0.0,29.31191088260497,-0.1536885805588179,-0.10321802894016426,0.0,0.05660377358490571,0.08397859344359816,-1.0,2.6756982685924506,0.0,0.046271186440677965,-0.0521671826625387,-2.7497475502201603,0.0,1804.7634199597976,Medical Devices,Healthcare,NVNOW
2022Q4,2022,Q4,2023-03-02,2022-12-31,-5900000.0,0.0,-6460000.0,-0.53,0.0,0.0,41661000.0,38729000.0,39436000.0,1530000.0,2932000.0,0.0,-106520000.0,622142.0,-2216858.0,3.4487088156723065,25.77516339869281,0.041189601785842876,0.04430788298174495,-0.14628006726257928,3.4487088156723065,-0.15234062330553333,0.0,-0.026361949152542374,0.01606398306178832,0.0,0.0,0.0,0.0,25.518954248366015,-0.14161926021938984,-0.16096817593790427,0.0,0.018518518518518535,-0.45971048518176005,-1.0,3.6893955642304217,0.0,0.023663743173920237,-0.05023573402698748,-0.9906958473553198,0.0,29.238383687177066,Medical Devices,Healthcare,NVNOW
2022Q3,2022,Q3,2022-10-27,2022-09-30,-6043000.0,0.0,-6151000.0,-0.54,0.0,0.0,45456000.0,42671000.0,40708000.0,1304000.0,2785000.0,0.0,-100340000.0,2358090.0,1252090.0,3.800071244100098,31.217791411042946,0.0393567405843013,0.04192542944857163,-0.13181953624941825,3.800071244100098,-0.14161842937826627,0.0,-0.09755460863809366,0.05526212181575309,0.0,0.0,0.0,0.0,30.925613496932517,-0.13294174586413235,-0.5243695797198132,0.0,0.15624999999999997,-1.0715780857667165,-1.0,5.041799999001299,0.0,0.15340431493415524,0.11952476381334097,-1.5737770698010765,0.0,9.695191626664442,Medical Devices,Healthcare,NVNOW
2022Q2,2022,Q2,2022-08-03,2022-06-30,-7138000.0,0.0,-6986000.0,-0.64,0.0,0.0,49932000.0,46558000.0,37760000.0,1816000.0,3374000.0,0.0,-94243000.0,1515915.0,-5693085.0,4.146228515451064,20.792951541850222,0.037270688135864774,0.03997164826667812,-0.1404371937427945,4.146228515451064,-0.15331414579664074,0.0,-0.05309312832726255,0.032559710468662746,0.0,0.0,0.0,0.0,20.6613436123348,-0.14295441800849154,-0.38069186338523353,0.0,-0.04918032786885251,-3.4178863800105668,-1.0,6.6610943924719495,0.0,-0.3404694835680751,-0.3094657919400187,-1.8352960446159974,0.0,6.736117312153232,Medical Devices,Healthcare,NVNOW
2022Q1,2022,Q1,2022-04-29,2022-03-31,-5325000.0,0.0,-5335000.0,-0.61,0.0,0.0,54224000.0,51317000.0,51650000.0,1270000.0,2907000.0,0.0,-87181000.0,1692565.6800000002,-47711434.32,5.912216653240895,40.669291338582674,0.035666863381528476,0.03768731609408189,-0.0965841317308776,5.912216653240895,-0.10376678293742814,0.0,-0.07946317746478873,0.03298255315002826,0.0,0.0,0.0,0.0,40.423622047244095,-0.09820374741811744,-0.4992819115044248,0.0,0.4134615384615385,-3.5761182486142746,-1.0,0.0,0.0,0.40875646662205417,0.40517490032080417,-2.3836894097193544,-1.0,16.911399010208207,Medical Devices,Healthcare,NVNOW
2021Q4,2021,Q4,2022-03-28,2021-12-31,-9006441.0,0.0,-8969023.0,-1.04,0.0,0.0,57699142.0,54404208.0,55040090.0,1580063.0,3294934.0,0.0,-81851233.0,2560539.4001760003,-50161225.599824,6.267892989535271,34.83411104493935,0.034766114893008286,0.03687168830763973,-0.15932749331907461,6.267892989535271,-0.16554677167619092,0.0,-0.07107522827762931,0.0470650983500394,0.0,0.0,0.0,0.0,34.63642905377824,-0.15609315299697177,-0.809239121558772,0.0,-2.7781087659388963,-4.847373874698589,-1.0,13.893950953213508,0.0,-2.7694751913628584,-2.313844548612227,-4.055132257135689,-1.0,25.715310961318337,Medical Devices,Healthcare,NVNOW
2021Q3,2021,Q3,2021-11-12,2021-09-30,-2389309.0,0.0,-2706531.0,-0.27527,0.0,0.0,59172227.0,58054095.0,58206968.0,1118132.0,1118132.0,0.0,-72863501.0,4860701.44,-52703923.56,6.688395409860845,52.057331334761905,0.005615759569096495,0.005723920078333836,-0.046093178272423624,6.688395409860845,-0.041156597135826506,0.0,-0.5085886170436725,0.08372710727813432,0.0,0.0,0.0,0.0,51.78004207016703,-0.04037889261798445,-2.0368121366428293,0.0,-0.004781719959118242,-1.219763466433787,-1.0,0.0,0.0,-0.004800043736161605,-0.13459357785050532,-0.6274106606473655,-1.0,15.38817531880586,Medical Devices,Healthcare,NVNOW
2021Q2,2021,Q2,2021-08-11,2021-06-30,-2377895.0,0.0,-2385463.0,-0.27396,0.0,0.0,42352130.0,40874236.0,41438867.0,1393312.0,1477894.0,0.0,-70474192.0,2516280.9776,-37799354.0224,4.709108848290011,29.741269005075676,0.017084075818618805,0.017701786523912032,-0.05678507011535487,4.709108848290011,-0.05817588859642538,0.0,-0.26454921028893197,0.061561541544164884,0.0,0.0,0.0,0.0,29.454409349808227,-0.0561458184039386,-0.8994732726483062,0.0,0.14242784699179878,-0.9039732182891991,-1.0,7.429628660178768,0.0,0.14244761594959188,0.15055176711475118,0.5287016147141967,-1.0,7.865238268440745,Medical Devices,Healthcare,NVNOW
2021Q1,2021,Q1,2021-05-12,2021-03-31,-2772886.0,0.0,-2808250.0,-0.31946,0.0,0.0,45054657.0,43011572.0,44165524.0,1873921.0,2043085.0,0.0,-68096297.0,2864341.92,-40170247.08,4.9553507075719505,23.56850902466006,0.017802776747362654,0.018648423266185203,-0.06338725796597201,4.9553507075719505,-0.0644683714419924,0.0,-0.2582455535496231,0.06659468107792016,0.0,0.0,0.0,0.0,23.393028308023656,-0.061544936409126366,-0.7409684988875158,0.0,0.3660627468100728,-1.3829209813947492,-1.0,0.0,0.0,0.36605301825353115,0.32468195183208204,0.4159255201752001,-1.0,3.7325308969273143,Medical Devices,Healthcare,NVNOW
2020Q4,2020,Q4,2021-03-31,2020-12-31,-4374003.0,0.0,-4158411.0,-0.50393,0.0,0.0,10537835.0,7097856.0,9569051.0,3186233.0,3439979.0,0.0,-65323411.0,2734144.56,-5719791.4399999995,0.8177419265644096,3.0032489777112974,0.08357010714250128,0.12407239594604343,-0.48656577021669345,0.8177419265644096,-0.6162428485446872,0.0,-0.15627244425758283,0.3852071047933348,0.0,0.0,0.0,0.0,2.92966145288182,-0.4150760568940394,-1.0351769513795446,0.0,-1.2149795613379633,-1.8397933068182262,-1.0,2.6822119189194376,0.0,-1.214944127642271,-1.1632623016230146,-0.40011152229533625,-1.0,1.6376970708554397,Medical Devices,Healthcare,NVNOW
2020Q3,2020,Q3,2020-11-17,2020-09-30,-1974769.0,0.0,-1922287.0,-0.22751,0.0,0.0,7042681.0,4794961.0,5977656.0,1915424.0,2247720.0,0.0,-60949408.0,841942.9280000001,-3834241.0719999997,0.552426063016946,3.1208004076382045,0.135292085499826,0.19871256512826693,-0.30092632961166105,0.552426063016946,-0.4118425572178794,0.0,-0.10658752086952955,0.17558910864968455,0.0,0.0,0.0,0.0,2.9387764797768012,-0.2804001771484467,-0.3217682278579217,0.0,-0.2137750746905676,-0.834639253795128,-1.0,0.0,0.0,-0.2137814421533219,-0.2434679165901205,0.12421968824782645,-1.0,1.5875667895481618,Medical Devices,Healthcare,NVNOW
2020Q2,2020,Q2,2020-08-14,2020-06-30,-1626956.0,0.0,-1545908.0,-0.18744,0.0,0.0,3733384.0,369445.0,1784732.0,2953091.0,3363939.0,0.0,-58974639.0,1388771.84,849836.8400000001,0.04256365106020583,0.6043606512633711,0.27454743471338605,2.7744075572818687,-0.7337960732453707,0.04256365106020583,-4.403784054460068,0.0,-0.21340033780876683,3.7590760194345574,0.0,0.0,0.0,0.0,0.5295895046918635,-0.4357858714774585,-0.9629450296176779,0.0,-0.4027840143691065,-0.30269866892142916,-1.0,1.0581147048316633,0.0,-0.402840937505928,-0.024784557049293346,-0.30269866892142916,-1.0,1.0581147048316633,Medical Devices,Healthcare,NVNOW
2020Q1,2020,Q1,2020-06-08,2020-03-31,-1159758.0,0.0,-1508520.0,-0.13362,0.0,0.0,2769717.0,-14623.0,840144.0,2252830.0,2784340.0,0.0,-57347683.0,1475570.08,1545762.08,-0.0016847115794052967,0.3729282724395538,0.2853443149606982,-54.04657047117554,-0.9632808713537413,-0.0016847115794052967,79.3105381932572,0.0,-0.31807715057796543,-100.90747999726459,0.0,0.0,0.0,0.0,0.3196561658003489,-0.4187279783458021,-1.2748555477125834,0.0,0.49371021521673236,0.003344648304902671,-1.0,0.0,0.0,0.49372193335553854,0.34383302566172597,0.003344648304902671,-1.0,0.0,Medical Devices,Healthcare,NVNOW
2019Q4,2019,Q4,2020-03-18,2019-12-31,-2290753.0,0.0,-2298988.0,-0.26392,0.0,0.0,3434200.0,989940.0,1423878.0,1876312.0,2444260.0,0.0,-56187925.0,867982.4,417384.4,0.11405069964552277,0.7588705929504261,0.24944179139246403,0.8653383033315151,-0.850467186000623,0.11405069964552277,-2.314032163565469,0.0,-0.09472675578728917,0.876803038567994,0.0,0.0,0.0,0.0,0.6967023608014019,-0.6670412323102906,-0.5304938704713057,0.0,-0.2622315749198909,-0.48725664728025375,-1.0,1.2346185759495696,0.0,-0.26219588461040444,-0.25351438413900723,-0.48725664728025375,-1.0,1.2346185759495696,Medical Devices,Healthcare,NVNOW
2019Q3,2019,Q3,2019-10-31,2019-09-30,-1814895.0,0.0,-1834034.0,-0.20909,0.0,0.0,5751434.0,3083998.0,3060262.0,2015594.0,2667436.0,0.0,-53897172.0,2256754.24,236288.24000000022,0.3553065131274551,1.5182928704887988,0.1604718058139935,0.29926835231410653,-0.3720237636423088,0.3553065131274551,-0.588487735724861,0.0,-0.3108656754247491,0.7317625497811607,0.0,0.0,0.0,0.0,1.460318397455043,-0.3155552163164873,-1.4828268635749284,0.0,0.06739518287243537,-0.6861099240045336,-1.0,0.0,0.0,0.0673825540602552,0.06424401859436138,-0.6861099240045336,-1.0,0.0,Medical Devices,Healthcare,NVNOW
2019Q2,2019,Q2,2019-08-05,2019-06-30,-1946023.0,0.0,-1959949.0,-0.2242,0.0,0.0,7253156.0,4652015.0,4629922.0,1882989.0,2601141.0,0.0,-52082277.0,2343552.48,-1132530.52,0.5359572959083041,2.4588152134717727,0.13638931797413428,0.21265043212457396,-0.2955950218693222,0.5359572959083041,-0.4183182986297336,0.0,-0.3010694734851541,0.5037714796706374,0.0,0.0,0.0,0.0,2.3714084362680823,-0.2683001716769914,-1.4584934445501736,0.0,-0.2365561745077492,-0.5581746352024802,-1.0,1.731774631129045,0.0,-0.23657040679254204,-0.2386388269026714,-0.5581746352024802,-1.0,1.731774631129045,Medical Devices,Healthcare,NVNOW
2019Q1,2019,Q1,2019-05-09,2019-03-31,-1573726.0,31243.0,-1582341.0,-0.18131,0.0,0.0,5488010.0,2865047.0,2945640.0,1838501.0,2622963.0,0.0,-50136254.0,2942460.336,1245512.3360000001,0.33008123206184825,1.6021965720986826,0.192339846319522,0.3684278128770662,-0.3179835186598215,0.33008123206184825,-0.5492845318069826,94.17982703325545,-0.4674352994104438,1.0270199183468893,0.0,0.0,0.0,0.0056929560988409275,1.5115716553866438,-0.2867571305445872,-1.9677336391692943,0.0,0.11668128227613758,-0.35240493275469426,-0.8267242718015839,0.0,-1.0,0.11669958571947354,0.1203953698963213,-0.35240493275469426,-0.8267242718015839,0.0,Medical Devices,Healthcare,NVNOW
2018Q4,2018,Q4,2019-03-14,2018-12-31,-1781643.0,30462.0,-1798923.0,-0.20526,30462.0,1.0,3559436.0,2036443.0,2836973.0,1522993.0,1522993.0,0.0,-48562528.0,3818254.5776,1077609.5776,0.23461800607938593,1.8627616804542109,0.0,0.0,-0.8833652599164327,0.23461800607938593,-0.8748798763333911,125.34484201956536,-0.5357771699493108,1.8749626567500295,0.0,0.0,0.0,0.008558097406443043,1.8205382427890344,-0.5005408160169196,-2.6354564513301333,1.0,-0.2134791605084245,-0.15672025523063085,-0.9000783968982382,1.4826427426535642,-0.2688301089722049,-0.21351604655059442,-0.2092404985860221,-0.15672025523063085,-0.9000783968982382,1.4826427426535642,Medical Devices,Healthcare,NVNOW
2018Q3,2018,Q3,2018-11-07,2018-09-30,-1468166.0,41662.0,-1487647.0,-0.16915,41662.0,1.0,5435795.0,3542438.0,4364171.0,1893357.0,1893357.0,0.0,-46780885.0,6596666.24,2407219.24,0.4081232522687096,2.3049910819776724,0.0,0.0,-0.4199500457029876,0.4081232522687096,-0.41445072574311814,158.33772358504152,-1.1232834434253347,1.8621825533714351,0.0,0.0,0.0,0.007664380279241583,2.2275297263009564,-0.2700922312191685,-3.7631219576754287,1.0,0.709004266446463,-0.3639848380683401,-0.8589984837818812,0.0,-0.5002339167256457,0.7090097480622498,0.5219303813027854,-0.3639848380683401,-0.8589984837818812,0.0,Medical Devices,Healthcare,NVNOW
2018Q2,2018,Q2,2018-08-10,2018-06-30,-5045413.0,83363.0,-3111779.0,-0.58128,83363.0,1.0,7205703.0,4610619.0,6109020.0,2595084.0,2595084.0,0.0,-45312719.0,7603525.824,1661101.824,0.5311880747812397,2.3540740877751936,0.0,0.0,-0.6749156675058164,0.5311880747812397,-1.0943027389597797,91.20983918525005,-0.37675438185139654,1.6491334079003277,0.0,0.0,0.0,0.01156903080795864,2.301038424960425,-0.7001971910304935,-4.933951926658369,1.0,-0.06274681878016677,-3.0398466825524935,1.1485309278350517,1.7252629275704328,1.6835023338161919,-0.06275446357199083,-1.1365710542722096,-3.0398466825524935,1.1485309278350517,1.7252629275704328,Medical Devices,Healthcare,NVNOW
2018Q1,2018,Q1,2018-03-31,2018-03-31,-4747487.0,31065.0,-1456436.0,-0.54696,31065.0,1.0,2800096.0,-15740562.0,446937.0,13369903.0,18540658.0,0.0,-40267306.0,6943859.2,11331891.2,-1.8134655725738218,0.03342858957166705,1.6774999857147754,-0.29841126384178657,0.13188292266123453,-1.8134655725738218,0.301608481323602,223.52677289554163,-0.36565972692500265,-0.4411442996762123,0.0,0.0,0.0,0.011094262482429174,0.02544476201510213,-1.6954729409277396,-4.272042593325168,1.0,-0.5196710380084463,-3.0798238301894907,-0.8277114714821306,0.0,-0.5972854198265469,-0.5196631668170596,0.24486169706968577,-3.0798238301894907,-0.8277114714821306,0.0,Medical Devices,Healthcare,NVNOW
2017Q4,2017,Q4,2017-12-31,2017-12-31,-3124039.0,175123.0,-1928701.0,-0.35992,77139.0,0.44048468790507245,2214888.0,-11130451.0,170413.0,8174584.0,13345339.0,0.0,-35519819.0,6943859.2,9485041.2,-1.2823360243249171,0.02084668773358987,1.1823938727375831,-0.23528875873942573,0.2265972678871293,-1.2823360243249171,0.28067496995404767,39.65132621072047,-0.5556796185963108,-0.6238614410143849,0.0,0.0,0.0,0.07906630041789924,0.013807308115006219,-1.4104726740133136,-5.425381675214316,0.44048468790507245,-0.38548002155670186,-1.0282622216855144,-0.4255606690306011,-1.6379483234301702,1.7342305898478028,-0.38546424890503567,-0.06430232416975412,-1.0282622216855144,-0.4255606690306011,-1.6379483234301702,Medical Devices,Healthcare,NVNOW
2017Q3,2017,Q3,2017-09-30,2017-09-30,-2254868.0,27880.0,-1812174.0,-0.25978,-105061.0,-3.7683285509325684,1931225.0,-8160708.0,548958.0,5525525.0,10091933.0,0.0,-32395780.0,6943859.2,8301592.2,-0.9401927965359667,0.09934947357943363,0.864330153141141,-0.2045430371972628,0.27916140079969287,-0.9401927965359667,0.2763078889723784,249.06238163558106,-0.7698742454103744,-0.8508893100941732,0.0,0.0,0.0,0.014436432834081995,0.07548603978807443,-1.1675843052984505,-5.741953494525849,-3.7683285509325684,-0.8054069080547642,-1.0948624091863468,-0.9056424974278442,0.0,-3.707757731958763,-0.8054658774997758,-0.4712273583044515,-1.0948624091863468,-0.9056424974278442,0.0,Medical Devices,Healthcare,NVNOW
2017Q2,2017,Q2,2017-06-30,2017-06-30,-1248912.0,38800.0,-1231743.0,-0.14389,38800.0,1.0,1731766.0,-6357169.0,371765.0,3522527.0,8088935.0,0.0,-30140912.0,6943859.2,7966488.2,-0.7324075925963476,0.10553929040146463,0.5997028466894488,-0.163365957393928,0.23159053920713327,-0.7324075925963476,0.1964572595128429,178.96544329896906,-1.3899816800543194,-1.0922879665461152,0.0,0.0,0.0,0.022404874561574716,0.06095510410566051,-0.7211782654238506,-6.230951154597842,1.0,-0.07332537669700116,0.0,0.0,0.0,5.604794683123665,-0.07327117260344605,-0.08943163495717871,0.0,0.0,0.0,Medical Devices,Healthcare,NVNOW
2017Q1,2017,Q1,2017-03-31,2017-03-31,-1163650.0,180308.0,-1130629.0,-0.13406,-8426.0,-0.046731148922954054,,,,,,,,6943859.2,,,0.0,0.0,0.0,0.0,,0.0,38.51109878652084,-1.4918272676492075,0.0,0.0,0.0,0.0,0.0,0.0,0.0,-11.39159262418794,-0.046731148922954054,0.24451958298112136,0.0,0.0,0.0,-1.0907387465001077,0.24450772405070853,0.004354625942474907,0.0,0.0,0.0,Medical Devices,Healthcare,NVNOW
2016Q4,2016,Q4,2016-12-31,2016-12-31,-1540254.0,304859.0,-1135574.0,-0.17745,92860.0,0.3045998313974657,1782867.0,-4219359.0,393221.0,2066588.0,6002226.0,90908.0,-27728350.0,6943859.2,7520117.2,-0.4861111239121899,0.1902754685500932,0.3549182300194013,-0.14996875117760777,0.3166168839623854,-0.4861111239121899,0.36504454823588134,22.77728130053566,-1.1270639777595126,-1.6457142423766264,0.0,2.3320169842038103,0.0,0.17099368601247317,0.11916453594040032,-0.8639197427514222,-9.68122579295922,0.3045998313974657,-0.43093298927505846,0.0,0.0,0.0,1.9152555737349446,-0.43095746855199835,-0.07100624642195934,0.0,0.0,0.0,Medical Devices,Healthcare,NVNOW
2016Q3,2016,Q3,2016-09-30,2016-09-30,-1076380.0,295472.0,-1060287.0,-0.12401,-101458.0,-0.343376022093464,,,,,,,,6943859.2,,,0.0,0.0,0.0,0.0,,0.0,23.500904315806576,-1.6127806165108978,0.0,0.0,0.0,0.0,0.0,0.0,0.0,-14.665023294712967,-0.343376022093464,0.0,0.0,0.0,0.0,0.0,0.0,0.0,0.0,0.0,0.0,Medical Devices,Healthcare,NVNOW
