Quarters,Year,Quarter,FillingDate,Date,NetIncome,Revenue,OperatingIncome,EPSDiluted,GrossProfit,GrossProfitRatio,TotalAssets,CommonStockEquity,CurrentAssets,CurrentLiability,TotalLiability,Inventory,RetainedEarnings,MarketCap,EnterpriseValue,bookValuePerShare,currentRatio,debtToAssets,debtToEquity,roic,shareholdersEquityPerShare,roe,priceToSalesRatio,peRatio,pbRatio,payoutRatio,inventoryTurnover,dividendYield,assetTurnover,quickRatio,returnOnAssets,priceToFreeCashFlowsRatio,grossProfitMargin,epsdilutedGrowth,fiveYNetIncomeGrowthPerShare,fiveYRevenueGrowthPerShare,fiveYShareholdersEquityGrowthPerShare,grossProfitGrowth,netIncomeGrowth,operatingIncomeGrowth,threeYNetIncomeGrowthPerShare,threeYRevenueGrowthPerShare,threeYShareholdersEquityGrowthPerShare,Industry,Sector,Symbol
2023Q1,2023,Q1,2023-05-04,2023-03-31,-24020000.0,0.0,-22907000.0,-0.16,0.0,0.0,124405000.0,51676000.0,98222000.0,19483000.0,72729000.0,0.0,-400758000.0,126991290.0,70518290.0,0.3540252248795961,5.041420725760919,0.29687713516337766,0.7147031503986376,-0.24592710780054738,0.3540252248795961,-0.4648192584565369,0.0,-1.3217245004163196,2.4574520086694016,0.0,0.0,0.0,0.0,4.8280039008366264,-0.19307905630802621,-4.788329625579729,0.0,0.44827586206896547,0.9631191267918965,0.0,-0.9825819852558713,0.0,0.17468389224848818,0.10439066348672636,0.7043043043217904,-1.0,-0.9403535549768902,Biotechnology,Healthcare,XFOR
2022Q4,2022,Q4,2023-03-21,2022-12-31,-29104000.0,0.0,-25577000.0,-0.29,0.0,0.0,155586000.0,74051000.0,128677000.0,22324000.0,81535000.0,0.0,-376738000.0,100060638.0,16762638.0,0.7348808129726296,5.764065579645225,0.246937385111771,0.5188316160483991,-0.2182047659792288,0.7348808129726296,-0.3930264277322386,0.0,-0.8595093286146234,1.3512395241117607,0.0,0.0,0.0,0.0,5.503941945887834,-0.18706053243865128,-5.231381711716422,0.0,-0.11538461538461527,0.9713624626617817,0.0,-0.9861152627878982,0.0,-0.34828129343092745,-0.2690780986404684,0.5611483856854794,0.0,-0.9063570076891556,Biotechnology,Healthcare,XFOR
2022Q3,2022,Q3,2022-11-03,2022-09-30,-21586000.0,0.0,-20154000.0,-0.26,0.0,0.0,113406000.0,61849000.0,85718000.0,28713000.0,51557000.0,0.0,-347634000.0,142290810.0,100752810.0,0.743279133768372,2.985337651934664,0.33787453926600003,0.6195249721094924,-0.19159194623929232,0.743279133768372,-0.349011301718702,0.0,-1.6479524923561568,2.3006161781112064,0.0,0.0,0.0,0.0,2.8128025632988543,-0.1903426626457154,-7.3668552938130984,0.0,0.5666666666666667,0.9596739643548453,0.0,-0.8844563615946831,0.0,-0.017631529323024704,0.02022362664073894,0.7867466717872107,0.0,-0.8631773326515348,Biotechnology,Healthcare,XFOR
2022Q2,2022,Q2,2022-08-04,2022-06-30,-21212000.0,0.0,-20570000.0,-0.6,0.0,0.0,81019000.0,30073000.0,52585000.0,22002000.0,50946000.0,-843000.0,-326048000.0,34196705.0,25191705.0,0.848632784942292,2.3900099990909918,0.4736296424295536,1.2759950786419711,-0.2790738133535416,0.848632784942292,-0.7053503142353607,0.0,-0.4030348976994154,1.1371231669603963,0.0,0.0,0.0,0.0,2.191664394145987,-0.26181512978437155,-1.8472723098530683,0.0,0.07692307692307698,0.9026312027835649,0.0,0.0,0.0,0.03428181197359435,0.03281925898062817,0.41061987976886727,0.0,-0.8837177269373487,Biotechnology,Healthcare,XFOR
2022Q1,2022,Q1,2022-05-12,2022-03-31,-21965000.0,0.0,-21268000.0,-0.65,0.0,0.0,99625000.0,49714000.0,70881000.0,14970000.0,49911000.0,0.0,-304836000.0,59039750.0,31427750.0,1.4735750066692355,4.734869739478958,0.38961104140526975,0.7807659814136862,-0.22620371335580342,1.4735750066692355,-0.44182725188075794,0.0,-0.6719753016162077,1.1875880033793298,0.0,0.0,0.0,0.0,4.495323981295925,-0.2204767879548306,-2.915399239543726,0.0,0.375,0.8878007838171663,0.0,0.0,0.0,0.27285066375343464,0.29585485366176667,0.8971391806576176,0.0,-0.9140206197120863,Biotechnology,Healthcare,XFOR
2021Q4,2021,Q4,2022-03-17,2021-12-31,-30207000.0,0.0,-30204000.0,-1.04,0.0,0.0,117176000.0,64412000.0,87878000.0,14023000.0,52764000.0,0.0,-282871000.0,66435190.0,-12686810.0,2.2202612802040607,6.266704699422378,0.022743565235201747,0.041374278084828915,-0.4503331991591753,2.2202612802040607,-0.46896541017201765,0.0,-0.5498327374449631,1.0314101409675216,0.0,0.0,0.0,0.0,5.832346858732083,-0.25779169795862633,-3.48448494702612,0.0,-0.368421052631579,0.8184056124989134,0.0,1.036427562490666,0.0,-0.49724907063197027,-0.5797897379570062,0.8088666478580112,-1.0,-0.8234267319803344,Biotechnology,Healthcare,XFOR
2021Q3,2021,Q3,2021-11-04,2021-09-30,-20175000.0,0.0,-19119000.0,-0.76,0.0,0.0,120517000.0,68679000.0,80700000.0,13232000.0,51838000.0,0.0,-252664000.0,140761610.0,104212610.0,2.581044007666579,6.098851269649335,0.3306089597318221,0.5801482258041032,-0.16680387943829628,2.581044007666579,-0.29375791726728695,0.0,-1.7442578686493184,2.0495582346860033,0.0,0.0,0.0,0.0,5.822173518742442,-0.1674037687629131,-9.891195980605719,0.0,-0.027027027027027053,0.8821365666076166,0.0,-0.5987735939551176,0.0,-0.027344943476932476,-0.006422066642101385,0.8340367918904448,0.0,-0.7792548164979841,Biotechnology,Healthcare,XFOR
2021Q2,2021,Q2,2021-08-03,2021-06-30,-19638000.0,0.0,-18997000.0,-0.74,0.0,0.0,141659000.0,89213000.0,101371000.0,13120000.0,52446000.0,0.0,-232489000.0,172425500.0,117141500.0,3.363101745391488,7.726448170731707,0.28149993999675277,0.4469864257451268,-0.14031977795159944,3.363101745391488,-0.2201248696938787,0.0,-2.1950491394235665,1.9327396231490925,0.0,0.0,0.0,0.0,7.333384146341463,-0.1386286787284959,-8.941839962661412,0.0,0.1777821803384022,0.8795784386896396,0.0,0.0,0.0,-0.051509959306061254,-0.05915477252453167,0.8545375167439877,0.0,-0.7876891964264919,Biotechnology,Healthcare,XFOR
2021Q1,2021,Q1,2021-05-06,2021-03-31,-18676000.0,0.0,-17936000.0,-0.9000048190448653,0.0,0.0,161035000.0,106937000.0,119959000.0,14672000.0,54098000.0,0.0,-212851000.0,178666110.0,103531110.0,5.153342007614091,8.176049618320612,0.24721333871518614,0.37227526487558094,-0.1171125783353317,5.153342007614091,-0.17464488437117182,0.0,-2.391653860569715,1.6707604477402582,0.0,0.0,0.0,0.0,7.886654852780807,-0.11597478808954576,-9.43326874340021,0.0,0.010983715335312902,0.8449006737042619,0.0,0.0,-1.0,-0.015,-0.015916171056357974,0.7982898700911534,0.0,-0.7464559563497538,Biotechnology,Healthcare,XFOR
2020Q4,2020,Q4,2021-03-19,2020-12-31,-18400000.0,3e-06,-17655000.0,-0.91,3e-06,1.0,122871000.0,72799000.0,83307000.0,11948000.0,50072000.0,0.0,0.0,129718820.0,84974820.0,3.6085555665708338,6.97246401071309,0.2764199851877172,0.4665448701218423,-0.15758749654246523,3.6085555665708338,-0.25275072459786535,43239606666666.664,-1.7624839673913042,1.7818763994010907,0.0,0.0,0.0,2.4415850770320094e-14,6.664295279544693,-0.14975055139129656,-7.28511849938223,1.0,-0.045977011494252915,0.8409318127926952,0.0,1.0592051415634371,0.0,-0.05450169064129749,-0.03975265017667844,0.9095678591161694,0.0,-0.9318204464279983,Biotechnology,Healthcare,XFOR
2020Q3,2020,Q3,2020-11-05,2020-09-30,-17449000.0,0.0,-16980000.0,-0.87,0.0,0.0,133126000.0,89708000.0,93913000.0,13179000.0,43418000.0,0.0,-175775000.0,135975450.0,73456450.0,4.466417724670152,7.125957963426663,0.19750461968360802,0.29309537610915415,-0.13982904293690399,4.466417724670152,-0.1945088509386008,0.0,-1.9481839933520544,1.5157561198555312,0.0,0.0,0.0,0.0,6.78663024508688,-0.13107131589621862,-9.1726558283864,0.0,-0.14473684210526314,0.8649505546856894,0.0,-0.30568997419587435,0.0,-0.1522054939249868,-0.1584117887842816,0.8649505546856894,0.0,-0.30568997419587435,Biotechnology,Healthcare,XFOR
2020Q2,2020,Q2,2020-08-04,2020-06-30,-15144000.0,0.0,-14658000.0,-0.76,0.0,0.0,142534000.0,104884000.0,109887000.0,10781000.0,37650000.0,0.0,-158326000.0,186698240.0,109292240.0,5.23582268370607,10.192653742695482,0.18478398136584956,0.25111551809618243,-0.1097098205932324,5.23582268370607,-0.14438808588535906,0.0,-3.0820496566296884,1.7800450020975556,0.0,0.0,0.0,0.0,9.670067711715054,-0.1062483337308993,-16.27993024066969,0.0,-0.35714285714285704,0.877026530872252,0.0,0.0,0.0,-0.35966959956904293,-0.3853132974199036,0.877026530872252,0.0,0.0,Biotechnology,Healthcare,XFOR
2020Q1,2020,Q1,2020-05-07,2020-03-31,-11138000.0,3000000.0,-10581000.0,-0.56,0.0,0.0,153717000.0,118791000.0,121950000.0,7950000.0,34926000.0,0.0,-143182000.0,200140000.0,111268000.0,5.93539522334366,15.339622641509434,0.17032598866748636,0.22040390265255785,-0.07266567789305947,5.93539522334366,-0.09376131188389693,66.71333333333334,-4.492278685580894,1.684807771632531,0.0,0.0,0.0,0.01951638400437167,14.90188679245283,-0.07245782834689722,-12.444969531152841,0.0,0.15151515151515146,0.9040956304774216,0.0,0.0,0.0,-0.02777521454277014,0.02703448275862069,0.9040956304774216,0.0,0.0,Biotechnology,Healthcare,XFOR
2019Q4,2019,Q4,2020-03-12,2019-12-31,-10837000.0,0.0,-10875000.0,-0.66,0.0,0.0,160698000.0,129220000.0,129278000.0,9447000.0,31478000.0,0.0,-132044000.0,176186200.0,70997200.0,7.8476861411393175,13.684555943685826,0.13064879463341175,0.16247484909456741,-0.0710640327776725,7.8476861411393175,-0.0838647268224733,0.0,-4.06445972132509,1.3634592168394983,0.0,0.0,0.0,0.0,13.568540277336721,-0.06743705584388107,-18.895988845988846,0.0,0.4590163934426229,0.8852167578722808,0.0,1.1287560522098605,0.0,0.3882240036129615,0.35938972667295005,0.8852167578722808,0.0,1.1287560522098605,Biotechnology,Healthcare,XFOR
2019Q3,2019,Q3,2019-11-07,2019-09-30,-17714000.0,0.0,-16976000.0,-1.22,0.0,0.0,109537000.0,79107000.0,79215000.0,8279000.0,30430000.0,0.0,-121207000.0,185083020.0,129696020.0,5.432426864441697,9.568184563353062,0.19047445155518228,0.26374404287863273,-0.16482193483242066,5.432426864441697,-0.22392455787730542,0.0,-2.6121008806593657,2.3396541393302743,0.0,0.0,0.0,0.0,9.419132745500665,-0.16171704538192574,-14.399985995487436,0.0,-0.19607843137254896,0.8109007911711635,0.0,-0.15552268754528795,0.0,-0.3236195172980647,-0.26554346205456986,0.8109007911711635,0.0,-0.15552268754528795,Biotechnology,Healthcare,XFOR
2019Q2,2019,Q2,2019-08-07,2019-06-30,-13383000.0,0.0,-13414000.0,-1.02,0.0,0.0,133507000.0,96168000.0,96649000.0,13204000.0,37339000.0,0.0,-103493000.0,207541451.25,144120451.25,7.298040901600373,7.319675855801273,0.20043143805193736,0.27825264121121374,-0.10632867243729985,7.298040901600373,-0.13916271524831544,0.0,-3.8769605329522525,2.1581134187047666,0.0,0.0,0.0,0.0,6.959103302029688,-0.10024193487981904,-14.511358638651936,0.0,0.8470764617691156,0.8347945682690304,0.0,0.0,0.0,-0.23084705233146327,-0.2851120904387814,0.8347945682690304,0.0,0.0,Biotechnology,Healthcare,XFOR
2019Q1,2019,Q1,2019-05-15,2019-03-31,-10873000.0,0.0,-10438000.0,-6.67,0.0,0.0,62548000.0,29441000.0,26223000.0,16450000.0,33108000.0,0.0,-90110000.0,30851831.68,28056831.68,17.138702346245914,1.5941033434650456,0.31182451876958495,0.6624774973676166,-0.19671698611032584,17.138702346245914,-0.3693149009884175,0.0,-0.7093679683619977,1.047920643999864,0.0,0.0,0.0,0.0,1.4499088145896657,-0.17383449510775725,-2.6256878025531916,0.0,-0.22438340272117838,-0.09078672423721762,0.0,0.0,0.0,-0.16189356700149604,-0.1019847972972973,-0.09078672423721762,0.0,0.0,Biotechnology,Healthcare,XFOR
2018Q4,2018,Q4,2019-03-11,2018-12-31,-9358000.0,3500000.0,-9472000.0,-5.44764,0.0,0.0,36004000.0,21600000.0,35080000.0,5398000.0,14404000.0,0.0,-135286000.0,23911887.36,1051887.3599999994,12.574164283784917,6.49870322341608,0.2192534162870792,0.365462962962963,-0.32115006441988203,12.574164283784917,-0.43324074074074076,6.831967817142857,-0.6388087027142553,1.1070318222222222,0.0,0.0,0.0,0.09721142095322742,6.2269359021859945,-0.25991556493722917,-3.374525453005927,0.0,-0.19466025261891956,0.049907378979132444,0.0,1.206302816384465,0.0,0.14146788990825687,0.26270724682805324,0.049907378979132444,0.0,1.206302816384465,Biotechnology,Healthcare,XFOR
2018Q3,2018,Q3,2018-11-09,2018-09-30,-10900000.0,0.0,-12847000.0,-4.559991,0.0,0.0,45901000.0,27897000.0,44934000.0,8853000.0,18004000.0,0.0,-125928000.0,22188925.8,-7829074.199999999,11.69241369945002,5.075567604201965,0.2338729003725409,0.3848084023371689,-0.33254814661420584,11.69241369945002,-0.39072301681184357,0.0,-0.5089203165137615,0.7953875255403807,0.0,0.0,0.0,0.0,4.9274822094205355,-0.23746759329862094,-2.7169004285539367,0.0,0.10588236447522444,0.28982191453795164,0.0,0.8175998211132809,0.0,0.10162367097997198,-0.01831008243500317,0.28982191453795164,0.0,0.8175998211132809,Biotechnology,Healthcare,XFOR
2018Q2,2018,Q2,2018-08-13,2018-06-30,-12133000.0,0.0,-12616000.0,-5.09999,0.0,0.0,57210000.0,37764000.0,56562000.0,10214000.0,19446000.0,0.0,-115028000.0,51923977.38,13175977.380000003,15.840464492552709,5.537693362052085,0.19563013459185458,0.29636691028492745,-0.25770079254841083,15.840464492552709,-0.32128482152314375,0.0,-1.0698915639165911,1.3749596806482365,0.0,0.0,0.0,0.0,5.102604268650872,-0.21207830798811397,-3.84422724365144,0.0,-0.148648724738406,0.17214694390704213,0.0,0.0,0.0,-0.1413922859830668,-0.1521461187214612,0.17214694390704213,0.0,0.0,Biotechnology,Healthcare,XFOR
2018Q1,2018,Q1,2018-05-10,2018-03-31,-10630000.0,0.0,-10950000.0,-4.439991,0.0,0.0,69221000.0,48423000.0,68525000.0,9297000.0,20798000.0,0.0,-102895000.0,327199914.72,275216914.72,20.32523396496318,7.370657201247714,0.17358893977261236,0.2481465419325527,-0.18117440725359454,20.32523396496318,-0.21952378002189044,0.0,-7.695200252116651,6.757117789480207,0.0,0.0,0.0,0.0,7.090997095837367,-0.15356611432946649,-26.870322305986697,0.0,0.5595238284202945,0.2310781497893643,0.0,0.0,0.0,0.04978993474568696,0.056522488368085474,0.2310781497893643,0.0,0.0,Biotechnology,Healthcare,XFOR
2017Q4,2017,Q4,2018-03-09,2017-12-31,-11187000.0,0.0,-11606000.0,-10.07998,0.0,0.0,81254000.0,58707000.0,79530000.0,10680000.0,22547000.0,0.0,-92265000.0,84920505.12,20363505.120000005,52.9272395830516,7.446629213483146,0.15058950943953528,0.2084248897065086,-0.16359612646772762,52.9272395830516,-0.1905564924114671,0.0,-1.8977497345132743,1.44651413153457,0.0,0.0,0.0,0.0,7.340917602996255,-0.13767937578457676,-6.588091941039566,0.0,-0.5647866421599066,-0.7589784522700188,0.0,1.8683709185762418,0.0,0.03560344827586207,0.11106004901960784,-0.7589784522700188,0.0,1.8683709185762418,Biotechnology,Healthcare,XFOR
2017Q3,2017,Q3,2017-09-30,2017-09-30,-11600000.0,0.0,-13056000.0,-6.44176,0.0,0.0,37162000.0,11600000.0,33268000.0,13254000.0,25562000.0,0.0,-81078000.0,151796238.12,138060238.12,6.432886691355642,2.510034706503697,0.3368494698885959,1.0791379310344829,-0.5413384194377643,6.432886691355642,-1.0,0.0,-3.2714706491379313,13.085882596551725,0.0,0.0,0.0,0.0,2.090538705296514,-0.3121468166406544,-29.717352803445575,0.0,-0.04546904877598323,0.0,0.0,0.0,0.0,-1.0333041191936898,-1.3132530120481927,0.0,0.0,0.0,Biotechnology,Healthcare,XFOR
2017Q2,2017,Q2,2017-06-30,2017-06-30,-5705000.0,0.0,-5644000.0,-6.161598,0.0,0.0,,,,,,,,78119545.08000001,,,0.0,0.0,0.0,0.0,,0.0,0.0,-3.423292948290973,0.0,0.0,0.0,0.0,0.0,0.0,0.0,-12.231023184593708,0.0,-0.060459972252757004,0.0,0.0,0.0,0.0,-0.059424326833797586,0.03140552599965677,0.0,0.0,0.0,Biotechnology,Healthcare,XFOR
2017Q1,2017,Q1,2017-03-31,2017-03-31,-5385000.0,0.0,-5827000.0,-5.810307,0.0,0.0,,,,,,,,78119545.08000001,,,0.0,0.0,0.0,0.0,,0.0,0.0,-3.62671982729805,0.0,0.0,0.0,0.0,0.0,0.0,0.0,-22.142728197278917,0.0,-0.013343158115037206,0.0,0.0,0.0,0.0,-0.012027814320616425,-0.022280701754385963,0.0,0.0,0.0,Biotechnology,Healthcare,XFOR
2016Q4,2016,Q4,2016-12-31,2016-12-31,-5321000.0,0.0,-5700000.0,-5.7338,0.0,0.0,7604000.0,-56562000.0,5716000.0,12060000.0,64166000.0,0.0,-58388000.0,78119545.08000001,90373545.08000001,-60.95003696096793,0.4739635157545605,2.010652288269332,-0.2703051518687458,0.13810481428536817,-60.95003696096793,0.09407375976804215,0.0,-3.6703413399736897,-1.381131237933595,0.0,0.0,0.0,0.0,0.36318407960199006,-0.6997632824829038,-24.697927625671834,0.0,0.0,0.0,0.0,0.0,0.0,0.0,0.0,0.0,0.0,0.0,Biotechnology,Healthcare,XFOR
