Quarters,Year,Quarter,FillingDate,Date,NetIncome,Revenue,OperatingIncome,EPSDiluted,GrossProfit,GrossProfitRatio,TotalAssets,CommonStockEquity,CurrentAssets,CurrentLiability,TotalLiability,Inventory,RetainedEarnings,MarketCap,EnterpriseValue,bookValuePerShare,currentRatio,debtToAssets,debtToEquity,roic,shareholdersEquityPerShare,roe,priceToSalesRatio,peRatio,pbRatio,payoutRatio,inventoryTurnover,dividendYield,assetTurnover,quickRatio,returnOnAssets,priceToFreeCashFlowsRatio,grossProfitMargin,epsdilutedGrowth,fiveYNetIncomeGrowthPerShare,fiveYRevenueGrowthPerShare,fiveYShareholdersEquityGrowthPerShare,grossProfitGrowth,netIncomeGrowth,operatingIncomeGrowth,threeYNetIncomeGrowthPerShare,threeYRevenueGrowthPerShare,threeYShareholdersEquityGrowthPerShare,Industry,Sector,Symbol
2023Q1,2023,Q1,2023-05-03,2023-04-01,57000000.0,1549000000.0,101000000.0,0.38,420000000.0,0.2711426727,6399000000.0,2604000000.0,2495000000.0,1469000000.0,3795000000.0,1008000000.0,657000000.0,2687160000.0,3847160000.0,17.714285714285715,1.6984343090537781,0.22691045475855603,0.5576036866359447,0.017360545694693228,17.714285714285715,0.021889400921658985,1.734770819883796,11.785789473684211,1.0319354838709678,0.0,1.1200396825396826,0.0,0.242069073292702,0.8692988427501702,0.008907641819034223,-111.965,0.2711426726920594,0.4615384615384615,0.06375373242630375,0.1166170306268431,0.0,-0.025522041763341066,0.46153846153846156,0.030612244897959183,3.2704353741496597,0.09898356153317994,0.4320736357659436,Security & Protection Services,Industrials,REZI
2022Q4,2022,Q4,2023-02-21,2022-12-31,39000000.0,1560000000.0,98000000.0,0.26,431000000.0,0.2762820513,6387000000.0,2529000000.0,2502000000.0,1546000000.0,3858000000.0,975000000.0,600000000.0,2401700000.0,3491700000.0,17.32191780821918,1.6183699870633894,0.2217003287928605,0.5599051008303677,0.013711702661978905,17.32191780821918,0.01542111506524318,1.539551282051282,15.395512820512819,0.949663898774219,0.0,1.157948717948718,0.0,0.244246124941287,0.8589909443725744,0.0061061531235321745,27.292045454545455,0.2762820512820513,-0.38095238095238093,1.0734448756750161,0.09104215642951832,-0.1784804646377466,0.002325581395348837,-0.38095238095238093,-0.11711711711711711,4.646025114155251,0.00657135053365835,0.3282623903340004,Security & Protection Services,Industrials,REZI
2022Q3,2022,Q3,2022-11-01,2022-10-01,63000000.0,1618000000.0,111000000.0,0.42,430000000.0,0.2657601978,6262000000.0,2400000000.0,2450000000.0,1542000000.0,3862000000.0,957000000.0,561000000.0,2778090300.0,3982090300.0,16.465987444684572,1.5888456549935148,0.23251357393803895,0.6066666666666667,0.018711469303878757,16.465987444684572,0.02625,1.7169902966625463,11.024167857142857,1.157537625,0.0,1.2413793103448276,0.0,0.25838390290641966,0.8398184176394293,0.01006068348770361,102.89223333333334,0.2657601977750309,-0.33333333333333337,1.3199858786259848,0.1895937291554701,0.0,-0.07922912205567452,-0.32978723404255317,-0.23448275862068965,5.633142945353504,0.11162125229363468,0.28514258015506994,Security & Protection Services,Industrials,REZI
2022Q2,2022,Q2,2022-08-04,2022-07-02,94000000.0,1686000000.0,145000000.0,0.63,467000000.0,0.2769869514,6316000000.0,2394000000.0,2481000000.0,1579000000.0,3922000000.0,971000000.0,498000000.0,2813138380.0,4020138380.0,16.45847226328056,1.571247625079164,0.23084230525649144,0.6090225563909775,0.026760751421480853,16.45847226328056,0.03926482873851295,1.6685281020166074,7.481751010638298,1.1750786883876356,0.0,1.255406797116375,0.0,0.26694110196326787,0.8385053831538949,0.014882837238758708,93.77127933333334,0.27698695136417556,0.08620689655172423,3.986195868882212,0.3055950046490778,0.0,0.07603686635944701,0.08045977011494253,0.09848484848484848,8.208503356505858,0.14510658212352817,0.2677053023882765,Security & Protection Services,Industrials,REZI
2022Q1,2022,Q1,2022-05-03,2022-04-02,87000000.0,1506000000.0,132000000.0,0.58,434000000.0,0.2881806109,6245000000.0,2361000000.0,2339000000.0,1546000000.0,3884000000.0,922000000.0,404000000.0,3549586280.0,4729586280.0,16.269518598657644,1.5129366106080206,0.22802241793434747,0.6031342651418891,0.02507505704335295,16.269518598657644,0.036848792884371026,2.356963001328021,10.199960574712645,1.5034249385853453,0.0,1.1626898047722343,0.0,0.2411529223378703,0.8098318240620958,0.013931144915932746,-45.50751641025641,0.28818061088977426,0.28888888888888875,0.6446805036820609,0.09969905514807632,0.0,0.09595959595959595,0.29850746268656714,0.168141592920354,0.5308791810802244,0.046054467652821084,0.25260985844062034,Security & Protection Services,Industrials,REZI
2021Q4,2021,Q4,2022-02-15,2021-12-31,67000000.0,1454000000.0,113000000.0,0.45,396000000.0,0.272352132,5853000000.0,2252000000.0,2541000000.0,1494000000.0,3601000000.0,740000000.0,317000000.0,3762896800.0,4213896800.0,15.57830658550083,1.7008032128514057,0.21014864172219375,0.5461811722912966,0.02131691275016612,15.57830658550083,0.02975133214920071,2.5879620357634114,14.040659701492539,1.6709133214920073,0.0,1.4297297297297298,0.0,0.24841961387322742,1.107764390896921,0.01144712113446096,38.792750515463915,0.2723521320495186,-0.021739130434782625,1.127431387526607,0.02703691988192229,-0.26117400339015406,-0.04807692307692308,-0.014705882352941176,-0.32335329341317365,2.5484543615107915,-0.026770858194960657,0.24483168846527467,Security & Protection Services,Industrials,REZI
2021Q3,2021,Q3,2021-11-04,2021-10-02,68000000.0,1496000000.0,167000000.0,0.46,416000000.0,0.27807486631016043,5834000000.0,2158000000.0,2507000000.0,1532000000.0,3676000000.0,710000000.0,250000000.0,3624414080.0,4170414080.0,14.95661334590114,1.6364229765013054,0.21117586561535825,0.5708989805375347,0.03453456193169723,14.95661334590114,0.03151065801668211,2.4227366844919787,13.325051764705883,1.6795245968489343,0.0,1.5211267605633803,0.0,0.2564278368186493,1.056135770234987,0.011655810764484058,39.828726153846155,0.27807486631016043,0.1794871794871795,1.529641588509618,0.11110993384189807,0.0,0.09186351706036745,0.1724137931034483,0.38016528925619836,-0.8129203969912501,0.06666553648822224,-0.31232210206985217,Security & Protection Services,Industrials,REZI
2021Q2,2021,Q2,2021-08-05,2021-06-30,58000000.0,1477000000.0,121000000.0,0.39,381000000.0,0.25795531482735273,5712000000.0,2103000000.0,2356000000.0,1511000000.0,3609000000.0,684000000.0,182000000.0,4318170000.0,4933170000.0,14.610355775710545,1.559232296492389,0.20903361344537816,0.5677603423680456,0.026279034063888984,14.610355775710545,0.02757964812173086,2.9236086662153014,18.61280172413793,2.0533380884450785,0.0,1.6023391812865497,0.0,0.25857843137254904,0.9755129053606882,0.01015406162464986,55.36115384615385,0.25795531482735273,0.1818181818181818,2.10903505999069,0.155812933200667,0.0,0.035326086956521736,0.1836734693877551,-0.06923076923076923,0.5074109381773043,0.059173055842751655,-0.2727140454771499,Security & Protection Services,Industrials,REZI
2021Q1,2021,Q1,2021-05-06,2021-03-31,49000000.0,1419000000.0,130000000.0,0.33,368000000.0,0.25933756166314303,5576000000.0,2032000000.0,2220000000.0,1446000000.0,3544000000.0,681000000.0,124000000.0,4050541500.0,4738541500.0,14.171932320653918,1.5352697095435686,0.21449067431850788,0.5885826771653543,0.027032302965490317,14.171932320653918,0.024114173228346455,2.8545042283298097,20.66602806122449,1.9933767224409449,0.0,1.5433186490455213,0.0,0.2544835007173601,0.9564315352697096,0.008787661406025825,-289.32439285714287,0.25933756166314303,-0.24999999999999997,-0.06247032712923841,0.0487160770984057,0.0,-0.13002364066193853,-0.1694915254237288,-0.14473684210526316,-0.06247032712923841,0.0487160770984057,0.0,Security & Protection Services,Industrials,REZI
2020Q4,2020,Q4,2021-02-25,2020-12-31,59000000.0,1501000000.0,152000000.0,0.44,423000000.0,0.28181212524983346,5610000000.0,1993000000.0,2225000000.0,1538000000.0,3617000000.0,672000000.0,75000000.0,2793691560.0,3438691560.0,15.166735156689953,1.4466840052015604,0.2071301247771836,0.5830406422478676,0.02930383779633049,15.166735156689953,0.02960361264425489,1.8612202265156563,11.837676101694916,1.4017519116909183,0.0,1.6041666666666667,0.0,0.26755793226381464,0.8972691807542262,0.010516934046345811,21.16433,0.28181212524983346,-0.26666666666666666,1.1234487124977293,0.16636716629701187,-0.28069343378513356,0.14324324324324325,-0.21333333333333335,0.16030534351145037,1.1234487124977293,0.16636716629701187,-0.28069343378513356,Security & Protection Services,Industrials,REZI
2020Q3,2020,Q3,2020-11-05,2020-09-26,75000000.0,1362000000.0,131000000.0,0.6,370000000.0,0.27165932452276065,5269000000.0,1605000000.0,1923000000.0,1645000000.0,3664000000.0,618000000.0,16000000.0,1258894200.0,2320894200.0,13.004269937854984,1.1689969604863222,0.25090149933573735,0.8236760124610591,0.04093511211845976,13.004269937854984,0.04672897196261682,0.9242982378854625,4.196314,0.7843577570093457,0.0,1.6051779935275081,0.0,0.2584930726893149,0.6954407294832827,0.014234200037957867,629.4471,0.27165932452276065,1.967741935483871,2.261673282997784,0.1825830701757939,0.0,0.5677966101694916,1.986842105263158,22.833333333333332,2.261673282997784,0.1825830701757939,0.0,Security & Protection Services,Industrials,REZI
2020Q2,2020,Q2,2020-08-04,2020-06-30,-76000000.0,1029000000.0,-6000000.0,-0.62,236000000.0,0.2293488824101069,5166000000.0,1495000000.0,1843000000.0,1662000000.0,3671000000.0,614000000.0,-59000000.0,1443939160.0,2508939160.0,12.134444778130403,1.108904933814681,0.2762291908633372,0.954515050167224,-0.0029444810352175434,12.134444778130403,-0.050836120401337795,1.4032450534499514,-4.749799868421053,0.9658455919732442,0.0,1.291530944625407,0.0,0.1991869918699187,0.641395908543923,-0.014711575687185443,11.107224307692308,0.2293488824101069,-2.6470588235294112,-5.759577648271551,-0.05923830194555764,0.0,-0.16901408450704225,-2.619047619047619,-1.1764705882352942,-5.759577648271551,-0.05923830194555764,0.0,Security & Protection Services,Industrials,REZI
2020Q1,2020,Q1,2020-05-07,2020-03-31,-21000000.0,1179000000.0,34000000.0,-0.17,284000000.0,0.2408821034775233,5287000000.0,1521000000.0,1993000000.0,1755000000.0,3766000000.0,671000000.0,17000000.0,595136080.0,1788136080.0,12.369675184203249,1.1356125356125357,0.28957821070550405,1.0065746219592373,0.009357798165137614,12.369675184203249,-0.013806706114398421,0.5047803901611535,-7.084953333333333,0.39127947403024327,0.0,1.3338301043219076,0.0,0.2229998108568186,0.6598290598290598,-0.00397200680915453,-6.612623111111111,0.2408821034775233,-1.4285714285714286,-1.4685241185623743,0.01604525282349347,0.0,-0.0273972602739726,-1.3333333333333333,-0.5277777777777778,-1.4685241185623743,0.01604525282349347,0.0,Security & Protection Services,Industrials,REZI
2019Q4,2019,Q4,2020-02-27,2019-12-31,-9000000.0,1304000000.0,72000000.0,-0.07,292000000.0,0.22392638036809817,5128000000.0,1602000000.0,1785000000.0,1494000000.0,3526000000.0,671000000.0,38000000.0,1465516990.0,2523516990.0,13.041036119274196,1.1947791164658634,0.23010920436817472,0.7365792759051186,0.023292595255212076,13.041036119274196,-0.0056179775280898875,1.123862722392638,-40.70880527777778,0.9148046129837702,0.0,1.5081967213114753,0.0,0.2542901716068643,0.6285140562248996,-0.0017550702028081124,22.89870296875,0.22392638036809817,-2.166666666666667,0.9798561794350029,0.08391934247987061,-0.38150809558367693,0.010380622837370242,-2.125,0.22033898305084745,0.9798561794350029,0.08391934247987061,-0.38150809558367693,Security & Protection Services,Industrials,REZI
2019Q3,2019,Q3,2019-11-06,2019-09-30,8000000.0,1226000000.0,59000000.0,0.06,289000000.0,0.23572593800978792,5133000000.0,1573000000.0,1840000000.0,1551000000.0,3560000000.0,729000000.0,47000000.0,1761749500.0,2882749500.0,12.812576362303494,1.1863313990973565,0.2441067601792324,0.7965670692943421,0.020877565463552725,12.812576362303494,0.0050858232676414495,1.4369898042414355,55.054671875,1.1199933248569613,0.0,1.2853223593964336,0.0,0.2388466783557374,0.6299161831076725,0.0015585427625170465,-28.881139344262294,0.23572593800978792,1.6666666666666667,-0.6502433465192955,0.07014302461468144,0.0,-0.02364864864864865,1.7272727272727273,0.40476190476190477,-0.6502433465192955,0.07014302461468144,0.0,Security & Protection Services,Industrials,REZI
2019Q2,2019,Q2,2019-08-07,2019-06-30,-11000000.0,1242000000.0,42000000.0,-0.09,296000000.0,0.23832528180354268,5160000000.0,1593000000.0,1846000000.0,1559000000.0,3567000000.0,722000000.0,39000000.0,2669952000.0,3718952000.0,12.982885085574573,1.1840923669018601,0.23081395348837208,0.7476459510357816,0.015086206896551725,12.982885085574573,-0.006905210295040804,2.1497198067632852,-60.68072727272728,1.6760527306967985,0.0,1.3102493074792243,0.0,0.24069767441860465,0.6266837716484926,-0.002131782945736434,-53.39904,0.23832528180354268,-1.2307692307692306,-1.6917102791361043,0.14015151517855562,0.0,-0.054313099041533544,-1.2291666666666667,-0.5058823529411764,-1.6917102791361043,0.14015151517855562,0.0,Security & Protection Services,Industrials,REZI
2019Q1,2019,Q1,2019-05-08,2019-03-31,48000000.0,1216000000.0,85000000.0,0.39,313000000.0,0.2574013157894737,5144000000.0,1592000000.0,1862000000.0,1559000000.0,3552000000.0,701000000.0,50000000.0,2456302800.0,3440302800.0,12.988496369421554,1.1943553559974343,0.23250388802488337,0.7512562814070352,0.017421602787456445,12.988496369421554,0.03015075376884422,2.0199858552631578,12.79324375,1.542903768844221,0.0,1.2881597717546363,0.0,0.2363919129082426,0.6735086593970494,0.00933125972006221,-98.252112,0.2574013157894737,2.0,0.0743372331456854,0.05128278608247343,0.0,-0.051515151515151514,2.0,-0.19047619047619047,0.0743372331456854,0.05128278608247343,0.0,Security & Protection Services,Industrials,REZI
2018Q4,2018,Q4,2019-03-18,2018-12-31,16000000.0,1266000000.0,105000000.0,0.13,330000000.0,0.26066350710900477,4972000000.0,1533000000.0,1809000000.0,1489000000.0,3439000000.0,628000000.0,2000000.0,2517354450.0,3453354450.0,12.514387872554062,1.2149093351242444,0.2415526950925181,0.7834311806914547,0.016170638740230236,12.514387872554062,0.010437051532941943,1.98843163507109,39.333663281250004,1.6421098825831704,0.0,1.4904458598726114,0.0,0.25462590506838295,0.7293485560779046,0.003218020917135961,36.48339782608696,0.26066350710900477,-0.9483965211316246,1.0359118011799233,0.055287882129265206,-0.4064852273155674,-0.04899135446685879,-0.9485530546623794,-0.1796875,1.0359118011799233,0.055287882129265206,-0.4064852273155674,Security & Protection Services,Industrials,REZI
2018Q3,2018,Q3,2018-11-13,2018-09-30,311000000.0,1200000000.0,128000000.0,2.51921,347000000.0,0.2891666666666667,4742000000.0,2685000000.0,1668000000.0,1400000000.0,2057000000.0,603000000.0,0.0,3580091180.0,3396091180.0,21.749446057404604,1.1914285714285715,0.0,0.0,-0.823670597972274,21.749446057404604,0.11582867783985103,2.9834093166666666,2.8778868006430867,1.3333672923649906,0.0,1.4145936981757876,0.0,0.25305778152678193,0.7092857142857143,0.06558414171235766,46.49469064935065,0.2891666666666667,8.435243445692885,12.521739130434783,0.041666666666666574,0.0,0.002890173410404624,8.424242424242424,-0.007751937984496124,12.521739130434783,0.041666666666666574,0.0,Security & Protection Services,Industrials,REZI
2018Q2,2018,Q2,2018-06-30,2018-06-30,33000000.0,1196000000.0,129000000.0,0.267,346000000.0,0.28929765886287623,4507000000.0,2480000000.0,1456000000.0,1233000000.0,2027000000.0,523000000.0,0.0,3580091180.0,3487091180.0,20.088873825833677,1.180859691808597,0.0,0.0,0.34330645161290324,20.088873825833677,0.013306451612903225,2.9933872742474916,27.12190287878788,1.4435851532258064,0.0,1.6252390057361377,0.0,0.2653649877967606,0.6966747769667477,0.007321943643221655,28.64072944,0.28929765886287623,-0.26752186460950955,1.0625,0.0912408759124088,0.0,0.008746355685131196,-0.26666666666666666,-0.015267175572519083,1.0625,0.0912408759124088,0.0,Security & Protection Services,Industrials,REZI
2018Q1,2018,Q1,2018-03-31,2018-03-31,45000000.0,1165000000.0,131000000.0,0.364516,343000000.0,0.2944206008583691,,,,,,,,3580091180.0,,,0.0,0.0,0.0,0.0,,0.0,3.0730396394849784,19.889395444444443,0.0,0.0,0.0,0.0,0.0,0.0,0.0,32.54628345454545,0.2944206008583691,1.1002227568212026,0.0,0.0,0.0,-0.04986149584487535,1.1002227171492205,-0.043795620437956206,0.0,0.0,0.0,Security & Protection Services,Industrials,REZI
2017Q4,2017,Q4,2017-12-31,2017-12-31,-449000000.0,1209000000.0,137000000.0,-3.6370582047577904,361000000.0,0.2985938792390405,4473000000.0,2603000000.0,1392000000.0,1147000000.0,1870000000.0,465000000.0,0.0,3580091180.0,3524091180.0,21.085217164776232,1.2136006974716653,0.0,0.0,-1.0741626794258372,21.085217164776232,-0.17249327698809067,2.9612003143093464,-1.9933692538975503,1.375371179408375,0.0,1.8236559139784947,0.0,0.2702883970489604,0.7480383609415867,-0.100380058126537,-23.247345324675326,0.2985938792390405,-20.521750030904688,0.0,0.0,0.0,0.0744047619047619,-20.52173913043478,0.12295081967213115,0.0,0.0,0.0,Security & Protection Services,Industrials,REZI
2017Q3,2017,Q3,2017-09-30,2017-09-30,23000000.0,1152000000.0,122000000.0,0.186308,336000000.0,0.2916666666666667,,,,,,,,3580091180.0,,,0.0,0.0,0.0,0.0,,0.0,3.1077180381944443,38.91403456521739,0.0,0.0,0.0,0.0,0.0,0.0,0.0,37.68517031578947,0.2916666666666667,0.4374951776923908,0.0,0.0,0.0,0.09090909090909091,0.4375,0.35555555555555557,0.0,0.0,0.0,Security & Protection Services,Industrials,REZI
2017Q2,2017,Q2,2017-06-30,2017-06-30,16000000.0,1096000000.0,90000000.0,0.129606,308000000.0,0.28102189781021897,,,,,,,,3580091180.0,,,0.0,0.0,0.0,0.0,,0.0,3.2665065510948903,55.9389246875,0.0,,0.0,,0.0,0.0,0.0,0.0,0.28102189781021897,0.0,0.0,0.0,0.0,0.0,0.0,0.0,0.0,0.0,0.0,Security & Protection Services,Industrials,REZI
