Quarters,Year,Quarter,FillingDate,Date,NetIncome,Revenue,OperatingIncome,EPSDiluted,GrossProfit,GrossProfitRatio,TotalAssets,CommonStockEquity,CurrentAssets,CurrentLiability,TotalLiability,Inventory,RetainedEarnings,MarketCap,EnterpriseValue,bookValuePerShare,currentRatio,debtToAssets,debtToEquity,roic,shareholdersEquityPerShare,roe,priceToSalesRatio,peRatio,pbRatio,payoutRatio,inventoryTurnover,dividendYield,assetTurnover,quickRatio,returnOnAssets,priceToFreeCashFlowsRatio,grossProfitMargin,epsdilutedGrowth,fiveYNetIncomeGrowthPerShare,fiveYRevenueGrowthPerShare,fiveYShareholdersEquityGrowthPerShare,grossProfitGrowth,netIncomeGrowth,operatingIncomeGrowth,threeYNetIncomeGrowthPerShare,threeYRevenueGrowthPerShare,threeYShareholdersEquityGrowthPerShare,Industry,Sector,Symbol
2023Q3,2023,Q3,2023-06-07,2023-04-30,-46046000.0,418800000.0,-49445000.0,-0.32,322951000.0,0.7711341929,3200712000.0,601274000.0,2527250000.0,1289142000.0,2599438000.0,103896000.0,-1059700000.0,12898713960.0,12838194960.0,4.136618187321987,1.9604124293522358,0.3795336787564767,2.0203401444266675,-0.03060473761905668,4.136618187321987,-0.07658072692316648,30.799221489971348,-70.03167462971811,21.45230620316195,0.0,0.9225475475475475,0.0,0.1308458867901892,1.8188422997621674,-0.01438617407626803,174.57588663616923,0.7711341929321872,0.20000000000000004,-1.666110129393104,3.3261700207903515,0.25562058518263103,0.07652486383060994,0.19854489756844726,0.2420828351574236,-1.1244940740598515,2.380670087322033,0.602313421890147,Software—Infrastructure,Technology,ZS
2023Q2,2023,Q2,2023-03-08,2023-01-31,-57453000.0,387598000.0,-65238000.0,-0.4,299994000.0,0.7739823219,3039956000.0,528657000.0,2416109000.0,1204004000.0,2511299000.0,96105000.0,-1013654000.0,17942485760.0,17901395760.0,3.658247469050799,2.0067283829621827,0.39998013129137394,2.3000206182836886,-0.03830700535749009,3.658247469050799,-0.10867727089587388,46.29148179299171,-78.07462517187962,33.9397487595927,0.0,0.9115446646896623,0.0,0.12750118751718775,1.8803575403403976,-0.01889928670020224,285.6265045050782,0.7739823218902059,0.1666666666666666,-6.159983696329633,5.9970413689188335,9.99794220873901,0.07582185468224965,0.15711100026407676,0.055712362673151244,-0.751078988840493,2.400951745063289,0.47180835246417185,Software—Infrastructure,Technology,ZS
2023Q1,2023,Q1,2022-12-07,2022-10-31,-68162000.0,355548000.0,-69087000.0,-0.48,278851000.0,0.7842851036,2835732000.0,431275000.0,2233361000.0,1111283000.0,2404457000.0,90004000.0,-956201000.0,22109651600.0,22243959600.0,3.0059034263570212,2.009713997244626,0.42996058865929504,2.8270894440901975,-0.04291743097982857,3.0059034263570212,-0.1580476494116283,62.18471655022669,-81.09229335993662,51.26578540374471,0.0,0.8521510155104217,0.0,0.12538138300798524,1.883865765966005,-0.02403682717548767,231.2386428765662,0.7842851035584506,0.3043478260869565,-3.3191983295201477,5.442278930490905,0.0,0.11651604998578584,0.30199074263711956,0.16287607992342085,-2.5485470798547074,2.377249806493469,0.22080728740777106,Software—Infrastructure,Technology,ZS
2022Q4,2022,Q4,2022-09-15,2022-07-31,-97652000.0,318059000.0,-82529000.0,-0.69,249751000.0,0.7852348149,2832665000.0,573300000.0,2256647000.0,1134447000.0,2259365000.0,86210000.0,-991878000.0,21851492500.0,21884004500.0,4.027255804151593,1.9892044317627884,0.3691654325520314,1.8240397697540556,-0.04993636242547263,4.027255804151593,-0.17033315890458747,68.7026385041769,-55.942255406955304,38.11528431885575,0.0,0.7923442756060782,0.0,0.11228260313167988,1.8785223108704066,-0.034473543465252686,292.24555643230667,0.785234814924275,0.041666666666666706,-4.357213532993296,5.335598040476987,7.374203069349111,0.12104046502233094,0.03701000936837434,0.0469762231947989,-15.421539057778995,2.277190513464229,0.6484760161005529,Software—Infrastructure,Technology,ZS
2022Q3,2022,Q3,2022-06-09,2022-04-30,-101405000.0,286807000.0,-86597000.0,-0.72,222785000.0,0.7767767174,2524544000.0,531577000.0,2047045000.0,912576000.0,1992967000.0,75897000.0,-894226000.0,28671896280.0,29082209280.0,3.7587999038339155,2.2431501595483554,0.3981732938701009,1.890988511542072,-0.054290014446156866,3.7587999038339155,-0.19076258002133276,99.96930437541621,-70.68659405354765,53.9374282183014,0.0,0.8435379527517557,0.0,0.11360744752319626,2.1148550915211444,-0.04016765007858845,655.4325358326666,0.7767767174441349,-0.014084507042253534,-8.825947879431949,5.375314314226125,0.0,0.1264283547375872,-0.009808803027285401,-0.031751894390697234,-6.305868531006195,2.1952990456921455,0.6352108898795163,Software—Infrastructure,Technology,ZS
2022Q2,2022,Q2,2022-03-09,2022-01-31,-100420000.0,255563000.0,-83932000.0,-0.71,197780000.0,0.7738991951,2422021000.0,539367000.0,1989165000.0,836042000.0,1882654000.0,69025000.0,-792821000.0,36127811650.0,36707629650.0,3.838501227626944,2.379264438867904,0.408599677707171,1.8348119184154759,-0.05436038032556912,3.838501227626944,-0.18618120871317675,141.36557972006904,-89.94177367556264,66.98187254689293,0.0,0.8371314741035857,0.0,0.1055164261581547,2.2614390186138973,-0.041461242491291364,1226.7924768243404,0.7738991951104033,-0.09230769230769222,-11.870569320241739,3.7447038509799095,10.539846614195433,0.10895552515307153,-0.10593495666347287,-0.1285581745572871,-23.674455715520658,2.004446280404277,0.7004236399077453,Software—Infrastructure,Technology,ZS
2022Q1,2022,Q1,2021-12-08,2021-10-31,-90801000.0,230517000.0,-74371000.0,-0.65,178348000.0,0.7736869732,2271118000.0,530199000.0,1855436000.0,715300000.0,1740919000.0,0.0,-692401000.0,44390849280.0,44997189280.0,3.806275844245348,2.5939270236264504,0.43064076811508695,1.8446583264019736,-0.049035166615001305,3.806275844245348,-0.17125833885012987,192.5708267936855,-122.22015528463342,83.72488307220496,0.0,0.0,0.0,0.10149934965950691,2.4558506920173353,-0.03998074956915493,532.4750714311418,0.7736869731950355,-0.10169491525423738,-4.926415109612735,3.3021431622977366,0.0,0.17646903612232512,-0.12068178171630278,-0.10347641586420761,-9.359174637276857,2.152643155906951,0.8200928916480178,Software—Infrastructure,Technology,ZS
2021Q4,2021,Q4,2021-09-16,2021-07-31,-81023000.0,197074000.0,-67397000.0,-0.59,151596000.0,0.7692338918,2257631000.0,528895000.0,1848303000.0,720205000.0,1728736000.0,0.0,-601600000.0,32503207980.0,33191914980.0,3.838747840729289,2.5663568011885505,0.4272642429165794,1.823811909736337,-0.04409475302406634,3.838747840729289,-0.15319297781223115,164.9289504450105,-100.29006572207891,61.45493525179856,0.0,0.0,0.0,0.08729238746278732,2.4432779555820914,-0.03588850436585961,1173.3586505902315,0.7692338918375838,-0.3720930232558139,-3.5926038318442646,3.056038864069992,6.982223010803919,0.10310201052194984,-0.3859799175490515,-0.5369897377423033,-9.06897478333941,2.0353231498947792,0.9047690504599399,Software—Infrastructure,Technology,ZS
2021Q3,2021,Q3,2021-06-03,2021-04-30,-58459000.0,176404000.0,-43850000.0,-0.43,137427000.0,0.7790469604,2062276000.0,508107000.0,1705501000.0,564879000.0,1554169000.0,0.0,-520577000.0,25591281400.0,26441400400.0,3.7255343329545036,3.0192324373892463,0.4639092924516408,1.8828888403426838,-0.02975991985259647,3.7255343329545036,-0.11505253814649277,145.07200176866738,-109.44115277373885,50.36592961718693,0.0,0.0,0.0,0.08553850212095762,2.8900561005100207,-0.02834683621396942,458.78133056058516,0.7790469603863858,0.14,-4.873768630519241,3.0660306652673674,0.0,0.11811990985200432,0.1344664722168757,0.18642621247541652,-2.6074302056756364,0.9420737522338334,0.1308410366707603,Software—Infrastructure,Technology,ZS
2021Q2,2021,Q2,2021-03-04,2021-01-31,-67541000.0,157044000.0,-53898000.0,-0.5,122909000.0,0.7826405339,1969417000.0,502704000.0,1678649000.0,501575000.0,1466713000.0,0.0,-462118000.0,27608357280.0,28454177280.0,3.72307145396374,3.3467557194836264,0.4778911728699407,1.8722090932238455,-0.036896363936864886,3.72307145396374,-0.13435540596454373,175.80014059753955,-102.19110347788751,54.91970877494509,0.0,0.0,0.0,0.0797413650841848,3.2201784379205503,-0.03429492078112457,1530.9059154929578,0.7826405338631212,-0.2195121951219513,-8.008588421479113,2.034199967891,10.19282526294575,0.10877664612858702,-0.22788423081118422,-0.2632245060585464,-8.008588421479113,2.034199967891,10.19282526294575,Software—Infrastructure,Technology,ZS
2021Q1,2021,Q1,2020-12-08,2020-10-31,-55006000.0,142578000.0,-42667000.0,-0.41,110851000.0,0.7774761885,1852947000.0,492105000.0,1579525000.0,416462000.0,1360842000.0,0.0,-394577000.0,18116109000.0,18941514000.0,3.6875056199982015,3.7927229855304927,0.5005113475992568,1.8845998313368082,-0.029238875628895582,3.6875056199982015,-0.11177695816949634,127.06104027269284,-82.3369677853325,36.813503215777125,0.0,0.0,0.0,0.0769466153106376,3.6543454144675867,-0.02968568447991227,429.01719279134204,0.7774761884722748,-0.07894736842105256,-2.747356918494497,1.7774610445427883,0.0,0.17266658908906263,-0.11013340329774567,0.04945752667810279,-2.747356918494497,1.7774610445427883,0.0,Software—Infrastructure,Technology,ZS
2020Q4,2020,Q4,2020-09-17,2020-07-31,-49549000.0,125887000.0,-44887000.0,-0.38,94529000.0,0.7509035881,1833458000.0,484829000.0,1581793000.0,423901000.0,1348629000.0,0.0,-339571000.0,17096051000.0,17859438000.0,3.6824320218745252,3.731515141507097,0.49373260800083774,1.867128410222986,-0.03160017537591393,3.6824320218745252,-0.10219891961908219,135.8047375821173,-86.25830491029082,35.262022280020375,0.0,0.0,0.0,0.06866096741785195,3.581395184252927,-0.027024889580235818,1566.2896014658727,0.7509035881385687,-1.5333333333333334,-1.9390811924561682,1.7113131824150087,6.657182716941297,0.09987782884402815,-1.5623933391942908,-1.1881154333625816,-1.9390811924561682,1.7113131824150087,6.657182716941297,Software—Infrastructure,Technology,ZS
2020Q3,2020,Q3,2020-06-03,2020-04-30,-19337000.0,110524000.0,-20514000.0,-0.15,85945000.0,0.7776139119,735964000.0,334794000.0,552116000.0,345638000.0,401170000.0,0.0,-290022000.0,8699068560.0,8615324560.0,2.5816535833808856,1.597382232277701,0.055502714806702505,0.12200935500636212,-0.050350706026485705,2.5816535833808856,-0.05775790486089954,78.70750750968115,-112.46662563996482,25.983346654957973,0.0,0.0,0.0,0.15017582381746933,1.4376225993669678,-0.02627438298612432,955.4166457990116,0.7776139119105353,0.3478260869565218,-1.043343868832914,1.6792036336629377,0.0,0.06065654695791682,0.33672909377786925,0.3225231175693527,-1.043343868832914,1.6792036336629377,0.0,Software—Infrastructure,Technology,ZS
2020Q2,2020,Q2,2020-03-04,2020-01-31,-29154000.0,101268000.0,-30280000.0,-0.23,81030000.0,0.8001540467,676425000.0,319164000.0,523142000.0,303663000.0,357261000.0,0.0,-270685000.0,7202404720.0,7160312720.0,2.485546071895832,1.7227716251239038,0.0509176922792623,0.10791317316489328,-0.07999623010829061,2.485546071895832,-0.0913448885212618,71.12221748232413,-61.761719832613025,22.56646965196576,0.0,0.0,0.0,0.1497106109324759,1.5797051336514492,-0.043100121964741105,-3733.7505028512182,0.8001540466879962,-0.7692307692307693,-3.0888981833256643,1.0573774323836003,6.472401002702376,0.09452669116057921,-0.7073085031623331,-0.6569083447332421,-3.0888981833256643,1.0573774323836003,6.472401002702376,Software—Infrastructure,Technology,ZS
2020Q1,2020,Q1,2019-12-06,2019-10-31,-17076000.0,93590000.0,-18275000.0,-0.13,74032000.0,0.7910246821,636228000.0,314052000.0,488886000.0,266317000.0,322176000.0,0.0,-241531000.0,5609561040.0,5574453040.0,2.462225985511337,1.835729600438575,0.05381404150713266,0.10902016226612153,-0.050104017633454956,2.462225985511337,-0.0543731611325513,59.93761128325676,-82.12639142656359,17.861886057086085,0.0,0.0,0.0,0.14710135360279647,1.6826300987169427,-0.02683943491955714,595.6845109907614,0.7910246821241586,-2.110047846889952,-0.2171737424706774,0.9075517949854575,0.0,0.07653157672788612,-2.2365428354814254,-1.304249148909343,-0.2171737424706774,0.9075517949854575,0.0,Software—Infrastructure,Technology,ZS
2019Q4,2019,Q4,2019-09-18,2019-07-31,-5276000.0,86108000.0,-7931000.0,-0.0418,68769000.0,0.7986365959,604162000.0,308558000.0,496086000.0,261949000.0,295604000.0,0.0,-224455000.0,10643469540.0,10564985540.0,2.443017529413628,1.8938266609149108,0.0,0.0,-0.02244105817747265,2.443017529413628,-0.0170988922666079,123.60604752171692,-504.33422763457156,34.494226498745775,0.0,0.0,0.0,0.1425246870872382,1.748382318695624,-0.008732757108192836,1409.357725105932,0.7986365959028198,0.5739041794087666,0.6737690959328476,0.9332406872433544,4.0799665797735845,0.07170240618376761,0.5688133376920562,0.4141242520499372,0.6737690959328476,0.9332406872433544,4.0799665797735845,Software—Infrastructure,Technology,ZS
2019Q3,2019,Q3,2019-06-05,2019-04-30,-12236000.0,79128000.0,-13537000.0,-0.0981,64168000.0,0.8109392377,537536000.0,286579000.0,456043000.0,221562000.0,250957000.0,0.0,-219179000.0,8516344320.0,8461370320.0,2.2986636935318274,2.058308735252435,0.0,0.0,-0.04982640400895655,2.2986636935318274,-0.04269677820077535,107.6274431301183,-174.00180451127818,29.717265815010872,0.0,0.0,0.0,0.14720502440766758,1.9131755445428367,-0.022763126562686035,1858.6521868179834,0.8109392376908301,-2.382758620689655,-0.3449390497146925,0.9952167928761562,0.0,0.08702207314800697,-2.4419127988748244,-1.612311848707063,-0.3449390497146925,0.9952167928761562,0.0,Software—Infrastructure,Technology,ZS
2019Q2,2019,Q2,2019-03-06,2019-01-31,-3555000.0,74302000.0,-5182000.0,-0.029,59031000.0,0.7944739038,518113000.0,277073000.0,446011000.0,210232000.0,241040000.0,0.0,-206943000.0,5936982170.0,5869515170.0,2.2573793597901273,2.1215181323490238,0.0,0.0,-0.022103699858344424,2.2573793597901273,-0.012830553680798922,79.90339654383462,-417.50929465541486,21.42750166923518,0.0,0.0,0.0,0.14340887026575283,1.9759741618783058,-0.006861437562848259,496.11282443385977,0.7944739037980135,0.5389507154213037,0.4783848742752234,0.5792273877306484,5.7864538832343655,0.15297173772925252,0.5314971006852925,0.40182384855131015,0.4783848742752234,0.5792273877306484,5.7864538832343655,Software—Infrastructure,Technology,ZS
2019Q1,2019,Q1,2018-12-06,2018-10-31,-7588000.0,63298000.0,-8663000.0,-0.0629,51199000.0,0.80885652,458094000.0,252178000.0,391604000.0,183905000.0,205916000.0,0.0,-203388000.0,4376102230.0,4333316230.0,2.0912536177199863,2.129382017889671,0.0,0.0,-0.035899797908698204,2.0912536177199863,-0.030089857164383886,69.13492100856267,-144.17838132577754,17.35322760113888,0.0,0.0,0.0,0.13817688072753628,1.9753024659470924,-0.016564285932581524,1162.6201461211476,0.808856519953237,-0.07705479452054789,0.42790663183851607,0.3646146898157581,0.0,0.14608376424238353,-0.08991669060614765,-0.09326097930338213,0.42790663183851607,0.3646146898157581,0.0,Software—Infrastructure,Technology,ZS
2018Q4,2018,Q4,2018-09-13,2018-07-31,-6962000.0,56174000.0,-7924000.0,-0.0584,44673000.0,0.7952611528,447781000.0,240236000.0,387164000.0,182832000.0,207545000.0,0.0,-196100000.0,4209093240.0000005,4073514240.0000005,2.0153350558706085,2.1175942942154546,0.0,0.0,-0.03464638267642733,2.0153350558706085,-0.02897983649411412,74.92956243101791,-151.14526141913245,17.520659851146373,0.0,0.0,0.0,0.12544971760749116,1.9698411656602783,-0.015547778936578372,353.1118489932886,0.7952611528465127,0.5133333333333333,0.5438856556237087,0.3362790924619003,3.1906513594792347,0.12416014494577116,0.20624786227340097,0.12189716312056738,0.5438856556237087,0.3362790924619003,3.1906513594792347,Software—Infrastructure,Technology,ZS
2018Q3,2018,Q3,2018-06-07,2018-04-30,-8771000.0,49163000.0,-9024000.0,-0.12,39739000.0,0.8083111283,405538000.0,243192000.0,350447000.0,147191000.0,162346000.0,0.0,-189138000.0,2206420020.0,1918977020.0,3.294481020889214,2.3808996473969195,0.0,0.0,-0.03868088532336891,3.294481020889214,-0.03606615349189118,44.87968634949047,-62.88963687150838,9.072749185828481,0.0,0.0,0.0,0.1212290833411419,2.2260736050437866,-0.021628059516000966,599.5706576086957,0.8083111282875333,-1.1621621621621623,-0.6282417941940867,1.0936540955720622,0.0,0.0948287737278563,-0.34627782041442823,-0.41022034692920767,-0.6282417941940867,1.0936540955720622,0.0,Software—Infrastructure,Technology,ZS
2018Q2,2018,Q2,2018-01-31,2018-01-31,-6515000.0,44976000.0,-6399000.0,-0.0555,36297000.0,0.8070304162,188172000.0,39028000.0,138130000.0,136372000.0,149144000.0,0.0,-180367000.0,3871939731.0,3800370731.0,0.3326301775021095,1.0128912093391604,0.0,0.0,-0.17346447631655132,0.3326301775021095,-0.16693143384236958,86.08901927694771,-148.577886838066,99.20927874859075,0.0,0.0,0.0,0.23901536891779862,0.8733830991699176,-0.03462257934230385,-847.8081302824611,0.807030416221985,0.4954545454545454,0.0,0.0,0.0,0.149002849002849,0.42840849271802073,0.432561851556265,0.0,0.0,0.0,Software—Infrastructure,Technology,ZS
2018Q1,2018,Q1,2017-10-31,2017-10-31,-11398000.0,39861000.0,-11277000.0,-0.11,31590000.0,0.7925039512,,,,,,,,3419658000.0,,,0.0,0.0,0.0,0.0,,0.0,85.78956875141115,-75.00565888752413,0.0,0.0,0.0,0.0,0.0,0.0,0.0,-384.4040017985611,0.7925039512305261,0.15384615384615388,0.0,0.0,0.0,0.1080322693791652,0.14100535081769539,0.1361268576681477,0.0,0.0,0.0,Software—Infrastructure,Technology,ZS
2017Q4,2017,Q4,2017-07-31,2017-07-31,-13269000.0,36544000.0,-13054000.0,-0.13,28510000.0,0.7801554291,182902000.0,49835000.0,142909000.0,120459000.0,133067000.0,0.0,-162016000.0,3419658000.0,3331680000.0,0.48091212630034935,1.1863704662997367,0.0,0.0,-0.26854210488523894,0.48091212630034935,-0.2662586535567372,93.5764557793345,-64.4294596427764,68.61960469549513,0.0,0.0,0.0,0.19980098632054324,1.0545496808042572,-0.07254704705251992,-628.0363636363636,0.7801554290718039,-0.7808219178082193,0.0,0.0,0.0,0.09793199060345824,-0.7546945252578683,-0.7264912048670811,0.0,0.0,0.0,Software—Infrastructure,Technology,ZS
2017Q3,2017,Q3,2017-04-30,2017-04-30,-7562000.0,32964000.0,-7561000.0,-0.073,25967000.0,0.7877381386,,,,,,,,3419658000.0,,,0.0,0.0,0.0,0.0,,0.0,103.73917000364034,-113.0540201005025,0.0,0.0,0.0,0.0,0.0,0.0,0.0,-1920.0774845592364,0.7877381385754156,0.0,0.0,0.0,0.0,0.0,0.0,0.0,0.0,0.0,0.0,Software—Infrastructure,Technology,ZS
