date,open,high,low,close,adjClose,volume,unadjustedVolume,change,changePercent,vwap,label,changeOverTime,Symbol
2023-07-11,13.52,13.535,13.31,13.46,13.46,1614470,1582595,-0.06,-0.44379,13.43,"July 11, 23",-0.0044379,DVAX
2023-07-10,12.69,13.97,12.69,13.52,13.52,4464544,4464300,0.83,6.54,13.57,"July 10, 23",0.0654,DVAX
2023-07-07,12.65,12.85,12.58,12.64,12.64,1454048,1454000,-0.01,-0.07905138,12.7,"July 07, 23",-0.0007905138,DVAX
2023-07-06,12.61,12.69,12.27,12.65,12.65,2510895,2510900,0.04,0.31721,12.57,"July 06, 23",0.0031721,DVAX
2023-07-05,12.79,12.9,12.575,12.77,12.77,2466774,2466800,-0.02,-0.15637,12.75,"July 05, 23",-0.0015637,DVAX
2023-07-03,12.84,12.87,12.5799,12.78,12.78,832995,833000,-0.06,-0.46729,12.75,"July 03, 23",-0.0046729,DVAX
2023-06-30,13.2,13.2,12.88,12.92,12.92,2028494,2028500,-0.28,-2.12,12.99,"June 30, 23",-0.0212,DVAX
2023-06-29,13.18,13.245,13.04,13.09,13.09,1549930,1549900,-0.09,-0.68285,13.12,"June 29, 23",-0.0068285,DVAX
2023-06-28,13.05,13.18,12.88,13.17,13.17,1283596,1283400,0.12,0.91954,13.08,"June 28, 23",0.0091954,DVAX
2023-06-27,12.93,13.1,12.84,13.03,13.03,998844,998800,0.1,0.7734,13.02,"June 27, 23",0.007734,DVAX
2023-06-26,12.97,13.1,12.86,12.92,12.92,1336715,1336700,-0.05,-0.38551,12.98,"June 26, 23",-0.0038551,DVAX
2023-06-23,12.87,13.02,12.75,12.98,12.98,4101144,4101100,0.11,0.8547,12.96,"June 23, 23",0.008547,DVAX
2023-06-22,12.76,13.03,12.62,13.0,13.0,1099452,1099500,0.24,1.88,12.9,"June 22, 23",0.0188,DVAX
2023-06-21,12.84,12.96,12.6715,12.88,12.88,1196633,1196600,0.04,0.31153,12.86,"June 21, 23",0.0031153,DVAX
2023-06-20,12.89,12.94,12.59,12.92,12.92,1503016,1503000,0.03,0.23274,12.85,"June 20, 23",0.0023274,DVAX
2023-06-16,13.1,13.14,12.68,12.97,12.97,5025718,5025700,-0.13,-0.99237,12.97,"June 16, 23",-0.0099237,DVAX
2023-06-15,12.63,13.03,12.57,12.96,12.96,2183641,2183600,0.33,2.61,12.93,"June 15, 23",0.0261,DVAX
2023-06-14,12.64,13.0,12.565,12.62,12.62,3890209,3890200,-0.02,-0.15823,12.73,"June 14, 23",-0.0015823,DVAX
2023-06-13,11.98,12.7,11.98,12.56,12.56,2497026,2496800,0.58,4.84,12.48,"June 13, 23",0.0484,DVAX
2023-06-12,11.41,11.96,11.3,11.9,11.9,1576336,1573100,0.49,4.29,11.85,"June 12, 23",0.0429,DVAX
2023-06-09,11.85,11.85,11.27,11.39,11.39,1264806,1264800,-0.46,-3.88,11.43,"June 09, 23",-0.0388,DVAX
2023-06-08,11.78,11.84,11.7,11.81,11.81,1012962,1013000,0.03,0.25467,11.79,"June 08, 23",0.0025467,DVAX
2023-06-07,11.66,11.865,11.43,11.77,11.77,1201415,1201400,0.11,0.9434,11.73,"June 07, 23",0.009434,DVAX
2023-06-06,11.6,11.745,11.515,11.67,11.67,940812,940800,0.07,0.60345,11.67,"June 06, 23",0.0060345,DVAX
2023-06-05,11.53,11.615,11.37,11.55,11.55,943828,943800,0.02,0.17346,11.53,"June 05, 23",0.0017346,DVAX
2023-06-02,11.6,11.695,11.48,11.66,11.66,1068870,1068800,0.06,0.51724,11.61,"June 02, 23",0.0051724,DVAX
2023-06-01,11.44,11.48,11.25,11.48,11.48,975275,975300,0.04,0.34965,11.43,"June 01, 23",0.0034965,DVAX
2023-05-31,11.21,11.495,11.18,11.43,11.43,1069241,1069200,0.22,1.96,11.4,"May 31, 23",0.0196,DVAX
2023-05-30,11.19,11.31,11.01,11.23,11.23,918197,918200,0.04,0.35746,11.18,"May 30, 23",0.0035746,DVAX
2023-05-26,11.11,11.355,11.05,11.2,11.2,1087093,1087000,0.09,0.81008,11.23,"May 26, 23",0.0081008,DVAX
2023-05-25,11.24,11.26,10.96,11.08,11.08,1289308,1289300,-0.16,-1.42,11.09,"May 25, 23",-0.0142,DVAX
2023-05-24,11.05,11.365,10.895,11.24,11.24,1743941,1743900,0.19,1.72,11.14,"May 24, 23",0.0172,DVAX
2023-05-23,10.95,11.34,10.9,11.08,11.08,1630659,1630600,0.13,1.19,11.16,"May 23, 23",0.0119,DVAX
2023-05-22,11.04,11.145,10.935,10.99,10.99,982214,982200,-0.05,-0.4529,11.0,"May 22, 23",-0.004529,DVAX
2023-05-19,11.12,11.2685,10.85,11.03,11.03,1419461,1419500,-0.09,-0.80935,11.02,"May 19, 23",-0.0080935,DVAX
2023-05-18,11.11,11.11,10.83,10.96,10.96,1029517,1029500,-0.15,-1.35,10.96,"May 18, 23",-0.0135,DVAX
2023-05-17,11.16,11.2,10.86,11.13,11.13,1293338,1293300,-0.03,-0.26882,11.08,"May 17, 23",-0.0026882,DVAX
2023-05-16,11.28,11.33,11.08,11.17,11.17,815183,815100,-0.11,-0.97518,11.19,"May 16, 23",-0.0097518,DVAX
2023-05-15,10.96,11.47,10.9,11.46,11.46,1240285,1240200,0.5,4.56,11.35,"May 15, 23",0.0456,DVAX
2023-05-12,10.9,11.01,10.76,10.93,10.93,794520,794500,0.03,0.27523,10.89,"May 12, 23",0.0027523,DVAX
2023-05-11,10.9,10.965,10.67,10.85,10.85,1141476,1141500,-0.05,-0.45872,10.8,"May 11, 23",-0.0045872,DVAX
2023-05-10,10.9,11.04,10.73,10.94,10.94,1499412,1499400,0.04,0.36697,10.91,"May 10, 23",0.0036697,DVAX
2023-05-09,10.84,10.9,10.6,10.79,10.79,1164838,1164800,-0.05,-0.46125,10.77,"May 09, 23",-0.0046125,DVAX
2023-05-08,11.24,11.25,10.57,10.91,10.91,1435816,1435600,-0.33,-2.94,10.83,"May 08, 23",-0.0294,DVAX
2023-05-05,10.93,11.31,10.85,11.27,11.27,1603512,1603400,0.34,3.11,11.18,"May 05, 23",0.0311,DVAX
2023-05-04,11.01,11.1026,10.835,10.91,10.91,1262814,1262800,-0.1,-0.90827,10.93,"May 04, 23",-0.0090827,DVAX
2023-05-03,10.06,11.2,10.06,11.02,11.02,2233593,2233600,0.96,9.54,10.97,"May 03, 23",0.0954,DVAX
2023-05-02,10.46,10.46,10.22,10.31,10.31,1644055,1643900,-0.15,-1.43,10.31,"May 02, 23",-0.0143,DVAX
2023-05-01,10.4,10.555,10.32,10.52,10.52,1105350,1105300,0.12,1.15,10.46,"May 01, 23",0.0115,DVAX
2023-04-28,10.37,10.53,10.2,10.41,10.41,998707,998700,0.04,0.38573,10.41,"April 28, 23",0.0038573,DVAX
2023-04-27,10.59,10.59,10.35,10.42,10.42,789921,789800,-0.17,-1.61,10.45,"April 27, 23",-0.0161,DVAX
2023-04-26,10.68,10.73,10.4501,10.55,10.55,1101190,1101200,-0.13,-1.22,10.54,"April 26, 23",-0.0122,DVAX
2023-04-25,10.88,10.925,10.67,10.73,10.73,1099065,1099000,-0.15,-1.38,10.78,"April 25, 23",-0.0138,DVAX
2023-04-24,11.0,11.0,10.755,10.94,10.94,905908,905800,-0.06,-0.54545,10.91,"April 24, 23",-0.0054545,DVAX
2023-04-21,10.82,11.08,10.75,11.02,11.02,885908,885900,0.2,1.85,10.97,"April 21, 23",0.0185,DVAX
2023-04-20,10.825,10.9,10.75,10.81,10.81,933084,933100,-0.015,-0.13857,10.8,"April 20, 23",-0.0013857,DVAX
2023-04-19,10.94,11.08,10.91,10.93,10.93,653957,654000,-0.01,-0.09140768,10.97,"April 19, 23",-0.0009140768,DVAX
2023-04-18,11.31,11.33,10.94,11.04,11.04,769238,769200,-0.27,-2.39,11.04,"April 18, 23",-0.0239,DVAX
2023-04-17,11.2,11.36,11.08,11.25,11.25,1345305,1345300,0.05,0.44643,11.22,"April 17, 23",0.0044643,DVAX
2023-04-14,11.24,11.36,11.0,11.12,11.12,948105,948100,-0.12,-1.07,11.1,"April 14, 23",-0.0107,DVAX
2023-04-13,10.84,11.39,10.83,11.24,11.24,1521367,1521400,0.4,3.69,11.22,"April 13, 23",0.0369,DVAX
2023-04-12,10.87,10.9,10.67,10.7,10.7,1044557,1044500,-0.17,-1.56,10.74,"April 12, 23",-0.0156,DVAX
2023-04-11,10.57,10.905,10.54,10.76,10.76,1394994,1395000,0.19,1.8,10.75,"April 11, 23",0.018,DVAX
2023-04-10,10.4,10.6,10.27,10.58,10.58,1085766,1085700,0.18,1.73,10.48,"April 10, 23",0.0173,DVAX
2023-04-06,10.09,10.575,10.035,10.44,10.44,1284000,1284000,0.35,3.47,10.4,"April 06, 23",0.0347,DVAX
2023-04-05,9.76,10.07,9.725,10.03,10.03,1035376,1035200,0.27,2.77,9.95,"April 05, 23",0.0277,DVAX
2023-04-04,9.98,9.98,9.75,9.85,9.85,1048486,1048400,-0.13,-1.3,9.82,"April 04, 23",-0.013,DVAX
2023-04-03,9.75,9.92,9.73,9.91,9.91,1161158,1161200,0.16,1.64,9.86,"April 03, 23",0.0164,DVAX
2023-03-31,9.72,9.88,9.65,9.81,9.81,958056,958100,0.09,0.92593,9.79,"March 31, 23",0.0092593,DVAX
2023-03-30,9.89,9.89,9.48,9.65,9.65,1138184,1138200,-0.24,-2.43,9.64,"March 30, 23",-0.0243,DVAX
2023-03-29,9.85,9.87,9.715,9.81,9.81,1036543,1036500,-0.04,-0.40609,9.8,"March 29, 23",-0.0040609,DVAX
2023-03-28,9.93,10.02,9.7,9.76,9.76,654343,654300,-0.17,-1.71,9.8,"March 28, 23",-0.0171,DVAX
2023-03-27,9.9,9.99,9.824,9.95,9.95,810874,810900,0.05,0.50505,9.94,"March 27, 23",0.0050505,DVAX
2023-03-24,9.7,9.905,9.65,9.86,9.86,925925,925900,0.16,1.65,9.81,"March 24, 23",0.0165,DVAX
2023-03-23,9.77,9.87,9.63,9.78,9.78,971759,971700,0.01,0.10235,9.76,"March 23, 23",0.0010235,DVAX
2023-03-22,10.0,10.08,9.6,9.62,9.62,1065926,1065900,-0.38,-3.8,9.82,"March 22, 23",-0.038,DVAX
2023-03-21,9.92,10.05,9.79,9.96,9.96,1214164,1214200,0.04,0.40323,9.95,"March 21, 23",0.0040323,DVAX
2023-03-20,9.52,9.925,9.475,9.87,9.87,1651431,1651400,0.35,3.68,9.82,"March 20, 23",0.0368,DVAX
2023-03-17,9.68,9.71,9.42,9.44,9.44,5195417,5195400,-0.24,-2.48,9.47,"March 17, 23",-0.0248,DVAX
2023-03-16,9.64,9.815,9.5125,9.78,9.78,1330577,1330600,0.14,1.45,9.71,"March 16, 23",0.0145,DVAX
2023-03-15,9.73,9.84,9.53,9.75,9.75,1498946,1498900,0.02,0.20555,9.7,"March 15, 23",0.0020555,DVAX
2023-03-14,9.92,10.0,9.745,9.95,9.95,1718226,1718200,0.03,0.30242,9.89,"March 14, 23",0.0030242,DVAX
2023-03-13,9.63,9.89,9.6,9.76,9.76,1671555,1671500,0.13,1.35,9.77,"March 13, 23",0.0135,DVAX
2023-03-10,9.91,9.975,9.53,9.73,9.73,1991221,1990800,-0.18,-1.82,9.74,"March 10, 23",-0.0182,DVAX
2023-03-09,9.97,10.015,9.715,9.89,9.89,1780166,1780200,-0.08,-0.80241,9.85,"March 09, 23",-0.0080241,DVAX
2023-03-08,10.06,10.095,9.86,9.96,9.96,1120075,1120000,-0.1,-0.99404,9.97,"March 08, 23",-0.0099404,DVAX
2023-03-07,10.25,10.27,10.06,10.06,10.06,1198883,1198900,-0.19,-1.85,10.1,"March 07, 23",-0.0185,DVAX
2023-03-06,10.45,10.475,10.17,10.25,10.25,1394028,1394000,-0.2,-1.91,10.28,"March 06, 23",-0.0191,DVAX
2023-03-03,10.25,10.54,10.14,10.44,10.44,1206344,1204600,0.19,1.85,10.42,"March 03, 23",0.0185,DVAX
2023-03-02,10.1,10.23,9.96,10.18,10.18,1414861,1414800,0.08,0.79208,10.12,"March 02, 23",0.0079208,DVAX
2023-03-01,10.25,10.32,10.16,10.19,10.19,1622042,1622000,-0.06,-0.58537,10.23,"March 01, 23",-0.0058537,DVAX
2023-02-28,10.36,10.49,10.27,10.3,10.3,1769238,1769100,-0.06,-0.57915,10.35,"February 28, 23",-0.0057915,DVAX
2023-02-27,10.42,10.62,10.29,10.36,10.36,2015975,2016000,-0.06,-0.57582,10.39,"February 27, 23",-0.0057582,DVAX
2023-02-24,10.74,10.9,10.12,10.36,10.36,5461197,5461100,-0.38,-3.54,10.3,"February 24, 23",-0.0354,DVAX
2023-02-23,10.87,10.945,10.56,10.77,10.77,2036194,2036200,-0.1,-0.91996,10.72,"February 23, 23",-0.0091996,DVAX
2023-02-22,10.73,11.04,10.7,10.9,10.9,1498547,1498500,0.17,1.58,10.9,"February 22, 23",0.0158,DVAX
2023-02-21,10.95,11.02,10.695,10.73,10.73,1635696,1635700,-0.22,-2.01,10.78,"February 21, 23",-0.0201,DVAX
2023-02-17,11.13,11.13,10.88,11.1,11.1,1265353,1265300,-0.03,-0.26954,11.04,"February 17, 23",-0.0026954,DVAX
2023-02-16,11.33,11.38,11.08,11.12,11.12,1370963,1370900,-0.21,-1.85,11.18,"February 16, 23",-0.0185,DVAX
2023-02-15,11.29,11.46,11.19,11.45,11.45,807215,807200,0.16,1.42,11.36,"February 15, 23",0.0142,DVAX
2023-02-14,11.23,11.41,11.08,11.34,11.34,1074512,1074500,0.11,0.97952,11.28,"February 14, 23",0.0097952,DVAX
2023-02-13,11.05,11.33,10.98,11.27,11.27,972738,972700,0.22,1.99,11.21,"February 13, 23",0.0199,DVAX
2023-02-10,11.02,11.15,10.93,11.05,11.05,1078863,1078900,0.03,0.27223,11.07,"February 10, 23",0.0027223,DVAX
2023-02-09,11.31,11.3899,10.93,11.0,11.0,1040031,1040000,-0.31,-2.74,11.09,"February 09, 23",-0.0274,DVAX
2023-02-08,11.46,11.56,11.21,11.22,11.22,1060631,1060500,-0.24,-2.09,11.32,"February 08, 23",-0.0209,DVAX
2023-02-07,11.55,11.64,11.23,11.59,11.59,1302644,1302400,0.04,0.34632,11.45,"February 07, 23",0.0034632,DVAX
2023-02-06,11.61,11.64,11.34,11.63,11.63,1379172,1379200,0.02,0.17227,11.55,"February 06, 23",0.0017227,DVAX
2023-02-03,11.64,12.02,11.64,11.69,11.69,1476922,1476900,0.05,0.42955,11.77,"February 03, 23",0.0042955,DVAX
2023-02-02,11.53,11.93,11.4899,11.88,11.88,1793857,1793700,0.35,3.04,11.8,"February 02, 23",0.0304,DVAX
2023-02-01,11.3,11.535,11.05,11.4,11.4,1461639,1461600,0.1,0.88496,11.31,"February 01, 23",0.0088496,DVAX
2023-01-31,11.4,11.56,11.23,11.38,11.38,1198270,1198100,-0.02,-0.17544,11.36,"January 31, 23",-0.0017544,DVAX
2023-01-30,11.74,11.74,11.215,11.41,11.41,1191464,1191500,-0.33,-2.81,11.42,"January 30, 23",-0.0281,DVAX
2023-01-27,11.81,12.0,11.71,11.84,11.84,1914456,1914400,0.03,0.25402,11.84,"January 27, 23",0.0025402,DVAX
2023-01-26,11.9,11.93,11.505,11.78,11.78,1847295,1847300,-0.12,-1.01,11.69,"January 26, 23",-0.0101,DVAX
2023-01-25,11.55,11.82,11.415,11.81,11.81,769862,769800,0.26,2.25,11.65,"January 25, 23",0.0225,DVAX
2023-01-24,11.5,11.72,11.49,11.68,11.68,994889,994900,0.18,1.57,11.64,"January 24, 23",0.0157,DVAX
2023-01-23,11.35,11.59,11.3,11.58,11.58,1842152,1842100,0.23,2.03,11.55,"January 23, 23",0.0203,DVAX
2023-01-20,11.31,11.35,11.0621,11.3,11.3,1734566,1734500,-0.01,-0.08841733,11.22,"January 20, 23",-0.0008841733,DVAX
2023-01-19,11.13,11.3,11.04,11.15,11.15,918641,918600,0.02,0.17969,11.18,"January 19, 23",0.0017969,DVAX
2023-01-18,11.35,11.675,11.16,11.17,11.17,1214082,1214100,-0.18,-1.59,11.34,"January 18, 23",-0.0159,DVAX
2023-01-17,11.3,11.37,11.13,11.35,11.35,1145574,1145500,0.05,0.44248,11.3,"January 17, 23",0.0044248,DVAX
2023-01-13,11.13,11.57,11.06,11.35,11.35,1198282,1197900,0.22,1.98,11.34,"January 13, 23",0.0198,DVAX
2023-01-12,10.97,11.44,10.77,11.42,11.42,1526230,1526200,0.45,4.1,11.3,"January 12, 23",0.041,DVAX
2023-01-11,10.64,11.055,10.49,10.96,10.96,1544546,1544500,0.32,3.01,10.95,"January 11, 23",0.0301,DVAX
2023-01-10,10.31,10.74,10.26,10.68,10.68,1326347,1326200,0.37,3.59,10.59,"January 10, 23",0.0359,DVAX
2023-01-09,10.62,10.62,9.98,10.27,10.27,1871276,1871300,-0.35,-3.3,10.28,"January 09, 23",-0.033,DVAX
2023-01-06,10.43,10.625,10.27,10.54,10.54,1265558,1265400,0.11,1.05,10.51,"January 06, 23",0.0105,DVAX
2023-01-05,10.5,10.58,10.3699,10.37,10.37,1053670,1053700,-0.13,-1.24,10.41,"January 05, 23",-0.0124,DVAX
2023-01-04,10.65,10.76,10.53,10.57,10.57,1147243,1147200,-0.08,-0.75117,10.61,"January 04, 23",-0.0075117,DVAX
2023-01-03,10.75,10.92,10.555,10.6,10.6,1063795,1063800,-0.15,-1.4,10.64,"January 03, 23",-0.014,DVAX
2022-12-30,10.52,10.65,10.3887,10.64,10.64,1124796,1124800,0.12,1.14,10.55,"December 30, 22",0.0114,DVAX
2022-12-29,10.39,10.805,10.28,10.66,10.66,1408510,1408500,0.27,2.6,10.66,"December 29, 22",0.026,DVAX
2022-12-28,10.29,10.48,10.21,10.27,10.27,1144016,1144000,-0.02,-0.19436,10.3,"December 28, 22",-0.0019436,DVAX
2022-12-27,10.78,10.8,10.3,10.31,10.31,1207464,1207500,-0.47,-4.36,10.45,"December 27, 22",-0.0436,DVAX
2022-12-23,11.4,11.415,10.77,10.79,10.79,1190698,1190600,-0.61,-5.35,10.91,"December 23, 22",-0.0535,DVAX
2022-12-22,11.26,11.46,11.0,11.42,11.42,2415618,2415600,0.16,1.42,11.31,"December 22, 22",0.0142,DVAX
2022-12-21,11.29,11.47,11.18,11.41,11.41,1094644,1094600,0.12,1.06,11.38,"December 21, 22",0.0106,DVAX
2022-12-20,10.78,11.375,10.78,11.18,11.18,1345400,1345400,0.4,3.71,11.16,"December 20, 22",0.0371,DVAX
2022-12-19,11.25,11.33,10.8,10.93,10.93,1649208,1649200,-0.32,-2.84,10.93,"December 19, 22",-0.0284,DVAX
2022-12-16,10.81,11.22,10.78,11.17,11.17,4037074,4037100,0.36,3.33,11.12,"December 16, 22",0.0333,DVAX
2022-12-15,11.41,11.575,10.992,11.15,11.15,2126917,2126900,-0.26,-2.28,11.19,"December 15, 22",-0.0228,DVAX
2022-12-14,11.24,11.7,11.24,11.55,11.55,1550391,1550400,0.31,2.76,11.54,"December 14, 22",0.0276,DVAX
2022-12-13,11.5,11.82,11.45,11.61,11.61,1902265,1902300,0.11,0.95652,11.6,"December 13, 22",0.0095652,DVAX
2022-12-12,11.25,11.54,11.105,11.22,11.22,2171744,2171600,-0.03,-0.26667,11.28,"December 12, 22",-0.0026667,DVAX
2022-12-09,11.57,11.63,11.225,11.25,11.25,1456941,1456900,-0.32,-2.77,11.36,"December 09, 22",-0.0277,DVAX
2022-12-08,11.57,11.73,11.31,11.63,11.63,1389083,1389100,0.06,0.51858,11.54,"December 08, 22",0.0051858,DVAX
2022-12-07,11.53,11.74,11.315,11.53,11.53,4009886,4009900,0.0,0.0,11.55,"December 07, 22",0.0,DVAX
2022-12-06,12.23,12.44,11.2,11.61,11.61,6573112,6573100,-0.62,-5.07,11.69,"December 06, 22",-0.0507,DVAX
2022-12-05,12.65,12.7,12.035,12.3,12.3,1368721,1368700,-0.35,-2.77,12.32,"December 05, 22",-0.0277,DVAX
2022-12-02,12.37,12.8,12.29,12.72,12.72,1216519,1216500,0.35,2.83,12.62,"December 02, 22",0.0283,DVAX
2022-12-01,12.37,12.67,12.28,12.54,12.54,1215913,1215900,0.17,1.37,12.53,"December 01, 22",0.0137,DVAX
2022-11-30,11.94,12.42,11.89,12.41,12.41,1718639,1718400,0.47,3.94,12.28,"November 30, 22",0.0394,DVAX
2022-11-29,12.01,12.035,11.7,11.88,11.88,1000100,1000000,-0.13,-1.08,11.87,"November 29, 22",-0.0108,DVAX
2022-11-28,12.25,12.47,11.865,11.93,11.93,1799118,1799100,-0.32,-2.61,12.07,"November 28, 22",-0.0261,DVAX
2022-11-25,12.45,12.605,12.31,12.34,12.34,502675,502700,-0.11,-0.88353,12.39,"November 25, 22",-0.0088353,DVAX
2022-11-23,12.78,12.92,12.59,12.63,12.63,819182,819100,-0.15,-1.17,12.66,"November 23, 22",-0.0117,DVAX
2022-11-22,12.91,12.91,12.53,12.82,12.82,1444355,1444400,-0.09,-0.69713,12.71,"November 22, 22",-0.0069713,DVAX
2022-11-21,12.78,12.93,12.675,12.77,12.77,1169161,1169200,-0.01,-0.07824726,12.77,"November 21, 22",-0.0007824726,DVAX
2022-11-18,13.5,13.5,12.8301,12.88,12.88,2238908,2238900,-0.62,-4.59,13.01,"November 18, 22",-0.0459,DVAX
2022-11-17,12.77,13.29,12.63,13.29,13.29,1308828,1308600,0.52,4.07,13.15,"November 17, 22",0.0407,DVAX
2022-11-16,13.06,13.3,12.89,12.96,12.96,1222417,1222400,-0.1,-0.7657,13.02,"November 16, 22",-0.007657,DVAX
2022-11-15,13.1,13.37,12.87,13.11,13.11,1802498,1802500,0.01,0.07633588,13.13,"November 15, 22",0.0007633588,DVAX
2022-11-14,12.76,13.18,12.7,12.85,12.85,1550096,1550100,0.09,0.70533,12.92,"November 14, 22",0.0070533,DVAX
2022-11-11,12.71,12.935,12.23,12.83,12.83,3083060,3083100,0.12,0.94414,12.72,"November 11, 22",0.0094414,DVAX
2022-11-10,12.45,12.9788,12.33,12.9,12.9,2995468,2995500,0.45,3.61,12.8,"November 10, 22",0.0361,DVAX
2022-11-09,12.3,12.4801,11.915,11.96,11.96,1935221,1935000,-0.34,-2.76,12.08,"November 09, 22",-0.0276,DVAX
2022-11-08,12.61,12.68,12.3,12.45,12.45,1501793,1501600,-0.16,-1.27,12.47,"November 08, 22",-0.0127,DVAX
2022-11-07,12.59,12.8,12.09,12.58,12.58,2144600,2144600,-0.01,-0.07942812,12.56,"November 07, 22",-0.0007942812,DVAX
2022-11-04,11.55,12.67,11.535,12.58,12.58,3516734,3516500,1.03,8.92,12.42,"November 04, 22",0.0892,DVAX
2022-11-03,11.11,11.45,11.0,11.17,11.17,1409095,1408900,0.06,0.54005,11.25,"November 03, 22",0.0054005,DVAX
2022-11-02,11.54,11.8,11.26,11.27,11.27,1815669,1815100,-0.27,-2.34,11.37,"November 02, 22",-0.0234,DVAX
2022-11-01,11.62,11.82,11.45,11.62,11.62,1373402,1373400,0.0,0.0,11.62,"November 01, 22",0.0,DVAX
2022-10-31,11.7,11.735,11.31,11.45,11.45,1577657,1577700,-0.25,-2.14,11.52,"October 31, 22",-0.0214,DVAX
2022-10-28,11.5,11.795,11.39,11.73,11.73,1503037,1503000,0.23,2.0,11.66,"October 28, 22",0.02,DVAX
2022-10-27,11.8,11.9,11.33,11.4,11.4,1356225,1356200,-0.4,-3.39,11.46,"October 27, 22",-0.0339,DVAX
2022-10-26,11.34,11.93,11.33,11.69,11.69,1526985,1526200,0.35,3.09,11.71,"October 26, 22",0.0309,DVAX
2022-10-25,11.37,11.61,11.26,11.34,11.34,1378941,1378900,-0.03,-0.26385,11.38,"October 25, 22",-0.0026385,DVAX
2022-10-24,11.07,11.495,10.79,11.31,11.31,1918089,1918000,0.24,2.17,11.28,"October 24, 22",0.0217,DVAX
2022-10-21,10.4,11.0,10.36,10.99,10.99,5317165,5317100,0.59,5.67,10.94,"October 21, 22",0.0567,DVAX
2022-10-20,10.53,10.77,10.3,10.32,10.32,1635897,1635900,-0.21,-1.99,10.41,"October 20, 22",-0.0199,DVAX
2022-10-19,10.94,11.115,10.325,10.48,10.48,2246214,2246200,-0.46,-4.2,10.55,"October 19, 22",-0.042,DVAX
2022-10-18,11.53,11.63,11.005,11.05,11.05,1137537,1137400,-0.48,-4.16,11.17,"October 18, 22",-0.0416,DVAX
2022-10-17,11.04,11.395,10.88,11.33,11.33,1631674,1631700,0.29,2.63,11.25,"October 17, 22",0.0263,DVAX
2022-10-14,10.98,11.165,10.7,10.71,10.71,1186533,1185800,-0.27,-2.46,10.83,"October 14, 22",-0.0246,DVAX
2022-10-13,10.56,11.02,10.405,10.89,10.89,1533075,1533100,0.33,3.13,10.8,"October 13, 22",0.0313,DVAX
2022-10-12,10.98,11.03,10.62,10.78,10.78,1282762,1282500,-0.2,-1.82,10.77,"October 12, 22",-0.0182,DVAX
2022-10-11,11.07,11.35,10.51,10.88,10.88,1937330,1937300,-0.19,-1.72,10.93,"October 11, 22",-0.0172,DVAX
2022-10-10,10.84,11.21,10.62,11.07,11.07,1436374,1436400,0.23,2.12,11.03,"October 10, 22",0.0212,DVAX
2022-10-07,11.1,11.21,10.75,10.81,10.81,1657380,1657200,-0.29,-2.61,10.87,"October 07, 22",-0.0261,DVAX
2022-10-06,11.34,11.4,11.12,11.18,11.18,1243299,1243300,-0.16,-1.41,11.19,"October 06, 22",-0.0141,DVAX
2022-10-05,11.14,11.48,11.09,11.4,11.4,1591570,1591500,0.26,2.33,11.35,"October 05, 22",0.0233,DVAX
2022-10-04,10.92,11.27,10.85,11.26,11.26,1878423,1878300,0.34,3.11,11.13,"October 04, 22",0.0311,DVAX
2022-10-03,10.7,11.04,10.41,10.81,10.81,1639231,1639000,0.11,1.03,10.84,"October 03, 22",0.0103,DVAX
2022-09-30,10.31,10.74,10.21,10.44,10.44,1774905,1774900,0.13,1.26,10.53,"September 30, 22",0.0126,DVAX
2022-09-29,10.49,10.52,10.05,10.3,10.3,2162352,2162200,-0.19,-1.81,10.25,"September 29, 22",-0.0181,DVAX
2022-09-28,10.59,10.9,10.345,10.52,10.52,2122121,2122100,-0.07,-0.661,10.5,"September 28, 22",-0.00661,DVAX
2022-09-27,10.37,10.61,10.25,10.45,10.45,2127125,2127100,0.08,0.77146,10.45,"September 27, 22",0.0077146,DVAX
2022-09-26,10.24,10.48,9.92,9.93,9.93,1293700,1293700,-0.31,-3.03,10.08,"September 26, 22",-0.0303,DVAX
2022-09-23,10.17,10.28,9.97,10.24,10.24,1878604,1878500,0.07,0.6883,10.16,"September 23, 22",0.006883,DVAX
2022-09-22,9.88,10.33,9.81,10.24,10.24,2173946,2173700,0.36,3.64,10.19,"September 22, 22",0.0364,DVAX
2022-09-21,10.42,10.5,10.07,10.07,10.07,1777605,1777600,-0.35,-3.36,10.2,"September 21, 22",-0.0336,DVAX
2022-09-20,10.45,10.805,10.29,10.37,10.37,1524297,1524200,-0.08,-0.76555,10.47,"September 20, 22",-0.0076555,DVAX
2022-09-19,11.23,11.23,10.27,10.63,10.63,2859004,2858800,-0.6,-5.34,10.55,"September 19, 22",-0.0534,DVAX
2022-09-16,11.33,11.45,11.02,11.38,11.38,4990871,4990900,0.05,0.44131,11.33,"September 16, 22",0.0044131,DVAX
2022-09-15,11.41,11.62,11.325,11.51,11.51,1308753,1308700,0.1,0.87642,11.47,"September 15, 22",0.0087642,DVAX
2022-09-14,11.35,11.98,11.25,11.55,11.55,1756840,1756800,0.2,1.76,11.62,"September 14, 22",0.0176,DVAX
2022-09-13,11.325,11.66,11.115,11.23,11.23,1954281,1954300,-0.095,-0.83885,11.3,"September 13, 22",-0.0083885,DVAX
2022-09-12,11.75,12.17,11.67,11.78,11.78,1532545,1532500,0.03,0.25532,11.85,"September 12, 22",0.0025532,DVAX
2022-09-09,11.4,11.75,11.31,11.65,11.65,1484000,1483700,0.25,2.19,11.61,"September 09, 22",0.0219,DVAX
2022-09-08,11.0,11.4,10.97,11.33,11.33,1058986,1059000,0.33,3.0,11.28,"September 08, 22",0.03,DVAX
2022-09-07,10.72,11.145,10.64,11.13,11.13,2111725,2111600,0.41,3.82,10.97,"September 07, 22",0.0382,DVAX
2022-09-06,11.39,11.39,10.74,10.75,10.75,2069025,2069000,-0.64,-5.62,10.89,"September 06, 22",-0.0562,DVAX
2022-09-02,11.74,11.76,11.16,11.21,11.21,1260018,1260000,-0.53,-4.51,11.33,"September 02, 22",-0.0451,DVAX
2022-09-01,11.23,11.6,11.12,11.59,11.59,1328758,1328700,0.36,3.21,11.38,"September 01, 22",0.0321,DVAX
2022-08-31,11.39,11.83,11.2908,11.47,11.47,2352725,2352700,0.08,0.70237,11.46,"August 31, 22",0.0070237,DVAX
2022-08-30,11.18,11.37,11.0407,11.34,11.34,1916392,1916400,0.16,1.43,11.24,"August 30, 22",0.0143,DVAX
2022-08-29,11.13,11.445,10.95,11.0,11.0,1918817,1918800,-0.13,-1.17,11.15,"August 29, 22",-0.0117,DVAX
2022-08-26,11.58,11.65,11.11,11.3,11.3,1921490,1921500,-0.28,-2.42,11.29,"August 26, 22",-0.0242,DVAX
2022-08-25,11.76,12.08,11.61,11.63,11.63,1960239,1960200,-0.13,-1.11,11.73,"August 25, 22",-0.0111,DVAX
2022-08-24,11.658,11.811,11.46,11.61,11.61,1728499,1728500,-0.048,-0.41173,11.65,"August 24, 22",-0.0041173,DVAX
2022-08-23,11.79,11.93,11.64,11.74,11.74,2453048,2453000,-0.05,-0.42409,11.79,"August 23, 22",-0.0042409,DVAX
2022-08-22,12.04,12.23,11.64,11.74,11.74,2652582,2652400,-0.3,-2.49,11.89,"August 22, 22",-0.0249,DVAX
2022-08-19,12.19,12.455,12.075,12.17,12.17,2860057,2860100,-0.02,-0.16407,12.2,"August 19, 22",-0.0016407,DVAX
2022-08-18,12.8,12.8,12.24,12.47,12.47,3144475,3144500,-0.33,-2.58,12.4,"August 18, 22",-0.0258,DVAX
2022-08-17,14.12,14.12,12.69,12.76,12.76,4148492,4148500,-1.36,-9.63,13.05,"August 17, 22",-0.0963,DVAX
2022-08-16,15.29,15.4,14.05,14.24,14.24,4719395,4719400,-1.05,-6.87,14.4,"August 16, 22",-0.0687,DVAX
2022-08-15,16.22,16.29,15.58,15.62,15.62,2240822,2240800,-0.6,-3.7,15.73,"August 15, 22",-0.037,DVAX
2022-08-12,16.9,16.99,16.18,16.34,16.34,7315425,7315400,-0.56,-3.31,16.53,"August 12, 22",-0.0331,DVAX
2022-08-11,17.23,17.41,16.52,16.69,16.690001,2121918,2121700,-0.54,-3.13,16.9,"August 11, 22",-0.0313,DVAX
2022-08-10,17.42,17.48,16.51,17.26,17.26,2453470,2453500,-0.16,-0.91848,17.13,"August 10, 22",-0.0091848,DVAX
2022-08-09,17.05,17.33,16.26,17.02,17.02,2620105,2620100,-0.03,-0.17595,16.81,"August 09, 22",-0.0017595,DVAX
2022-08-08,16.65,17.44,16.13,17.44,17.440001,4064253,4062800,0.79,4.74,17.06,"August 08, 22",0.0474,DVAX
2022-08-05,15.645,17.1,14.94,16.65,16.65,6098402,6098400,1.005,6.42,16.34,"August 05, 22",0.0642,DVAX
2022-08-04,14.13,14.69,14.02,14.34,14.34,2203305,2203300,0.21,1.49,14.43,"August 04, 22",0.0149,DVAX
2022-08-03,13.95,14.51,13.95,14.13,14.13,1289893,1289900,0.18,1.29,14.21,"August 03, 22",0.0129,DVAX
2022-08-02,14.01,14.186,13.785,13.89,13.89,1072064,1072100,-0.12,-0.85653,13.94,"August 02, 22",-0.0085653,DVAX
2022-08-01,14.37,14.49,13.82,14.04,14.04,1975289,1975300,-0.33,-2.3,14.13,"August 01, 22",-0.023,DVAX
2022-07-29,14.31,14.42,13.92,14.38,14.38,1699149,1699100,0.07,0.48917,14.25,"July 29, 22",0.0048917,DVAX
2022-07-28,14.67,14.67,14.02,14.44,14.44,1207677,1207500,-0.23,-1.57,14.38,"July 28, 22",-0.0157,DVAX
2022-07-27,14.71,14.81,14.28,14.71,14.71,1077642,1077400,0.0,0.0,14.63,"July 27, 22",0.0,DVAX
2022-07-26,14.78,14.91,14.435,14.61,14.61,1088817,1088800,-0.17,-1.15,14.68,"July 26, 22",-0.0115,DVAX
2022-07-25,14.87,14.91,14.362,14.83,14.83,1219121,1219000,-0.04,-0.269,14.69,"July 25, 22",-0.00269,DVAX
2022-07-22,15.11,15.23,14.635,14.78,14.78,1534261,1534300,-0.33,-2.18,14.82,"July 22, 22",-0.0218,DVAX
2022-07-21,15.26,15.34,14.78,15.18,15.18,1162577,1162400,-0.08,-0.52425,15.07,"July 21, 22",-0.0052425,DVAX
2022-07-20,14.61,15.5,14.54,15.15,15.15,2207797,2207700,0.54,3.7,15.17,"July 20, 22",0.037,DVAX
2022-07-19,14.22,14.67,13.98,14.55,14.55,1180184,1180000,0.33,2.32,14.5,"July 19, 22",0.0232,DVAX
2022-07-18,14.55,14.92,13.855,13.92,13.92,1138162,1138100,-0.63,-4.33,14.11,"July 18, 22",-0.0433,DVAX
2022-07-15,14.3,14.47,13.94,14.46,14.46,1180391,1180400,0.16,1.12,14.3,"July 15, 22",0.0112,DVAX
2022-07-14,14.23,14.305,13.74,14.0,14.0,1027197,1027200,-0.23,-1.62,14.0,"July 14, 22",-0.0162,DVAX
2022-07-13,14.17,14.97,14.1,14.41,14.41,938105,938100,0.24,1.69,14.53,"July 13, 22",0.0169,DVAX
2022-07-12,14.24,14.7,13.76,14.58,14.58,1099213,1099000,0.34,2.39,14.42,"July 12, 22",0.0239,DVAX
2022-07-11,14.65,14.67,14.17,14.24,14.24,1453986,1453800,-0.41,-2.8,14.3,"July 11, 22",-0.028,DVAX
2022-07-08,14.44,14.88,14.33,14.84,14.84,1244505,1244500,0.4,2.77,14.75,"July 08, 22",0.0277,DVAX
2022-07-07,14.09,14.75,14.08,14.59,14.59,1816077,1816000,0.5,3.55,14.52,"July 07, 22",0.0355,DVAX
2022-07-06,13.89,14.3,13.745,14.06,14.06,1742686,1742700,0.17,1.22,14.03,"July 06, 22",0.0122,DVAX
2022-07-05,12.84,14.02,12.74,14.02,14.02,2338123,2337600,1.18,9.19,13.69,"July 05, 22",0.0919,DVAX
2022-07-01,12.55,13.0498,12.28,12.96,12.96,1466067,1466000,0.41,3.27,12.83,"July 01, 22",0.0327,DVAX
2022-06-30,12.54,12.86,12.2,12.59,12.59,1107565,1107500,0.05,0.39872,12.58,"June 30, 22",0.0039872,DVAX
2022-06-29,12.18,12.88,12.08,12.79,12.79,1415909,1415900,0.61,5.01,12.67,"June 29, 22",0.0501,DVAX
2022-06-28,12.53,12.71,12.015,12.17,12.17,1221348,1221200,-0.36,-2.87,12.24,"June 28, 22",-0.0287,DVAX
2022-06-27,12.3,12.72,11.99,12.5,12.5,1252453,1252300,0.2,1.63,12.43,"June 27, 22",0.0163,DVAX
2022-06-24,12.2,12.385,11.84,12.33,12.33,2365383,2365400,0.13,1.07,12.24,"June 24, 22",0.0107,DVAX
2022-06-23,11.56,12.29,11.56,12.28,12.28,1804779,1804600,0.72,6.23,12.07,"June 23, 22",0.0623,DVAX
2022-06-22,10.8,11.76,10.62,11.5,11.5,1695579,1695600,0.7,6.48,11.43,"June 22, 22",0.0648,DVAX
2022-06-21,10.46,11.47,10.46,11.03,11.03,2257105,2257100,0.57,5.45,11.09,"June 21, 22",0.0545,DVAX
2022-06-17,10.15,10.62,10.1,10.31,10.31,6652336,6652300,0.16,1.58,10.32,"June 17, 22",0.0158,DVAX
2022-06-16,10.29,10.52,9.79,9.98,9.98,2495537,2495300,-0.31,-3.01,9.97,"June 16, 22",-0.0301,DVAX
2022-06-15,10.62,10.82,10.295,10.67,10.67,1545390,1545400,0.05,0.47081,10.61,"June 15, 22",0.0047081,DVAX
2022-06-14,10.4,10.76,10.26,10.47,10.47,1580669,1580700,0.07,0.67308,10.45,"June 14, 22",0.0067308,DVAX
2022-06-13,11.01,11.18,10.385,10.39,10.39,3437207,3437000,-0.62,-5.63,10.54,"June 13, 22",-0.0563,DVAX
2022-06-10,11.65,11.94,11.36,11.46,11.46,2027262,2025500,-0.19,-1.63,11.54,"June 10, 22",-0.0163,DVAX
2022-06-09,12.4,12.64,12.01,12.02,12.02,1574134,1574100,-0.38,-3.06,12.16,"June 09, 22",-0.0306,DVAX
2022-06-08,12.7,12.99,12.425,12.52,12.52,1830554,1830500,-0.18,-1.42,12.69,"June 08, 22",-0.0142,DVAX
2022-06-07,11.89,12.915,11.88,12.83,12.83,2924728,2924700,0.94,7.91,12.72,"June 07, 22",0.0791,DVAX
2022-06-06,12.31,12.4399,11.89,12.05,12.05,1995442,1995400,-0.26,-2.11,12.1,"June 06, 22",-0.0211,DVAX
2022-06-03,11.95,12.46,11.71,12.12,12.12,2396872,2396900,0.17,1.42,12.06,"June 03, 22",0.0142,DVAX
2022-06-02,11.92,12.24,11.49,12.09,12.09,2483196,2483200,0.17,1.43,11.98,"June 02, 22",0.0143,DVAX
2022-06-01,11.96,12.24,11.37,11.92,11.92,2991865,2991900,-0.04,-0.33445,11.84,"June 01, 22",-0.0033445,DVAX
2022-05-31,12.4,12.48,11.63,11.86,11.86,2648769,2648600,-0.54,-4.35,11.93,"May 31, 22",-0.0435,DVAX
2022-05-27,11.7,12.46,11.57,12.43,12.43,3016347,3016300,0.73,6.24,12.22,"May 27, 22",0.0624,DVAX
2022-05-26,11.78,11.845,11.4,11.68,11.68,2561546,2561500,-0.1,-0.8489,11.68,"May 26, 22",-0.008489,DVAX
2022-05-25,11.2,11.855,10.99,11.79,11.79,3942502,3942300,0.59,5.27,11.48,"May 25, 22",0.0527,DVAX
2022-05-24,11.14,11.63,10.975,11.28,11.28,4457798,4457700,0.14,1.26,11.31,"May 24, 22",0.0126,DVAX
2022-05-23,10.9,11.555,10.87,11.41,11.41,2787101,2787000,0.51,4.68,11.35,"May 23, 22",0.0468,DVAX
2022-05-20,11.15,11.32,10.24,10.8,10.8,3522427,3522400,-0.35,-3.14,10.73,"May 20, 22",-0.0314,DVAX
2022-05-19,9.56,11.28,9.56,11.18,11.18,6596060,6596100,1.62,16.95,10.82,"May 19, 22",0.1695,DVAX
2022-05-18,9.4,9.66,9.27,9.62,9.62,4536385,4536400,0.22,2.34,9.51,"May 18, 22",0.0234,DVAX
2022-05-17,10.0,10.2,9.18,9.73,9.73,6563515,6563500,-0.27,-2.7,9.63,"May 17, 22",-0.027,DVAX
2022-05-16,9.48,10.12,9.42,9.82,9.82,29432161,29432200,0.34,3.59,9.83,"May 16, 22",0.0359,DVAX
2022-05-13,9.0,10.19,8.88,9.6,9.6,13577602,13577500,0.6,6.67,9.68,"May 13, 22",0.0667,DVAX
2022-05-12,7.26,8.14,7.26,7.925,7.93,2606756,2606800,0.665,9.16,7.86,"May 12, 22",0.0916,DVAX
2022-05-11,8.1,8.2,7.36,7.45,7.45,2483219,2483200,-0.65,-8.02,7.65,"May 11, 22",-0.0802,DVAX
2022-05-10,8.42,8.66,8.13,8.22,8.22,2503867,2503900,-0.2,-2.38,8.32,"May 10, 22",-0.0238,DVAX
2022-05-09,8.55,9.22,8.12,8.17,8.17,3536823,3536800,-0.38,-4.44,8.36,"May 09, 22",-0.0444,DVAX
2022-05-06,8.44,9.52,8.2601,8.94,8.94,3383254,3383300,0.5,5.92,9.04,"May 06, 22",0.0592,DVAX
2022-05-05,9.22,9.24,8.55,8.76,8.76,2210653,2210700,-0.46,-4.99,8.78,"May 05, 22",-0.0499,DVAX
2022-05-04,9.26,9.43,8.6,9.34,9.34,1987870,1987900,0.08,0.86393,9.11,"May 04, 22",0.0086393,DVAX
2022-05-03,9.28,9.3499,8.94,9.15,9.15,1414707,1414600,-0.13,-1.4,9.14,"May 03, 22",-0.014,DVAX
2022-05-02,8.8,9.32,8.79,9.3,9.3,2174924,2174900,0.5,5.68,9.16,"May 02, 22",0.0568,DVAX
2022-04-29,9.26,9.4,8.8,8.83,8.83,1852460,1852400,-0.43,-4.64,8.92,"April 29, 22",-0.0464,DVAX
2022-04-28,9.57,9.675,8.75,9.21,9.21,2163872,2162400,-0.36,-3.76,9.08,"April 28, 22",-0.0376,DVAX
2022-04-27,9.45,9.7,9.31,9.39,9.39,1056196,1056200,-0.06,-0.63492,9.44,"April 27, 22",-0.0063492,DVAX
2022-04-26,9.82,9.96,9.39,9.44,9.44,1503964,1504000,-0.38,-3.87,9.5,"April 26, 22",-0.0387,DVAX
2022-04-25,9.37,9.98,9.35,9.95,9.95,1260288,1260300,0.58,6.19,9.81,"April 25, 22",0.0619,DVAX
2022-04-22,9.84,10.19,9.48,9.52,9.52,1255875,1255900,-0.32,-3.25,9.62,"April 22, 22",-0.0325,DVAX
2022-04-21,10.22,10.3,9.76,9.8,9.8,1406345,1406300,-0.42,-4.11,9.85,"April 21, 22",-0.0411,DVAX
2022-04-20,10.29,10.3,9.9371,10.07,10.07,1148332,1148300,-0.22,-2.14,10.1,"April 20, 22",-0.0214,DVAX
2022-04-19,10.27,10.36,10.08,10.24,10.24,1027456,1027500,-0.03,-0.29211,10.25,"April 19, 22",-0.0029211,DVAX
2022-04-18,10.6,10.6,10.165,10.26,10.26,1274383,1274400,-0.34,-3.21,10.29,"April 18, 22",-0.0321,DVAX
2022-04-14,10.64,10.75,10.3812,10.51,10.51,1135008,1135000,-0.13,-1.22,10.55,"April 14, 22",-0.0122,DVAX
2022-04-13,10.14,10.845,10.135,10.69,10.69,1540128,1540000,0.55,5.42,10.65,"April 13, 22",0.0542,DVAX
2022-04-12,10.49,10.6,10.05,10.12,10.12,1500300,1500300,-0.37,-3.53,10.23,"April 12, 22",-0.0353,DVAX
2022-04-11,10.41,10.555,10.16,10.24,10.24,1291698,1291600,-0.17,-1.63,10.28,"April 11, 22",-0.0163,DVAX
2022-04-08,10.68,10.85,10.495,10.52,10.52,1137924,1137900,-0.16,-1.5,10.62,"April 08, 22",-0.015,DVAX
2022-04-07,10.75,10.9,10.42,10.67,10.67,1341210,1341200,-0.08,-0.74419,10.64,"April 07, 22",-0.0074419,DVAX
2022-04-06,10.91,11.08,10.54,10.77,10.77,1824167,1824200,-0.14,-1.28,10.77,"April 06, 22",-0.0128,DVAX
2022-04-05,11.345,11.68,10.975,11.04,11.04,1639544,1639500,-0.305,-2.69,11.18,"April 05, 22",-0.0269,DVAX
2022-04-04,11.28,11.67,11.16,11.56,11.56,1824815,1824700,0.28,2.48,11.54,"April 04, 22",0.0248,DVAX
2022-04-01,10.85,11.26,10.77,11.26,11.26,1285685,1285700,0.41,3.78,11.09,"April 01, 22",0.0378,DVAX
2022-03-31,11.1,11.6499,10.83,10.84,10.84,1226475,1226500,-0.26,-2.34,11.1,"March 31, 22",-0.0234,DVAX
2022-03-30,11.34,11.57,10.94,11.0,11.0,1222560,1222400,-0.34,-3.0,11.2,"March 30, 22",-0.03,DVAX
2022-03-29,11.2,11.46,11.04,11.37,11.37,1433788,1433600,0.17,1.52,11.28,"March 29, 22",0.0152,DVAX
2022-03-28,10.94,11.17,10.84,11.03,11.03,898106,898100,0.09,0.82267,10.96,"March 28, 22",0.0082267,DVAX
2022-03-25,11.34,11.34,10.84,10.93,10.93,984201,983700,-0.41,-3.62,10.96,"March 25, 22",-0.0362,DVAX
2022-03-24,11.22,11.5,11.195,11.4,11.4,1627668,1627700,0.18,1.6,11.35,"March 24, 22",0.016,DVAX
2022-03-23,11.41,11.6178,11.12,11.16,11.16,902099,902100,-0.25,-2.19,11.26,"March 23, 22",-0.0219,DVAX
2022-03-22,11.54,11.8,11.4201,11.56,11.56,1192831,1192600,0.02,0.17331,11.61,"March 22, 22",0.0017331,DVAX
2022-03-21,11.76,11.9,11.08,11.41,11.41,2095264,2095200,-0.35,-2.98,11.38,"March 21, 22",-0.0298,DVAX
2022-03-18,11.34,11.93,11.2,11.81,11.81,3741256,3741300,0.47,4.14,11.74,"March 18, 22",0.0414,DVAX
2022-03-17,10.87,11.4,10.8492,11.32,11.32,1370012,1369900,0.45,4.14,11.25,"March 17, 22",0.0414,DVAX
2022-03-16,10.65,10.98,10.36,10.97,10.97,1891136,1891100,0.32,3.0,10.78,"March 16, 22",0.03,DVAX
2022-03-15,10.345,10.74,10.185,10.44,10.44,1618307,1618300,0.095,0.91832,10.37,"March 15, 22",0.0091832,DVAX
2022-03-14,9.87,10.62,9.84,10.25,10.25,2083406,2083400,0.38,3.85,10.26,"March 14, 22",0.0385,DVAX
2022-03-11,10.29,10.35,9.7,9.75,9.75,1576895,1576900,-0.54,-5.25,9.86,"March 11, 22",-0.0525,DVAX
2022-03-10,10.22,10.35,9.95,10.19,10.19,1290892,1290900,-0.03,-0.29354,10.13,"March 10, 22",-0.0029354,DVAX
2022-03-09,10.37,10.79,10.1911,10.4,10.4,1891778,1891800,0.03,0.2893,10.47,"March 09, 22",0.002893,DVAX
2022-03-08,9.86,10.5699,9.5301,10.05,10.05,2194067,2194100,0.19,1.93,10.05,"March 08, 22",0.0193,DVAX
2022-03-07,10.18,10.55,9.76,9.87,9.87,2264593,2264600,-0.31,-3.05,9.96,"March 07, 22",-0.0305,DVAX
2022-03-04,11.12,11.19,10.19,10.46,10.46,3504720,3503500,-0.66,-5.94,10.52,"March 04, 22",-0.0594,DVAX
2022-03-03,12.55,12.57,11.04,11.28,11.28,2547997,2548000,-1.27,-10.12,11.4,"March 03, 22",-0.1012,DVAX
2022-03-02,12.37,12.77,12.14,12.58,12.58,1310127,1309900,0.21,1.7,12.52,"March 02, 22",0.017,DVAX
2022-03-01,12.15,13.02,11.6,12.21,12.21,1599708,1599700,0.06,0.49383,12.4,"March 01, 22",0.0049383,DVAX
2022-02-28,12.38,12.7,12.08,12.26,12.26,3280314,3280300,-0.12,-0.96931,12.29,"February 28, 22",-0.0096931,DVAX
2022-02-25,12.4,12.49,12.02,12.48,12.48,1111925,1111900,0.08,0.64516,12.38,"February 25, 22",0.0064516,DVAX
2022-02-24,11.01,12.475,10.9,12.44,12.44,2437139,2437100,1.43,12.99,12.03,"February 24, 22",0.1299,DVAX
2022-02-23,12.42,12.44,11.7,11.71,11.71,1661154,1661000,-0.71,-5.72,11.88,"February 23, 22",-0.0572,DVAX
2022-02-22,12.28,12.67,12.04,12.27,12.27,1462355,1462200,-0.01,-0.08143322,12.35,"February 22, 22",-0.0008143322,DVAX
2022-02-18,12.57,12.88,12.09,12.34,12.34,1237190,1237200,-0.23,-1.83,12.42,"February 18, 22",-0.0183,DVAX
2022-02-17,13.02,13.08,12.25,12.45,12.45,1490927,1490900,-0.57,-4.38,12.53,"February 17, 22",-0.0438,DVAX
2022-02-16,13.12,13.25,12.89,13.04,13.04,845618,845600,-0.08,-0.60976,13.07,"February 16, 22",-0.0060976,DVAX
2022-02-15,12.78,13.44,12.7501,13.32,13.32,1251590,1251500,0.54,4.23,13.25,"February 15, 22",0.0423,DVAX
2022-02-14,12.79,12.94,12.41,12.51,12.51,1057992,1058000,-0.28,-2.19,12.58,"February 14, 22",-0.0219,DVAX
2022-02-11,12.73,13.495,12.62,12.9,12.9,2301156,2301200,0.17,1.34,13.19,"February 11, 22",0.0134,DVAX
2022-02-10,12.81,13.56,12.505,12.74,12.74,1946441,1946200,-0.07,-0.54645,12.93,"February 10, 22",-0.0054645,DVAX
2022-02-09,12.78,13.11,12.73,13.08,13.08,1464209,1464200,0.3,2.35,13.02,"February 09, 22",0.0235,DVAX
2022-02-08,12.62,12.6927,12.111,12.62,12.62,1244298,1244300,0.0,0.0,12.51,"February 08, 22",0.0,DVAX
2022-02-07,12.61,12.95,12.59,12.75,12.75,1056061,1056100,0.14,1.11,12.77,"February 07, 22",0.0111,DVAX
2022-02-04,12.37,12.9,12.3,12.62,12.62,1343001,1343000,0.25,2.02,12.68,"February 04, 22",0.0202,DVAX
2022-02-03,12.15,12.615,12.15,12.37,12.37,1728059,1728100,0.22,1.81,12.45,"February 03, 22",0.0181,DVAX
2022-02-02,12.59,12.72,12.22,12.41,12.41,1497289,1497300,-0.18,-1.43,12.45,"February 02, 22",-0.0143,DVAX
2022-02-01,13.1,13.13,12.51,12.65,12.65,1581844,1581800,-0.45,-3.44,12.74,"February 01, 22",-0.0344,DVAX
2022-01-31,12.65,13.02,12.44,12.97,12.97,1683910,1683900,0.32,2.53,12.84,"January 31, 22",0.0253,DVAX
2022-01-28,11.8,12.62,11.6189,12.6,12.6,1583293,1583300,0.8,6.78,12.28,"January 28, 22",0.0678,DVAX
2022-01-27,12.43,12.64,11.81,11.85,11.85,1712919,1712900,-0.58,-4.67,12.06,"January 27, 22",-0.0467,DVAX
2022-01-26,12.79,13.33,12.21,12.35,12.35,1938968,1939000,-0.44,-3.44,12.69,"January 26, 22",-0.0344,DVAX
2022-01-25,12.492,12.77,11.9,12.6,12.6,2014463,2014300,0.108,0.86455,12.38,"January 25, 22",0.0086455,DVAX
2022-01-24,12.502,12.67,11.115,12.6,12.6,3939554,3939500,0.098,0.78387,11.93,"January 24, 22",0.0078387,DVAX
2022-01-21,12.81,13.55,12.74,12.86,12.86,2381003,2381000,0.05,0.39032,13.01,"January 21, 22",0.0039032,DVAX
2022-01-20,12.9,13.97,12.76,13.15,13.15,1895082,1895100,0.25,1.94,13.49,"January 20, 22",0.0194,DVAX
2022-01-19,12.815,13.27,12.64,12.73,12.73,1577438,1577400,-0.085,-0.66329,12.86,"January 19, 22",-0.0066329,DVAX
2022-01-18,13.4,13.49,12.72,12.73,12.73,1686439,1684900,-0.67,-5.0,12.94,"January 18, 22",-0.05,DVAX
2022-01-14,12.61,13.57,12.55,13.53,13.53,1509889,1509900,0.92,7.3,13.12,"January 14, 22",0.073,DVAX
2022-01-13,13.63,13.97,13.0,13.06,13.06,1399161,1399200,-0.57,-4.18,13.27,"January 13, 22",-0.0418,DVAX
2022-01-12,14.51,14.66,13.61,13.61,13.61,1705393,1705400,-0.9,-6.2,13.77,"January 12, 22",-0.062,DVAX
2022-01-11,14.48,14.84,14.03,14.19,14.19,1365842,1365800,-0.29,-2.0,14.32,"January 11, 22",-0.02,DVAX
2022-01-10,13.66,14.48,13.15,14.44,14.44,2543956,2543900,0.78,5.71,14.14,"January 10, 22",0.0571,DVAX
2022-01-07,13.12,13.83,13.06,13.52,13.52,1816097,1816100,0.4,3.05,13.56,"January 07, 22",0.0305,DVAX
2022-01-06,13.18,14.12,12.9,13.11,13.11,3051299,3051300,-0.07,-0.53111,13.35,"January 06, 22",-0.0053111,DVAX
2022-01-05,13.4,13.7133,12.56,12.61,12.61,1760334,1760300,-0.79,-5.9,12.9,"January 05, 22",-0.059,DVAX
2022-01-04,13.97,13.97,12.94,13.4,13.4,1890014,1889900,-0.57,-4.08,13.3,"January 04, 22",-0.0408,DVAX
2022-01-03,14.24,14.2521,13.435,13.88,13.88,1427335,1427200,-0.36,-2.53,13.79,"January 03, 22",-0.0253,DVAX
2021-12-31,14.22,14.3,13.9,14.07,14.07,1157013,1157000,-0.15,-1.05,14.07,"December 31, 21",-0.0105,DVAX
2021-12-30,14.9097,15.3,14.12,14.22,14.22,1642187,1642200,-0.6897,-4.63,14.52,"December 30, 21",-0.0463,DVAX
2021-12-29,14.42,15.05,14.3,15.0,15.0,1635515,1635500,0.58,4.02,14.76,"December 29, 21",0.0402,DVAX
2021-12-28,14.23,15.1299,14.19,14.2,14.2,2213792,2213100,-0.03,-0.21082,14.56,"December 28, 21",-0.0021082,DVAX
2021-12-27,14.24,14.6,13.95,14.39,14.39,1562130,1562000,0.15,1.05,14.39,"December 27, 21",0.0105,DVAX
2021-12-23,14.04,14.27,13.53,14.15,14.15,1321315,1321200,0.11,0.78348,14.03,"December 23, 21",0.0078348,DVAX
2021-12-22,13.86,14.22,13.65,14.04,14.04,1155277,1155300,0.18,1.3,13.94,"December 22, 21",0.013,DVAX
2021-12-21,14.23,14.34,13.75,14.23,14.23,1697909,1697900,0.0,0.0,14.13,"December 21, 21",0.0,DVAX
2021-12-20,15.19,15.28,14.025,14.14,14.14,2579221,2579000,-1.05,-6.91,14.28,"December 20, 21",-0.0691,DVAX
2021-12-17,14.09,15.25,14.02,15.19,15.19,4363340,4363200,1.1,7.81,14.96,"December 17, 21",0.0781,DVAX
2021-12-16,14.31,14.82,13.96,14.16,14.16,1586831,1586800,-0.15,-1.05,14.36,"December 16, 21",-0.0105,DVAX
2021-12-15,13.52,14.24,13.2,14.15,14.15,1485995,1486000,0.63,4.66,13.82,"December 15, 21",0.0466,DVAX
2021-12-14,13.07,13.56,12.97,13.38,13.38,1168609,1168400,0.31,2.37,13.27,"December 14, 21",0.0237,DVAX
2021-12-13,13.44,13.97,13.08,13.21,13.21,1241516,1241500,-0.23,-1.71,13.32,"December 13, 21",-0.0171,DVAX
2021-12-10,13.65,13.98,13.17,13.33,13.33,2455759,2455800,-0.32,-2.34,13.42,"December 10, 21",-0.0234,DVAX
2021-12-09,14.38,14.5,13.68,13.7,13.7,1263256,1263300,-0.68,-4.73,13.96,"December 09, 21",-0.0473,DVAX
2021-12-08,14.42,14.72,14.18,14.35,14.35,1391103,1391100,-0.07,-0.48544,14.42,"December 08, 21",-0.0048544,DVAX
2021-12-07,13.7,14.72,13.7,14.45,14.45,2158013,2158000,0.75,5.47,14.4,"December 07, 21",0.0547,DVAX
2021-12-06,13.02,13.48,12.6,13.39,13.39,5003488,5003300,0.37,2.84,13.25,"December 06, 21",0.0284,DVAX
2021-12-03,14.25,14.25,12.82,13.17,13.17,4392000,4392000,-1.08,-7.58,13.26,"December 03, 21",-0.0758,DVAX
2021-12-02,15.08,15.33,14.4,14.7,14.7,2220326,2220300,-0.38,-2.52,14.7,"December 02, 21",-0.0252,DVAX
2021-12-01,15.95,16.41,15.1,15.11,15.11,1580921,1575800,-0.84,-5.27,15.54,"December 01, 21",-0.0527,DVAX
2021-11-30,15.94,16.3399,15.23,16.15,16.15,2109324,2109300,0.21,1.32,15.91,"November 30, 21",0.0132,DVAX
2021-11-29,16.78,17.11,16.02,16.07,16.07,2955461,2955500,-0.71,-4.23,16.35,"November 29, 21",-0.0423,DVAX
2021-11-26,17.08,17.18,15.98,16.32,16.32,1777020,1777000,-0.76,-4.45,16.49,"November 26, 21",-0.0445,DVAX
2021-11-24,15.94,16.4887,15.6,16.39,16.389999,1295894,1295900,0.45,2.82,16.13,"November 24, 21",0.0282,DVAX
2021-11-23,16.2,16.47,15.45,15.8,15.8,2044166,2044000,-0.4,-2.47,15.78,"November 23, 21",-0.0247,DVAX
2021-11-22,16.3742,16.64,15.71,16.26,16.26,2774556,2774200,-0.1142,-0.69744,16.25,"November 22, 21",-0.0069744,DVAX
2021-11-19,16.63,17.13,16.47,16.47,16.469999,2841336,2839900,-0.16,-0.96212,16.56,"November 19, 21",-0.0096212,DVAX
2021-11-18,17.03,17.51,16.47,16.75,16.75,1736135,1735900,-0.28,-1.64,16.89,"November 18, 21",-0.0164,DVAX
2021-11-17,17.13,17.43,16.75,16.96,16.959999,2365977,2366000,-0.17,-0.99241,17.0,"November 17, 21",-0.0099241,DVAX
2021-11-16,16.93,17.58,16.77,17.16,17.16,1841256,1841300,0.23,1.36,17.24,"November 16, 21",0.0136,DVAX
2021-11-15,16.99,17.47,16.8038,17.05,17.049999,1134427,1134400,0.06,0.35315,17.17,"November 15, 21",0.0035315,DVAX
2021-11-12,16.37,17.1,16.3573,16.95,16.950001,2238748,2238700,0.58,3.54,16.86,"November 12, 21",0.0354,DVAX
2021-11-11,16.02,16.48,15.75,16.41,16.41,2984633,2984400,0.39,2.43,16.2,"November 11, 21",0.0243,DVAX
2021-11-10,16.5,17.001,15.95,16.02,16.02,2635030,2635000,-0.48,-2.91,16.4,"November 10, 21",-0.0291,DVAX
2021-11-09,16.32,16.47,15.75,15.97,15.97,1829300,1829300,-0.35,-2.14,16.03,"November 09, 21",-0.0214,DVAX
2021-11-08,16.5135,17.1189,15.98,16.13,16.129999,2810157,2810200,-0.3835,-2.32,16.33,"November 08, 21",-0.0232,DVAX
2021-11-05,18.16,18.63,14.9,16.16,16.16,10642350,10642400,-2.0,-11.01,16.56,"November 05, 21",-0.1101,DVAX
2021-11-04,21.12,21.39,20.545,20.76,20.76,5052741,5052700,-0.36,-1.7,20.87,"November 04, 21",-0.017,DVAX
2021-11-03,20.5886,21.105,20.22,20.94,20.940001,2379721,2379700,0.3514,1.71,20.72,"November 03, 21",0.0171,DVAX
2021-11-02,20.6,20.6699,20.05,20.54,20.540001,1491449,1491400,-0.06,-0.29126,20.37,"November 02, 21",-0.0029126,DVAX
2021-11-01,20.12,21.14,19.64,20.56,20.559999,3305041,3305000,0.44,2.19,20.4,"November 01, 21",0.0219,DVAX
2021-10-29,20.5,20.5,19.51,19.97,19.969999,2182366,2182400,-0.53,-2.59,20.02,"October 29, 21",-0.0259,DVAX
2021-10-28,19.71,20.5,19.5,20.43,20.43,2142000,2142000,0.72,3.65,20.12,"October 28, 21",0.0365,DVAX
2021-10-27,19.11,20.25,19.101,19.7,19.700001,2934242,2934200,0.59,3.09,19.85,"October 27, 21",0.0309,DVAX
2021-10-26,19.43,19.55,18.6,19.18,19.18,1757122,1757100,-0.25,-1.29,19.18,"October 26, 21",-0.0129,DVAX
2021-10-25,18.0,19.52,17.865,19.4,19.4,2630232,2630200,1.4,7.78,19.06,"October 25, 21",0.0778,DVAX
2021-10-22,18.5,18.5,16.72,18.12,18.120001,3834447,3834400,-0.38,-2.05,17.5,"October 22, 21",-0.0205,DVAX
2021-10-21,18.54,18.99,18.22,18.85,18.85,2038406,2038400,0.31,1.67,18.67,"October 21, 21",0.0167,DVAX
2021-10-20,17.42,18.93,17.42,18.23,18.23,3164411,3164400,0.81,4.65,18.39,"October 20, 21",0.0465,DVAX
2021-10-19,17.15,18.06,16.88,17.55,17.549999,2256468,2256500,0.4,2.33,17.53,"October 19, 21",0.0233,DVAX
2021-10-18,17.41,17.74,16.86,17.14,17.139999,2783953,2784000,-0.27,-1.55,17.28,"October 18, 21",-0.0155,DVAX
2021-10-15,17.0972,17.22,16.54,16.94,16.940001,1701028,1701000,-0.1572,-0.91945,16.9,"October 15, 21",-0.0091945,DVAX
2021-10-14,17.66,17.75,16.9288,17.02,17.02,1777333,1775600,-0.64,-3.62,17.3,"October 14, 21",-0.0362,DVAX
2021-10-13,18.01,18.21,17.06,17.49,17.49,2086654,2085500,-0.52,-2.89,17.46,"October 13, 21",-0.0289,DVAX
2021-10-12,17.7,18.31,17.48,18.05,18.049999,1357127,1357000,0.35,1.98,17.97,"October 12, 21",0.0198,DVAX
2021-10-11,17.33,17.95,17.05,17.53,17.530001,1978758,1978700,0.2,1.15,17.59,"October 11, 21",0.0115,DVAX
2021-10-08,18.16,18.3323,17.31,17.33,17.33,1704626,1676600,-0.83,-4.57,17.63,"October 08, 21",-0.0457,DVAX
2021-10-07,17.8,18.4,17.7,18.14,18.139999,1673668,1673700,0.34,1.91,18.08,"October 07, 21",0.0191,DVAX
2021-10-06,17.71,17.99,17.37,17.69,17.690001,1600758,1600500,-0.02,-0.11293,17.69,"October 06, 21",-0.0011293,DVAX
2021-10-05,17.1645,17.9999,17.07,17.79,17.790001,2403803,2403800,0.6255,3.64,17.68,"October 05, 21",0.0364,DVAX
2021-10-04,17.06,17.61,16.19,17.12,17.120001,3147590,3147600,0.06,0.3517,16.91,"October 04, 21",0.003517,DVAX
2021-10-01,18.41,18.455,15.86,16.84,16.84,6486050,6486100,-1.57,-8.53,16.67,"October 01, 21",-0.0853,DVAX
2021-09-30,19.46,20.45,19.19,19.21,19.209999,3507558,3472500,-0.25,-1.28,19.69,"September 30, 21",-0.0128,DVAX
2021-09-29,18.69,19.99,17.94,19.44,19.440001,5994515,5994500,0.75,4.01,19.17,"September 29, 21",0.0401,DVAX
2021-09-28,18.15,18.94,17.83,18.31,18.309999,4324583,4324600,0.16,0.88154,18.33,"September 28, 21",0.0088154,DVAX
2021-09-27,19.995,20.96,18.31,18.49,18.49,6263710,6263700,-1.505,-7.53,19.39,"September 27, 21",-0.0753,DVAX
2021-09-24,19.205,20.27,18.9,19.83,19.83,5235614,5235600,0.625,3.25,19.73,"September 24, 21",0.0325,DVAX
2021-09-23,17.93,19.6,17.74,19.6,19.6,7949294,7949300,1.67,9.31,19.03,"September 23, 21",0.0931,DVAX
2021-09-22,15.8,20.66,15.77,18.79,18.790001,30508009,30508000,2.99,18.92,19.12,"September 22, 21",0.1892,DVAX
2021-09-21,15.02,15.2242,14.41,14.86,14.86,1741582,1760600,-0.16,-1.07,14.71,"September 21, 21",-0.0107,DVAX
2021-09-20,14.43,15.17,14.29,14.97,14.97,2627468,2627500,0.54,3.74,14.86,"September 20, 21",0.0374,DVAX
2021-09-17,14.57,15.09,14.26,14.89,14.89,5996048,5996000,0.32,2.2,14.85,"September 17, 21",0.022,DVAX
2021-09-16,14.44,14.85,14.1,14.44,14.44,1880627,1880500,0.0,0.0,14.35,"September 16, 21",0.0,DVAX
2021-09-15,13.5,14.57,13.3,14.48,14.48,3766248,3685000,0.98,7.26,14.19,"September 15, 21",0.0726,DVAX
2021-09-14,14.57,14.72,13.71,13.92,13.92,4852503,4779800,-0.65,-4.46,14.18,"September 14, 21",-0.0446,DVAX
2021-09-13,15.3285,15.6602,13.9,14.74,14.74,12919887,12740300,-0.5885,-3.84,14.86,"September 13, 21",-0.0384,DVAX
2021-09-10,19.1155,19.25,17.41,17.55,17.549999,4657145,4657100,-1.5655,-8.19,17.88,"September 10, 21",-0.0819,DVAX
2021-09-09,18.07,19.44,18.02,18.94,18.940001,3958151,3958200,0.87,4.81,18.92,"September 09, 21",0.0481,DVAX
2021-09-08,17.7,18.45,17.3101,18.26,18.26,4654049,4654000,0.56,3.16,17.99,"September 08, 21",0.0316,DVAX
2021-09-07,17.82,18.33,17.23,17.63,17.629999,3364829,3326500,-0.19,-1.07,17.76,"September 07, 21",-0.0107,DVAX
2021-09-03,17.065,18.4531,17.0,17.68,17.68,4589150,4585900,0.615,3.6,17.82,"September 03, 21",0.036,DVAX
2021-09-02,19.12,19.1908,17.2,17.69,17.690001,6828167,6823800,-1.43,-7.48,17.8,"September 02, 21",-0.0748,DVAX
2021-09-01,20.14,20.4,18.2001,19.0,19.0,12622515,12622500,-1.14,-5.66,18.99,"September 01, 21",-0.0566,DVAX
2021-08-31,18.26,20.0,18.26,19.46,19.459999,10193030,10193000,1.2,6.57,19.46,"August 31, 21",0.0657,DVAX
2021-08-30,17.4425,18.6,17.1,18.09,18.09,8832714,8832700,0.6475,3.71,17.93,"August 30, 21",0.0371,DVAX
2021-08-27,18.0729,18.5,15.97,16.91,16.91,17712066,17712100,-1.1629,-6.43,17.42,"August 27, 21",-0.0643,DVAX
2021-08-26,16.41,18.128,16.34,17.55,17.549999,12338836,12338800,1.14,6.95,17.42,"August 26, 21",0.0695,DVAX
2021-08-25,15.4164,17.11,15.08,16.24,16.24,10894528,10894500,0.8236,5.34,16.16,"August 25, 21",0.0534,DVAX
2021-08-24,13.87,15.28,13.41,15.13,15.13,5782745,5782700,1.26,9.08,14.57,"August 24, 21",0.0908,DVAX
2021-08-23,12.44,13.86,12.31,13.77,13.77,5296919,5296900,1.33,10.69,13.36,"August 23, 21",0.1069,DVAX
2021-08-20,11.6683,12.19,11.61,12.04,12.04,2603254,2603300,0.3717,3.19,12.01,"August 20, 21",0.0319,DVAX
2021-08-19,11.5,12.105,11.44,11.62,11.62,2293015,2293000,0.12,1.04,11.82,"August 19, 21",0.0104,DVAX
2021-08-18,12.38,12.59,11.77,11.81,11.81,2774385,2774400,-0.57,-4.6,11.99,"August 18, 21",-0.046,DVAX
2021-08-17,11.955,12.375,11.55,12.28,12.28,3381936,3381900,0.325,2.72,12.1,"August 17, 21",0.0272,DVAX
2021-08-16,13.04,13.17,11.77,12.11,12.11,4542781,4540000,-0.93,-7.13,12.36,"August 16, 21",-0.0713,DVAX
2021-08-13,13.0304,13.87,12.79,13.2,13.2,5264064,5264100,0.1696,1.3,13.37,"August 13, 21",0.013,DVAX
2021-08-12,12.51,12.9471,12.17,12.78,12.78,4812639,4808700,0.27,2.16,12.69,"August 12, 21",0.0216,DVAX
2021-08-11,11.84,12.23,11.805,12.13,12.13,2998644,2998600,0.29,2.45,12.01,"August 11, 21",0.0245,DVAX
2021-08-10,11.44,11.69,11.1501,11.69,11.69,3475965,3476000,0.25,2.19,11.54,"August 10, 21",0.0219,DVAX
2021-08-09,10.72,11.9,10.65,11.58,11.58,4923474,4923500,0.86,8.02,11.52,"August 09, 21",0.0802,DVAX
2021-08-06,10.725,11.245,10.54,10.74,10.74,4843517,4843300,0.015,0.13986,10.87,"August 06, 21",0.0013986,DVAX
2021-08-05,9.91,10.78,9.781,10.33,10.33,5158078,5158100,0.42,4.24,10.38,"August 05, 21",0.0424,DVAX
2021-08-04,9.7,10.0,9.665,9.88,9.88,1812435,1812400,0.18,1.86,9.86,"August 04, 21",0.0186,DVAX
2021-08-03,9.45,9.7599,9.33,9.74,9.74,1143685,1143700,0.29,3.07,9.6,"August 03, 21",0.0307,DVAX
2021-08-02,9.34,9.67,9.28,9.45,9.45,1146574,1146600,0.11,1.18,9.49,"August 02, 21",0.0118,DVAX
2021-07-30,9.46,9.4687,9.2,9.34,9.34,1287779,1287800,-0.12,-1.27,9.36,"July 30, 21",-0.0127,DVAX
2021-07-29,9.65,9.76,9.48,9.49,9.49,778867,778900,-0.16,-1.66,9.58,"July 29, 21",-0.0166,DVAX
2021-07-28,9.33,9.695,9.28,9.62,9.62,2207789,2207700,0.29,3.11,9.57,"July 28, 21",0.0311,DVAX
2021-07-27,9.33,9.33,9.049,9.2,9.2,1215707,1215700,-0.13,-1.39,9.2,"July 27, 21",-0.0139,DVAX
2021-07-26,9.45,9.54,9.265,9.28,9.28,933580,933600,-0.17,-1.8,9.34,"July 26, 21",-0.018,DVAX
2021-07-23,9.75,9.785,9.14,9.47,9.47,1130543,1130500,-0.28,-2.87,9.41,"July 23, 21",-0.0287,DVAX
2021-07-22,9.8,9.95,9.55,9.71,9.71,1438058,1438100,-0.09,-0.91837,9.75,"July 22, 21",-0.0091837,DVAX
2021-07-21,9.48,9.83,9.43,9.69,9.69,1335353,1335400,0.21,2.22,9.67,"July 21, 21",0.0222,DVAX
2021-07-20,9.26,9.63,9.2,9.49,9.49,1293148,1293100,0.23,2.48,9.49,"July 20, 21",0.0248,DVAX
2021-07-19,9.2,9.38,9.02,9.18,9.18,1399445,1399400,-0.02,-0.21739,9.17,"July 19, 21",-0.0021739,DVAX
2021-07-16,9.49,9.6899,9.27,9.4,9.4,1728508,1728400,-0.09,-0.94837,9.49,"July 16, 21",-0.0094837,DVAX
2021-07-15,9.18,9.46,9.0,9.44,9.44,1619821,1619800,0.26,2.83,9.28,"July 15, 21",0.0283,DVAX
2021-07-14,9.03,9.46,8.98,9.16,9.16,1405571,1405600,0.13,1.44,9.2,"July 14, 21",0.0144,DVAX
2021-07-13,9.35,9.46,9.01,9.3,9.3,994415,994400,-0.05,-0.53476,9.26,"July 13, 21",-0.0053476,DVAX
2021-07-12,9.44,9.53,9.27,9.38,9.38,679250,679300,-0.06,-0.63559,9.38,"July 12, 21",-0.0063559,DVAX
2021-07-09,9.3,9.49,9.06,9.48,9.48,993606,993500,0.18,1.94,9.31,"July 09, 21",0.0194,DVAX
2021-07-08,8.9056,9.4,8.88,9.25,9.25,1350789,1350500,0.3444,3.87,9.25,"July 08, 21",0.0387,DVAX
2021-07-07,9.5,9.617,9.06,9.17,9.17,2380842,2380800,-0.33,-3.47,9.24,"July 07, 21",-0.0347,DVAX
2021-07-06,10.1382,10.25,9.47,9.5,9.5,2393843,2393700,-0.6382,-6.3,9.63,"July 06, 21",-0.063,DVAX
2021-07-02,10.19,10.24,9.8,9.9,9.9,1094617,1094500,-0.29,-2.85,9.98,"July 02, 21",-0.0285,DVAX
2021-07-01,10.0,10.3511,9.92,10.23,10.23,2122951,2122900,0.23,2.3,10.23,"July 01, 21",0.023,DVAX
2021-06-30,9.95,10.0301,9.7,9.85,9.85,2309779,2309800,-0.1,-1.01,9.87,"June 30, 21",-0.0101,DVAX
2021-06-29,9.27,9.95,9.26,9.87,9.87,2627841,2627800,0.6,6.47,9.76,"June 29, 21",0.0647,DVAX
2021-06-28,9.35,9.48,9.25,9.29,9.29,1128370,1128400,-0.06,-0.64171,9.34,"June 28, 21",-0.0064171,DVAX
2021-06-25,9.42,9.48,9.18,9.2,9.2,3371984,3372000,-0.22,-2.34,9.25,"June 25, 21",-0.0234,DVAX
2021-06-24,9.3,9.5101,9.24,9.42,9.42,2013273,2013300,0.12,1.29,9.39,"June 24, 21",0.0129,DVAX
2021-06-23,8.9,9.275,8.85,9.25,9.25,2004044,2003900,0.35,3.93,9.18,"June 23, 21",0.0393,DVAX
2021-06-22,9.27,9.29,8.8,8.95,8.95,2919174,2919200,-0.32,-3.45,8.93,"June 22, 21",-0.0345,DVAX
2021-06-21,9.03,9.39,8.96,9.26,9.26,2295847,2295800,0.23,2.55,9.21,"June 21, 21",0.0255,DVAX
2021-06-18,8.96,9.185,8.81,8.93,8.93,2917843,2917800,-0.03,-0.33482,8.96,"June 18, 21",-0.0033482,DVAX
2021-06-17,8.86,9.1,8.77,9.04,9.04,2894565,2894600,0.18,2.03,8.99,"June 17, 21",0.0203,DVAX
2021-06-16,8.83,9.005,8.5,8.86,8.86,2895422,2895400,0.03,0.33975,8.77,"June 16, 21",0.0033975,DVAX
2021-06-15,9.05,9.05,8.4017,8.89,8.89,2637731,2637700,-0.16,-1.77,8.7,"June 15, 21",-0.0177,DVAX
2021-06-14,9.17,9.32,8.97,9.02,9.02,2396949,2396900,-0.15,-1.64,9.12,"June 14, 21",-0.0164,DVAX
2021-06-11,9.32,9.33,8.905,9.18,9.18,1295501,1295500,-0.14,-1.5,9.09,"June 11, 21",-0.015,DVAX
2021-06-10,9.2,9.56,9.085,9.29,9.29,1828512,1828300,0.09,0.97826,9.37,"June 10, 21",0.0097826,DVAX
2021-06-09,9.17,9.3,9.02,9.09,9.09,1791894,1791900,-0.08,-0.87241,9.16,"June 09, 21",-0.0087241,DVAX
2021-06-08,9.1,9.2,8.77,9.13,9.13,1459246,1459200,0.03,0.32967,8.98,"June 08, 21",0.0032967,DVAX
2021-06-07,8.74,9.09,8.64,8.96,8.96,2018139,2018100,0.22,2.52,8.92,"June 07, 21",0.0252,DVAX
2021-06-04,8.62,8.7199,8.46,8.66,8.66,1000351,1000400,0.04,0.46404,8.63,"June 04, 21",0.0046404,DVAX
2021-06-03,8.33,8.63,8.21,8.56,8.56,1748207,1748200,0.23,2.76,8.55,"June 03, 21",0.0276,DVAX
2021-06-02,8.1,8.43,8.02,8.42,8.42,1772302,1772300,0.32,3.95,8.3,"June 02, 21",0.0395,DVAX
2021-06-01,8.28,8.41,8.08,8.11,8.11,1788269,1788300,-0.17,-2.05,8.21,"June 01, 21",-0.0205,DVAX
2021-05-28,8.35,8.49,8.1505,8.2,8.2,1401090,1400200,-0.15,-1.8,8.3,"May 28, 21",-0.018,DVAX
2021-05-27,8.01,8.4,7.98,8.31,8.31,3128454,3128500,0.3,3.75,8.23,"May 27, 21",0.0375,DVAX
2021-05-26,7.65,7.87,7.62,7.86,7.86,1406723,1406700,0.21,2.75,7.79,"May 26, 21",0.0275,DVAX
2021-05-25,7.79,7.8701,7.62,7.63,7.63,1031157,1031100,-0.16,-2.05,7.71,"May 25, 21",-0.0205,DVAX
2021-05-24,7.82,7.8411,7.6,7.72,7.72,1774928,1774900,-0.1,-1.28,7.72,"May 24, 21",-0.0128,DVAX
2021-05-21,7.93,7.96,7.7,7.71,7.71,1270005,1270000,-0.22,-2.77,7.79,"May 21, 21",-0.0277,DVAX
2021-05-20,7.8062,7.955,7.68,7.83,7.83,1748677,1748500,0.0238,0.30489,7.84,"May 20, 21",0.0030489,DVAX
2021-05-19,7.5,7.71,7.3899,7.65,7.65,1251966,1251900,0.15,2.0,7.59,"May 19, 21",0.02,DVAX
2021-05-18,7.86,8.04,7.68,7.7,7.7,2070138,2070100,-0.16,-2.04,7.87,"May 18, 21",-0.0204,DVAX
2021-05-17,7.42,7.905,7.42,7.76,7.76,2366549,2366500,0.34,4.58,7.7,"May 17, 21",0.0458,DVAX
2021-05-14,7.4,7.865,7.36,7.8,7.8,3411146,3411100,0.4,5.41,7.7,"May 14, 21",0.0541,DVAX
2021-05-13,7.37,7.55,7.14,7.33,7.33,4267067,4265500,-0.04,-0.54274,7.33,"May 13, 21",-0.0054274,DVAX
2021-05-12,7.34,7.65,7.23,7.25,7.25,3995906,3995900,-0.09,-1.23,7.44,"May 12, 21",-0.0123,DVAX
2021-05-11,7.65,7.73,7.09,7.52,7.52,6991571,6991600,-0.13,-1.7,7.55,"May 11, 21",-0.017,DVAX
2021-05-10,9.26,9.26,7.78,7.9,7.9,12839423,12839400,-1.36,-14.69,8.2,"May 10, 21",-0.1469,DVAX
2021-05-07,9.09,10.09,8.88,9.81,9.81,3327978,3328000,0.72,7.92,9.6,"May 07, 21",0.0792,DVAX
2021-05-06,8.79,8.9727,8.48,8.88,8.88,3514616,3514600,0.09,1.02,8.77,"May 06, 21",0.0102,DVAX
2021-05-05,9.42,9.42,8.87,8.94,8.94,2090601,2090600,-0.48,-5.1,9.13,"May 05, 21",-0.051,DVAX
2021-05-04,9.7,9.7,9.186,9.24,9.24,1838317,1838300,-0.46,-4.74,9.31,"May 04, 21",-0.0474,DVAX
2021-05-03,10.11,10.11,9.6,9.74,9.74,2057033,2057000,-0.37,-3.66,9.78,"May 03, 21",-0.0366,DVAX
2021-04-30,10.05,10.4568,9.885,9.98,9.98,2296860,2296900,-0.07,-0.69652,10.13,"April 30, 21",-0.0069652,DVAX
2021-04-29,10.49,10.56,10.284,10.46,10.46,1260924,1260900,-0.03,-0.28599,10.44,"April 29, 21",-0.0028599,DVAX
2021-04-28,10.12,10.53,10.0,10.33,10.33,1922329,1922100,0.21,2.08,10.32,"April 28, 21",0.0208,DVAX
2021-04-27,9.91,10.42,9.79,10.12,10.12,2002894,2002900,0.21,2.12,10.17,"April 27, 21",0.0212,DVAX
2021-04-26,9.66,9.99,9.58,9.9,9.9,1865572,1865600,0.24,2.48,9.87,"April 26, 21",0.0248,DVAX
2021-04-23,9.56,9.77,9.43,9.59,9.59,1640051,1638900,0.03,0.31381,9.6,"April 23, 21",0.0031381,DVAX
2021-04-22,9.3886,9.67,8.92,9.54,9.54,3071730,3071700,0.1514,1.61,9.38,"April 22, 21",0.0161,DVAX
2021-04-21,9.04,9.58,8.995,9.39,9.39,3293316,3293300,0.35,3.87,9.22,"April 21, 21",0.0387,DVAX
2021-04-20,10.827,10.827,8.76,8.94,8.94,7659019,7659000,-1.887,-17.43,9.44,"April 20, 21",-0.1743,DVAX
2021-04-19,10.84,11.84,10.76,10.89,10.89,4885697,4885700,0.05,0.46125,11.26,"April 19, 21",0.0046125,DVAX
2021-04-16,10.825,11.2,10.6,10.99,10.99,2400721,2400700,0.165,1.52,10.94,"April 16, 21",0.0152,DVAX
2021-04-15,10.32,11.04,10.2101,10.86,10.86,3309260,3309300,0.54,5.23,10.78,"April 15, 21",0.0523,DVAX
2021-04-14,9.973,10.56,9.93,10.14,10.14,2467550,2467600,0.167,1.67,10.3,"April 14, 21",0.0167,DVAX
2021-04-13,10.19,10.59,9.74,9.96,9.96,1844804,1844800,-0.23,-2.26,10.03,"April 13, 21",-0.0226,DVAX
2021-04-12,10.08,10.08,9.58,10.07,10.07,1704750,1704800,-0.01,-0.09920635,9.88,"April 12, 21",-0.0009920635,DVAX
2021-04-09,9.9,10.11,9.71,10.07,10.07,1278736,1278700,0.17,1.72,10.01,"April 09, 21",0.0172,DVAX
2021-04-08,9.93,10.0,9.62,9.97,9.97,1493572,1493400,0.04,0.40282,9.87,"April 08, 21",0.0040282,DVAX
2021-04-07,10.02,10.16,9.8,9.84,9.84,1446781,1446800,-0.18,-1.8,9.95,"April 07, 21",-0.018,DVAX
2021-04-06,10.05,10.501,10.0,10.12,10.12,3067829,3067800,0.07,0.69652,10.24,"April 06, 21",0.0069652,DVAX
2021-04-05,9.81,9.85,9.54,9.84,9.84,1818551,1818600,0.03,0.30581,9.74,"April 05, 21",0.0030581,DVAX
2021-04-01,9.9,10.12,9.62,9.73,9.73,1527878,1527900,-0.17,-1.72,9.82,"April 01, 21",-0.0172,DVAX
2021-03-31,9.41,9.99,9.304,9.83,9.83,2012294,2012300,0.42,4.46,9.77,"March 31, 21",0.0446,DVAX
2021-03-30,9.57,9.57,9.18,9.32,9.32,1577474,1577500,-0.25,-2.61,9.37,"March 30, 21",-0.0261,DVAX
2021-03-29,9.98,9.99,9.41,9.52,9.52,2148233,2148200,-0.46,-4.61,9.6,"March 29, 21",-0.0461,DVAX
2021-03-26,10.33,10.56,9.83,10.16,10.16,1888803,1888800,-0.17,-1.65,10.15,"March 26, 21",-0.0165,DVAX
2021-03-25,9.2,10.3,9.1144,10.28,10.28,2877606,2877600,1.08,11.74,9.85,"March 25, 21",0.1174,DVAX
2021-03-24,10.3,10.49,9.6,9.61,9.61,3533766,3533800,-0.69,-6.7,10.03,"March 24, 21",-0.067,DVAX
2021-03-23,10.81,10.97,10.0,10.12,10.12,3383951,3384000,-0.69,-6.38,10.47,"March 23, 21",-0.0638,DVAX
2021-03-22,10.19,11.45,10.16,10.99,10.99,5839777,5839800,0.8,7.85,10.93,"March 22, 21",0.0785,DVAX
2021-03-19,9.85,10.24,9.76,10.03,10.03,9339944,9339900,0.18,1.83,10.03,"March 19, 21",0.0183,DVAX
2021-03-18,10.03,10.59,9.7,9.75,9.75,2883423,2875800,-0.28,-2.79,10.11,"March 18, 21",-0.0279,DVAX
2021-03-17,9.69,10.36,9.58,10.27,10.27,2357598,2357600,0.58,5.99,10.03,"March 17, 21",0.0599,DVAX
2021-03-16,10.2351,10.29,9.71,9.88,9.88,2708657,2708700,-0.3551,-3.47,9.97,"March 16, 21",-0.0347,DVAX
2021-03-15,9.71,10.44,9.55,10.21,10.21,3712711,3700600,0.5,5.15,10.2,"March 15, 21",0.0515,DVAX
2021-03-12,9.6,9.92,9.47,9.58,9.58,2983179,2983200,-0.02,-0.20833,9.62,"March 12, 21",-0.0020833,DVAX
2021-03-11,9.63,9.7,9.25,9.695,9.7,2493247,2493200,0.065,0.67497,9.54,"March 11, 21",0.0067497,DVAX
2021-03-10,9.25,9.61,9.13,9.39,9.39,2224495,2224500,0.14,1.51,9.38,"March 10, 21",0.0151,DVAX
2021-03-09,8.59,9.28,8.59,9.14,9.14,2781368,2781400,0.55,6.4,9.0,"March 09, 21",0.064,DVAX
2021-03-08,8.21,8.77,8.21,8.5,8.5,2854648,2854600,0.29,3.53,8.53,"March 08, 21",0.0353,DVAX
2021-03-05,8.55,8.6,7.3,8.225,8.23,5194772,5194800,-0.325,-3.8,7.89,"March 05, 21",-0.038,DVAX
2021-03-04,8.42,8.67,7.93,8.47,8.47,3616803,3616800,0.05,0.59382,8.35,"March 04, 21",0.0059382,DVAX
2021-03-03,8.6,8.8289,8.3112,8.49,8.49,3056306,3056300,-0.11,-1.28,8.56,"March 03, 21",-0.0128,DVAX
2021-03-02,8.95,9.03,8.62,8.64,8.64,2499820,2499800,-0.31,-3.46,8.77,"March 02, 21",-0.0346,DVAX
2021-03-01,9.15,9.19,8.67,8.9,8.9,3526373,3523300,-0.25,-2.73,8.91,"March 01, 21",-0.0273,DVAX
2021-02-26,9.19,10.1,8.635,8.75,8.75,9849894,9849900,-0.44,-4.79,9.36,"February 26, 21",-0.0479,DVAX
2021-02-25,9.2831,9.6499,8.15,8.16,8.16,4672481,4674200,-1.1231,-12.1,8.76,"February 25, 21",-0.121,DVAX
2021-02-24,9.12,9.41,8.7501,9.38,9.38,2252753,2252800,0.26,2.85,9.2,"February 24, 21",0.0285,DVAX
2021-02-23,8.98,9.21,8.34,9.08,9.08,4081560,4081600,0.1,1.11,8.9,"February 23, 21",0.0111,DVAX
2021-02-22,9.91,10.35,9.58,9.6,9.6,3728748,3728700,-0.31,-3.13,9.9,"February 22, 21",-0.0313,DVAX
2021-02-19,9.6,11.0,9.52,10.07,10.07,8668532,8668500,0.47,4.9,10.23,"February 19, 21",0.049,DVAX
2021-02-18,9.56,9.8,9.32,9.52,9.52,3626552,3620800,-0.04,-0.41841,9.57,"February 18, 21",-0.0041841,DVAX
2021-02-17,9.72,9.97,9.55,9.82,9.82,3465311,3463800,0.1,1.03,9.79,"February 17, 21",0.0103,DVAX
2021-02-16,10.0005,10.01,9.49,9.78,9.78,3790070,3790100,-0.2205,-2.2,9.78,"February 16, 21",-0.022,DVAX
2021-02-12,9.6091,10.06,9.3222,9.74,9.74,3506669,3506700,0.1309,1.36,9.74,"February 12, 21",0.0136,DVAX
2021-02-11,9.75,10.17,9.339,9.53,9.53,4547474,4547500,-0.22,-2.26,9.69,"February 11, 21",-0.0226,DVAX
2021-02-10,10.7,10.9399,9.6,9.82,9.82,6570072,6570100,-0.88,-8.22,10.05,"February 10, 21",-0.0822,DVAX
2021-02-09,11.05,11.19,10.42,10.6,10.6,5985053,5985100,-0.45,-4.07,10.75,"February 09, 21",-0.0407,DVAX
2021-02-08,9.7281,11.2536,9.55,11.18,11.18,10377305,10377300,1.4519,14.92,10.66,"February 08, 21",0.1492,DVAX
2021-02-05,9.71,10.11,9.37,9.48,9.48,4803843,4803800,-0.23,-2.37,9.64,"February 05, 21",-0.0237,DVAX
2021-02-04,9.61,10.08,8.97,9.59,9.59,10194731,10194700,-0.02,-0.20812,9.58,"February 04, 21",-0.0020812,DVAX
2021-02-03,9.1268,9.53,8.61,9.41,9.41,8537593,8537600,0.2832,3.1,9.08,"February 03, 21",0.031,DVAX
2021-02-02,10.36,10.71,8.21,9.46,9.46,25203689,25204400,-0.9,-8.69,9.24,"February 02, 21",-0.0869,DVAX
2021-02-01,7.37,11.69,7.06,10.27,10.27,107218319,107218300,2.9,39.35,10.15,"February 01, 21",0.3935,DVAX
2021-01-29,5.977,6.75,5.9,6.31,6.31,6121355,6121400,0.333,5.57,6.46,"January 29, 21",0.0557,DVAX
2021-01-28,6.2195,6.57,5.865,5.9,5.9,3333315,3333300,-0.3195,-5.14,6.11,"January 28, 21",-0.0514,DVAX
2021-01-27,6.015,6.7295,5.88,6.14,6.14,5273079,5273100,0.125,2.08,6.29,"January 27, 21",0.0208,DVAX
2021-01-26,6.56,6.57,6.07,6.17,6.17,4440939,4440900,-0.39,-5.95,6.28,"January 26, 21",-0.0595,DVAX
2021-01-25,5.2183,6.57,5.2183,6.55,6.55,12062310,12062300,1.3317,25.52,6.03,"January 25, 21",0.2552,DVAX
2021-01-22,5.0,5.26,4.989,5.22,5.22,3023777,3023800,0.22,4.4,5.16,"January 22, 21",0.044,DVAX
2021-01-21,5.08,5.13,4.93,5.04,5.04,2054739,2051100,-0.04,-0.7874,5.03,"January 21, 21",-0.007874,DVAX
2021-01-20,5.15,5.21,4.99,5.12,5.12,1693315,1693300,-0.03,-0.58252,5.08,"January 20, 21",-0.0058252,DVAX
2021-01-19,5.15,5.32,5.07,5.1,5.1,2583206,2583200,-0.05,-0.97087,5.16,"January 19, 21",-0.0097087,DVAX
2021-01-15,5.1537,5.53,5.12,5.13,5.13,3677225,3677200,-0.0237,-0.45986,5.28,"January 15, 21",-0.0045986,DVAX
2021-01-14,5.08,5.26,5.015,5.14,5.14,2422397,2422400,0.06,1.18,5.12,"January 14, 21",0.0118,DVAX
2021-01-13,5.17,5.22,5.01,5.09,5.09,1901609,1901600,-0.08,-1.55,5.08,"January 13, 21",-0.0155,DVAX
2021-01-12,4.91,5.17,4.91,5.15,5.15,2155755,2155800,0.24,4.89,5.08,"January 12, 21",0.0489,DVAX
2021-01-11,4.92,5.08,4.78,4.92,4.92,1762161,1760500,0.0,0.0,4.94,"January 11, 21",0.0,DVAX
2021-01-08,4.88,5.03,4.79,4.99,4.99,2390006,2390000,0.11,2.25,4.92,"January 08, 21",0.0225,DVAX
2021-01-07,4.63,4.95,4.61,4.9,4.9,3052960,3053000,0.27,5.83,4.87,"January 07, 21",0.0583,DVAX
2021-01-06,4.56,4.77,4.51,4.6,4.6,2155656,2155700,0.04,0.87719,4.61,"January 06, 21",0.0087719,DVAX
2021-01-05,4.58,4.64,4.475,4.57,4.57,1927631,1927600,-0.01,-0.21834,4.55,"January 05, 21",-0.0021834,DVAX
2021-01-04,4.51,4.69,4.36,4.62,4.62,2751868,2751700,0.11,2.44,4.57,"January 04, 21",0.0244,DVAX
2020-12-31,4.9,4.92,4.41,4.45,4.45,3855183,3855200,-0.45,-9.18,4.59,"December 31, 20",-0.0918,DVAX
2020-12-30,4.73,4.95,4.72,4.9,4.9,2412959,2413000,0.17,3.59,4.84,"December 30, 20",0.0359,DVAX
2020-12-29,4.96,5.025,4.66,4.7,4.7,3361220,3361200,-0.26,-5.24,4.76,"December 29, 20",-0.0524,DVAX
2020-12-28,5.31,5.42,4.895,4.9,4.9,3534350,3534400,-0.41,-7.72,5.06,"December 28, 20",-0.0772,DVAX
2020-12-24,5.56,5.6,5.23,5.28,5.28,2137105,2137100,-0.28,-5.04,5.32,"December 24, 20",-0.0504,DVAX
2020-12-23,5.12,5.63,4.98,5.6,5.6,4472637,4472600,0.48,9.37,5.35,"December 23, 20",0.0937,DVAX
2020-12-22,5.25,5.26,4.91,5.11,5.11,2786144,2785300,-0.14,-2.67,5.07,"December 22, 20",-0.0267,DVAX
2020-12-21,4.96,5.27,4.94,5.23,5.23,3074777,3074800,0.27,5.44,5.15,"December 21, 20",0.0544,DVAX
2020-12-18,4.98,5.14,4.82,5.06,5.06,7324364,7324400,0.08,1.61,5.04,"December 18, 20",0.0161,DVAX
2020-12-17,4.64,4.945,4.62,4.93,4.93,2218588,2218600,0.29,6.25,4.8,"December 17, 20",0.0625,DVAX
2020-12-16,4.89,4.93,4.605,4.63,4.63,3070505,3070500,-0.26,-5.32,4.71,"December 16, 20",-0.0532,DVAX
2020-12-15,5.21,5.21,4.86,4.9,4.9,3197290,3192700,-0.31,-5.95,4.97,"December 15, 20",-0.0595,DVAX
2020-12-14,5.08,5.3,4.93,5.17,5.17,4165234,4165200,0.09,1.77,5.12,"December 14, 20",0.0177,DVAX
2020-12-11,4.71,4.99,4.71,4.96,4.96,3372107,3372100,0.25,5.31,4.88,"December 11, 20",0.0531,DVAX
2020-12-10,4.52,4.67,4.45,4.57,4.57,2752573,2752600,0.05,1.11,4.57,"December 10, 20",0.0111,DVAX
2020-12-09,4.93,4.97,4.5,4.64,4.64,2819066,2819100,-0.29,-5.88,4.69,"December 09, 20",-0.0588,DVAX
2020-12-08,4.76,4.885,4.65,4.88,4.88,2178093,2178100,0.12,2.52,4.79,"December 08, 20",0.0252,DVAX
2020-12-07,5.1,5.1,4.7,4.75,4.75,3380716,3380700,-0.35,-6.86,4.85,"December 07, 20",-0.0686,DVAX
2020-12-04,5.4,5.42,4.93,5.16,5.16,3903010,3903000,-0.24,-4.44,5.16,"December 04, 20",-0.0444,DVAX
2020-12-03,5.27,5.33,5.14,5.17,5.17,1724757,1724800,-0.1,-1.9,5.21,"December 03, 20",-0.019,DVAX
2020-12-02,5.18,5.28,5.01,5.25,5.25,2168249,2168200,0.07,1.35,5.18,"December 02, 20",0.0135,DVAX
2020-12-01,5.25,5.85,5.23,5.26,5.26,6107406,6105100,0.01,0.19048,5.46,"December 01, 20",0.0019048,DVAX
2020-11-30,4.8,5.0995,4.79,5.08,5.08,4234061,4234100,0.28,5.83,4.99,"November 30, 20",0.0583,DVAX
2020-11-27,4.3,4.8,4.29,4.79,4.79,3434054,3434100,0.49,11.4,4.64,"November 27, 20",0.114,DVAX
2020-11-25,4.19,4.33,4.12,4.25,4.25,1717088,1717100,0.06,1.43,4.28,"November 25, 20",0.0143,DVAX
2020-11-24,4.2,4.28,4.06,4.15,4.15,2001670,1998900,-0.05,-1.19,4.17,"November 24, 20",-0.0119,DVAX
2020-11-23,4.42,4.45,4.1404,4.2,4.2,2993704,2993700,-0.22,-4.98,4.27,"November 23, 20",-0.0498,DVAX
2020-11-20,4.42,4.49,4.3,4.42,4.42,1858574,1853800,0.0,0.0,4.37,"November 20, 20",0.0,DVAX
2020-11-19,4.38,4.58,4.37,4.45,4.45,1335698,1335700,0.07,1.6,4.47,"November 19, 20",0.016,DVAX
2020-11-18,4.62,4.62,4.35,4.38,4.38,2591498,2591500,-0.24,-5.19,4.48,"November 18, 20",-0.0519,DVAX
2020-11-17,4.35,4.67,4.15,4.61,4.61,3576770,3576800,0.26,5.98,4.46,"November 17, 20",0.0598,DVAX
2020-11-16,4.19,4.475,4.11,4.41,4.41,3653092,3653100,0.22,5.25,4.3,"November 16, 20",0.0525,DVAX
2020-11-13,4.1,4.24,4.045,4.16,4.16,2129852,2123300,0.06,1.46,4.17,"November 13, 20",0.0146,DVAX
2020-11-12,4.34,4.35,3.985,4.04,4.04,3793750,3791300,-0.3,-6.91,4.1,"November 12, 20",-0.0691,DVAX
2020-11-11,4.09,4.44,4.04,4.43,4.43,2848439,2848400,0.34,8.31,4.28,"November 11, 20",0.0831,DVAX
2020-11-10,4.0168,4.225,3.79,4.16,4.16,4103491,4103500,0.1432,3.57,4.08,"November 10, 20",0.0357,DVAX
2020-11-09,4.28,4.37,3.85,3.88,3.88,3438227,3438200,-0.4,-9.35,4.01,"November 09, 20",-0.0935,DVAX
2020-11-06,4.4,4.51,4.07,4.15,4.15,4057772,4057800,-0.25,-5.68,4.29,"November 06, 20",-0.0568,DVAX
2020-11-05,4.32,4.32,4.01,4.13,4.13,3044285,3044300,-0.19,-4.4,4.15,"November 05, 20",-0.044,DVAX
2020-11-04,3.98,4.36,3.98,4.13,4.13,3606787,3606600,0.15,3.77,4.18,"November 04, 20",0.0377,DVAX
2020-11-03,3.79,4.02,3.69,4.0,4.0,2436706,2436700,0.21,5.54,3.88,"November 03, 20",0.0554,DVAX
2020-11-02,3.8089,3.81,3.66,3.76,3.76,1185575,1185600,-0.0489,-1.28,3.72,"November 02, 20",-0.0128,DVAX
2020-10-30,3.82,3.9,3.67,3.73,3.73,1818413,1814900,-0.09,-2.36,3.73,"October 30, 20",-0.0236,DVAX
2020-10-29,3.73,3.99,3.58,3.9,3.9,2904984,2905000,0.17,4.56,3.81,"October 29, 20",0.0456,DVAX
2020-10-28,3.78,3.84,3.63,3.75,3.75,2414954,2415000,-0.03,-0.79365,3.74,"October 28, 20",-0.0079365,DVAX
2020-10-27,3.94,3.9456,3.78,3.87,3.87,2141420,2141400,-0.07,-1.78,3.86,"October 27, 20",-0.0178,DVAX
2020-10-26,4.14,4.225,3.85,3.93,3.93,3729365,3729400,-0.21,-5.07,3.97,"October 26, 20",-0.0507,DVAX
2020-10-23,4.2,4.25,4.07,4.16,4.16,2083697,2083700,-0.04,-0.95238,4.13,"October 23, 20",-0.0095238,DVAX
2020-10-22,4.17,4.38,4.06,4.2,4.2,2523779,2522000,0.03,0.71942,4.2,"October 22, 20",0.0071942,DVAX
2020-10-21,4.14,4.25,4.02,4.17,4.17,2827539,2827500,0.03,0.72464,4.13,"October 21, 20",0.0072464,DVAX
2020-10-20,4.3,4.35,4.03,4.14,4.14,3123498,3122400,-0.16,-3.72,4.15,"October 20, 20",-0.0372,DVAX
2020-10-19,4.47,4.4722,4.22,4.26,4.26,2607679,2607700,-0.21,-4.7,4.31,"October 19, 20",-0.047,DVAX
2020-10-16,4.65,4.6789,4.4,4.44,4.44,2734078,2728000,-0.21,-4.52,4.48,"October 16, 20",-0.0452,DVAX
2020-10-15,4.52,4.64,4.395,4.61,4.61,2027146,2025000,0.09,1.99,4.54,"October 15, 20",0.0199,DVAX
2020-10-14,5.2,5.23,4.55,4.59,4.59,5511141,5499700,-0.61,-11.73,4.72,"October 14, 20",-0.1173,DVAX
2020-10-13,4.8665,5.22,4.82,5.19,5.19,5479765,5479800,0.3235,6.65,5.05,"October 13, 20",0.0665,DVAX
2020-10-12,4.4899,4.665,4.375,4.64,4.64,2230571,2230600,0.1501,3.34,4.57,"October 12, 20",0.0334,DVAX
2020-10-09,4.68,4.72,4.425,4.44,4.44,2033327,2033300,-0.24,-5.13,4.5,"October 09, 20",-0.0513,DVAX
2020-10-08,4.66,4.77,4.6051,4.61,4.61,1870271,1870300,-0.05,-1.07,4.66,"October 08, 20",-0.0107,DVAX
2020-10-07,4.42,4.69,4.41,4.61,4.61,1813014,1813000,0.19,4.3,4.58,"October 07, 20",0.043,DVAX
2020-10-06,4.6,4.6598,4.35,4.41,4.41,2117331,2117300,-0.19,-4.13,4.49,"October 06, 20",-0.0413,DVAX
2020-10-05,4.29,4.53,4.28,4.53,4.53,2224426,2224400,0.24,5.59,4.44,"October 05, 20",0.0559,DVAX
2020-10-02,4.1,4.335,4.07,4.22,4.22,1999955,2000000,0.12,2.93,4.24,"October 02, 20",0.0293,DVAX
2020-10-01,4.3,4.459,4.17,4.21,4.21,2593212,2593200,-0.09,-2.09,4.25,"October 01, 20",-0.0209,DVAX
2020-09-30,4.4,4.495,4.2601,4.32,4.32,2667844,2667800,-0.08,-1.82,4.37,"September 30, 20",-0.0182,DVAX
2020-09-29,4.35,4.4592,4.3101,4.4,4.4,1357512,1355500,0.05,1.15,4.39,"September 29, 20",0.0115,DVAX
2020-09-28,4.52,4.54,4.26,4.36,4.36,2186794,2186800,-0.16,-3.54,4.38,"September 28, 20",-0.0354,DVAX
2020-09-25,4.3276,4.555,4.3023,4.48,4.48,3325612,3325300,0.1524,3.52,4.44,"September 25, 20",0.0352,DVAX
2020-09-24,4.5,4.5,4.22,4.32,4.32,3904787,3904800,-0.18,-4.0,4.36,"September 24, 20",-0.04,DVAX
2020-09-23,4.95,4.98,4.515,4.53,4.53,3684541,3684500,-0.42,-8.48,4.71,"September 23, 20",-0.0848,DVAX
2020-09-22,5.05,5.16,4.855,4.92,4.92,2661102,2661100,-0.13,-2.57,4.98,"September 22, 20",-0.0257,DVAX
2020-09-21,5.31,5.41,5.03,5.08,5.08,3820561,3820600,-0.23,-4.33,5.15,"September 21, 20",-0.0433,DVAX
2020-09-18,5.69,5.8,5.35,5.43,5.43,12384776,12384800,-0.26,-4.57,5.45,"September 18, 20",-0.0457,DVAX
2020-09-17,5.39,5.93,5.33,5.64,5.64,3807722,3807700,0.25,4.64,5.65,"September 17, 20",0.0464,DVAX
2020-09-16,5.31,5.56,5.29,5.41,5.41,2539885,2528700,0.1,1.88,5.42,"September 16, 20",0.0188,DVAX
2020-09-15,5.75,5.93,5.295,5.35,5.35,4380495,4380500,-0.4,-6.96,5.62,"September 15, 20",-0.0696,DVAX
2020-09-14,5.45,5.97,5.35,5.68,5.68,8968363,8968400,0.23,4.22,5.69,"September 14, 20",0.0422,DVAX
2020-09-11,5.02,5.1,4.89,5.01,5.01,1797238,1797200,-0.01,-0.1992,5.0,"September 11, 20",-0.001992,DVAX
2020-09-10,4.98,5.25,4.82,5.0,5.0,3515071,3515100,0.02,0.40161,5.05,"September 10, 20",0.0040161,DVAX
2020-09-09,4.82,5.2282,4.68,5.01,5.01,5948897,5948900,0.19,3.94,5.0,"September 09, 20",0.0394,DVAX
2020-09-08,4.8,4.9788,4.565,4.82,4.82,2547607,2547600,0.02,0.41667,4.81,"September 08, 20",0.0041667,DVAX
2020-09-04,5.21,5.31,4.52,4.88,4.88,4927534,4927500,-0.33,-6.33,4.82,"September 04, 20",-0.0633,DVAX
2020-09-03,5.6,5.7053,5.15,5.29,5.29,3696428,3696400,-0.31,-5.54,5.34,"September 03, 20",-0.0554,DVAX
2020-09-02,5.47,5.68,5.11,5.66,5.66,3550422,3550400,0.19,3.47,5.44,"September 02, 20",0.0347,DVAX
2020-09-01,5.9187,6.0,5.38,5.57,5.57,4223384,4214900,-0.3487,-5.89,5.57,"September 01, 20",-0.0589,DVAX
2020-08-31,5.95,6.13,5.78,5.98,5.98,4615912,4615900,0.03,0.5042,5.94,"August 31, 20",0.005042,DVAX
2020-08-28,5.99,6.06,5.68,5.74,5.74,5733267,5733300,-0.25,-4.17,5.82,"August 28, 20",-0.0417,DVAX
2020-08-27,6.22,6.2882,5.945,6.0,6.0,3042818,3042800,-0.22,-3.54,6.06,"August 27, 20",-0.0354,DVAX
2020-08-26,6.25,6.39,6.095,6.24,6.24,2424903,2424900,-0.01,-0.16,6.23,"August 26, 20",-0.0016,DVAX
2020-08-25,5.94,6.45,5.78,6.32,6.32,3784972,3785000,0.38,6.4,6.24,"August 25, 20",0.064,DVAX
2020-08-24,6.37,6.44,5.84,6.01,6.01,5339079,5339100,-0.36,-5.65,6.02,"August 24, 20",-0.0565,DVAX
2020-08-21,6.7,6.7,6.37,6.49,6.49,4197122,4197100,-0.21,-3.13,6.51,"August 21, 20",-0.0313,DVAX
2020-08-20,6.44,6.83,6.26,6.7,6.7,4868685,4868700,0.26,4.04,6.64,"August 20, 20",0.0404,DVAX
2020-08-19,6.6,6.66,6.46,6.49,6.49,2434332,2434300,-0.11,-1.67,6.57,"August 19, 20",-0.0167,DVAX
2020-08-18,7.17,7.17,6.45,6.62,6.62,4961399,4961400,-0.55,-7.67,6.67,"August 18, 20",-0.0767,DVAX
2020-08-17,6.72,7.2667,6.55,7.1,7.1,6467919,6467900,0.38,5.65,7.06,"August 17, 20",0.0565,DVAX
2020-08-14,6.86,7.0,6.53,6.72,6.72,3394043,3394000,-0.14,-2.04,6.76,"August 14, 20",-0.0204,DVAX
2020-08-13,7.01,7.02,6.63,6.81,6.81,4246080,4246100,-0.2,-2.85,6.84,"August 13, 20",-0.0285,DVAX
2020-08-12,7.24,7.24,6.35,6.89,6.89,10232702,10226700,-0.35,-4.83,6.79,"August 12, 20",-0.0483,DVAX
2020-08-11,7.64,7.73,6.94,7.08,7.08,4538970,4539000,-0.56,-7.33,7.19,"August 11, 20",-0.0733,DVAX
2020-08-10,7.9,8.06,7.6,7.79,7.79,3306234,3306200,-0.11,-1.39,7.82,"August 10, 20",-0.0139,DVAX
2020-08-07,8.15,8.2338,7.08,7.78,7.78,8205248,8205200,-0.37,-4.54,7.64,"August 07, 20",-0.0454,DVAX
2020-08-06,8.9,9.1,8.63,8.82,8.82,3119573,3119600,-0.08,-0.89888,8.74,"August 06, 20",-0.0089888,DVAX
2020-08-05,9.19,9.69,8.73,8.99,8.99,7016676,7010500,-0.2,-2.18,9.2,"August 05, 20",-0.0218,DVAX
2020-08-04,9.0,9.1,8.52,9.01,9.01,4290161,4290200,0.01,0.11111,8.78,"August 04, 20",0.0011111,DVAX
2020-08-03,8.2,9.02,7.93,8.96,8.96,6981867,6974800,0.76,9.27,8.61,"August 03, 20",0.0927,DVAX
2020-07-31,8.36,8.49,7.84,8.11,8.11,4322962,4803000,-0.25,-2.99,8.08,"July 31, 20",-0.0299,DVAX
2020-07-30,7.78,8.545,7.72,8.39,8.39,4903242,4903200,0.61,7.84,8.28,"July 30, 20",0.0784,DVAX
2020-07-29,8.62,8.7,7.7,7.97,7.97,6466369,6466400,-0.65,-7.54,8.0,"July 29, 20",-0.0754,DVAX
2020-07-28,9.27,9.28,8.35,8.61,8.61,7073837,7073800,-0.66,-7.12,8.62,"July 28, 20",-0.0712,DVAX
2020-07-27,9.0767,9.75,9.0201,9.34,9.34,8946925,8946900,0.2633,2.9,9.39,"July 27, 20",0.029,DVAX
2020-07-24,9.8335,9.86,8.8,8.88,8.88,7274183,7274200,-0.9535,-9.7,9.1,"July 24, 20",-0.097,DVAX
2020-07-23,10.25,10.78,9.92,10.12,10.12,6545916,6545900,-0.13,-1.27,10.35,"July 23, 20",-0.0127,DVAX
2020-07-22,10.0,10.32,9.72,10.15,10.15,5302955,5303000,0.15,1.5,10.0,"July 22, 20",0.015,DVAX
2020-07-21,11.58,11.69,9.96,10.22,10.22,9743784,9728200,-1.36,-11.74,10.34,"July 21, 20",-0.1174,DVAX
2020-07-20,11.75,12.44,11.22,11.7,11.7,7340653,7340700,-0.05,-0.42553,11.74,"July 20, 20",-0.0042553,DVAX
2020-07-17,9.5,12.19,9.5,11.37,11.37,26794357,26794400,1.87,19.68,11.27,"July 17, 20",0.1968,DVAX
2020-07-16,9.656,9.83,9.02,9.49,9.49,6067176,6067200,-0.166,-1.72,9.39,"July 16, 20",-0.0172,DVAX
2020-07-15,9.09,9.42,9.01,9.36,9.36,4419033,4419000,0.27,2.97,9.25,"July 15, 20",0.0297,DVAX
2020-07-14,8.72,9.2,8.46,9.19,9.19,5084040,5084000,0.47,5.39,8.9,"July 14, 20",0.0539,DVAX
2020-07-13,8.7221,9.2,8.48,8.51,8.51,4091689,4091700,-0.2121,-2.43,8.81,"July 13, 20",-0.0243,DVAX
2020-07-10,9.11,9.18,8.52,8.66,8.66,4322259,4322300,-0.45,-4.94,8.78,"July 10, 20",-0.0494,DVAX
2020-07-09,9.45,9.76,9.08,9.18,9.17,4619369,4619400,-0.27,-2.86,9.35,"July 09, 20",-0.0286,DVAX
2020-07-08,9.0,9.63,8.931,9.42,9.42,8397648,8397600,0.42,4.67,9.36,"July 08, 20",0.0467,DVAX
2020-07-07,8.44,9.08,8.3,8.82,8.82,4151678,4151700,0.38,4.5,8.78,"July 07, 20",0.045,DVAX
2020-07-06,8.7,8.7599,8.23,8.47,8.47,3374266,3374300,-0.23,-2.64,8.44,"July 06, 20",-0.0264,DVAX
2020-07-02,8.31,8.8,8.16,8.67,8.67,4324723,4324700,0.36,4.33,8.49,"July 02, 20",0.0433,DVAX
2020-07-01,8.8,9.0,8.0699,8.31,8.31,5713040,5713000,-0.49,-5.57,8.36,"July 01, 20",-0.0557,DVAX
2020-06-30,8.12,9.39,8.0,8.87,8.87,8525222,8525200,0.75,9.24,8.83,"June 30, 20",0.0924,DVAX
2020-06-29,9.36,9.6399,8.34,8.49,8.49,10902294,10902300,-0.87,-9.29,8.88,"June 29, 20",-0.0929,DVAX
2020-06-26,8.75,9.74,8.645,9.1,9.1,15614910,15614900,0.35,4.0,9.17,"June 26, 20",0.04,DVAX
2020-06-25,7.82,8.5587,7.7,8.215,8.22,9353329,9354100,0.395,5.05,8.12,"June 25, 20",0.0505,DVAX
2020-06-24,7.47,8.09,7.28,7.66,7.66,11986711,11986700,0.19,2.54,7.74,"June 24, 20",0.0254,DVAX
2020-06-23,6.69,7.44,6.69,7.345,7.35,6579408,6579400,0.655,9.79,7.19,"June 23, 20",0.0979,DVAX
2020-06-22,6.68,6.85,6.39,6.655,6.66,4324051,4324100,-0.025,-0.37425,6.63,"June 22, 20",-0.0037425,DVAX
2020-06-19,6.46,7.0687,6.35,6.535,6.54,10698287,10698300,0.075,1.16,6.68,"June 19, 20",0.0116,DVAX
2020-06-18,5.98,6.16,5.93,6.13,6.13,2122637,2122600,0.15,2.51,6.1,"June 18, 20",0.0251,DVAX
2020-06-17,6.17,6.28,5.96,6.01,6.01,2581387,2581400,-0.16,-2.59,6.12,"June 17, 20",-0.0259,DVAX
2020-06-16,6.45,6.52,5.955,6.175,6.18,4275449,4272600,-0.275,-4.26,6.19,"June 16, 20",-0.0426,DVAX
2020-06-15,6.35,6.44,5.85,6.42,6.42,7343923,7343900,0.07,1.1,6.19,"June 15, 20",0.011,DVAX
2020-06-12,5.54,5.77,5.45,5.71,5.71,3175491,3175500,0.17,3.07,5.63,"June 12, 20",0.0307,DVAX
2020-06-11,5.86,5.91,5.38,5.41,5.41,4475074,4475100,-0.45,-7.68,5.64,"June 11, 20",-0.0768,DVAX
2020-06-10,5.95,6.28,5.73,5.955,5.96,4913109,4913100,0.005,0.08403361,6.0,"June 10, 20",0.0008403361,DVAX
2020-06-09,6.22,6.5,5.79,5.88,5.88,7023984,7024000,-0.34,-5.47,6.13,"June 09, 20",-0.0547,DVAX
2020-06-08,6.1853,6.35,6.0363,6.09,6.09,3702719,3702700,-0.0953,-1.54,6.17,"June 08, 20",-0.0154,DVAX
2020-06-05,6.6,6.7,5.9,6.09,6.09,5423896,5423900,-0.51,-7.73,6.23,"June 05, 20",-0.0773,DVAX
2020-06-04,6.71,7.23,6.39,6.48,6.48,7185328,7185300,-0.23,-3.43,6.8,"June 04, 20",-0.0343,DVAX
2020-06-03,7.4,7.68,6.7,6.86,6.86,9863392,9863400,-0.54,-7.3,7.2,"June 03, 20",-0.073,DVAX
2020-06-02,7.53,7.58,6.655,7.18,7.18,16939953,16940800,-0.35,-4.65,7.13,"June 02, 20",-0.0465,DVAX
2020-06-01,5.99,8.12,5.66,7.92,7.92,33795197,33716300,1.93,32.22,7.28,"June 01, 20",0.3222,DVAX
2020-05-29,5.16,6.63,5.1,6.12,6.12,26848120,26812300,0.96,18.6,5.83,"May 29, 20",0.186,DVAX
2020-05-28,4.85,4.93,4.75,4.84,4.84,2560947,2421600,-0.01,-0.20619,4.91,"May 28, 20",-0.0020619,DVAX
2020-05-27,5.29,5.32,4.62,4.94,4.94,4995589,4996600,-0.35,-6.62,4.91,"May 27, 20",-0.0662,DVAX
2020-05-26,5.26,5.49,5.15,5.21,5.21,4931903,4931900,-0.05,-0.95057,5.31,"May 26, 20",-0.0095057,DVAX
2020-05-22,5.4,5.71,5.0,5.13,5.13,11450467,11450500,-0.27,-5.0,5.18,"May 22, 20",-0.05,DVAX
2020-05-21,6.11,6.15,5.565,5.66,5.66,6888762,6888800,-0.45,-7.36,5.73,"May 21, 20",-0.0736,DVAX
2020-05-20,6.08,6.39,5.93,6.04,6.04,8734813,8734800,-0.04,-0.65789,6.09,"May 20, 20",-0.0065789,DVAX
2020-05-19,7.0,7.15,5.84,6.51,6.51,39137070,39139000,-0.49,-7.0,6.45,"May 19, 20",-0.07,DVAX
2020-05-18,4.88,5.0,4.44,4.86,4.86,6468591,5448700,-0.02,-0.40984,5.55,"May 18, 20",-0.0040984,DVAX
2020-05-15,4.19,4.78,4.13,4.55,4.55,5396568,5396600,0.36,8.59,4.48,"May 15, 20",0.0859,DVAX
2020-05-14,3.7,4.23,3.64,4.195,4.2,3217930,3217900,0.495,13.38,4.05,"May 14, 20",0.1338,DVAX
2020-05-13,3.87,3.9,3.55,3.75,3.75,2518431,2518400,-0.12,-3.1,3.74,"May 13, 20",-0.031,DVAX
2020-05-12,4.1,4.13,3.75,3.75,3.75,4307178,4307200,-0.35,-8.54,3.94,"May 12, 20",-0.0854,DVAX
2020-05-11,4.23,4.41,4.07,4.09,4.09,3320990,3321000,-0.14,-3.31,4.22,"May 11, 20",-0.0331,DVAX
2020-05-08,4.39,4.54,4.02,4.25,4.25,3714971,3706300,-0.14,-3.19,4.23,"May 08, 20",-0.0319,DVAX
2020-05-07,4.87,4.99,4.38,4.54,4.54,3256579,3248100,-0.33,-6.78,4.6,"May 07, 20",-0.0678,DVAX
2020-05-06,4.15,5.44,3.99,4.66,4.66,7462894,7462900,0.51,12.29,4.71,"May 06, 20",0.1229,DVAX
2020-05-05,4.29,4.47,4.05,4.1,4.1,1859778,1859700,-0.19,-4.43,4.21,"May 05, 20",-0.0443,DVAX
2020-05-04,4.05,4.25,3.95,4.25,4.25,1895397,1895300,0.2,4.94,4.09,"May 04, 20",0.0494,DVAX
2020-05-01,4.06,4.255,3.82,4.2,4.2,2251517,2251300,0.14,3.45,4.02,"May 01, 20",0.0345,DVAX
2020-04-30,4.04,4.38,3.99,4.25,4.25,2956636,2956600,0.21,5.2,4.2,"April 30, 20",0.052,DVAX
2020-04-29,3.96,4.19,3.73,4.15,4.15,2816949,2816900,0.19,4.8,4.01,"April 29, 20",0.048,DVAX
2020-04-28,4.3,4.3,3.735,3.85,3.85,3698017,3698000,-0.45,-10.47,3.97,"April 28, 20",-0.1047,DVAX
2020-04-27,3.57,4.1961,3.5,3.89,3.89,6175955,6176000,0.32,8.96,3.88,"April 27, 20",0.0896,DVAX
2020-04-24,3.53,3.55,3.25,3.4,3.4,2538718,2531400,-0.13,-3.68,3.36,"April 24, 20",-0.0368,DVAX
2020-04-23,3.61,3.7,3.31,3.38,3.38,4221911,4222500,-0.23,-6.37,3.49,"April 23, 20",-0.0637,DVAX
2020-04-22,3.46,3.5131,3.16,3.24,3.24,2681118,2612400,-0.22,-6.36,3.32,"April 22, 20",-0.0636,DVAX
2020-04-21,3.7,3.81,3.33,3.39,3.39,2067279,2067300,-0.31,-8.38,3.52,"April 21, 20",-0.0838,DVAX
2020-04-20,3.5,3.85,3.405,3.57,3.57,2770557,2770600,0.07,2.0,3.63,"April 20, 20",0.02,DVAX
2020-04-17,3.5,3.56,3.35,3.4,3.4,2029480,2029500,-0.1,-2.86,3.46,"April 17, 20",-0.0286,DVAX
2020-04-16,3.31,3.59,3.1,3.36,3.36,3792778,3792800,0.05,1.51,3.31,"April 16, 20",0.0151,DVAX
2020-04-15,3.23,3.23,3.0,3.08,3.08,1077726,1077700,-0.15,-4.64,3.08,"April 15, 20",-0.0464,DVAX
2020-04-14,3.17,3.38,3.11,3.25,3.25,1773681,1773600,0.08,2.52,3.28,"April 14, 20",0.0252,DVAX
2020-04-13,3.0,3.22,2.89,3.07,3.07,1606270,1606300,0.07,2.33,3.07,"April 13, 20",0.0233,DVAX
2020-04-09,3.18,3.28,2.9,2.94,2.94,1676661,1676400,-0.24,-7.55,3.0,"April 09, 20",-0.0755,DVAX
2020-04-08,3.05,3.15,2.9,3.15,3.15,1102380,1102400,0.1,3.28,3.04,"April 08, 20",0.0328,DVAX
2020-04-07,3.37,3.42,2.915,3.01,3.01,1931654,1931700,-0.36,-10.68,3.08,"April 07, 20",-0.1068,DVAX
2020-04-06,3.32,3.45,3.185,3.25,3.25,1596742,1596700,-0.07,-2.11,3.28,"April 06, 20",-0.0211,DVAX
2020-04-03,3.51,3.69,3.12,3.17,3.17,1363385,1363400,-0.34,-9.69,3.27,"April 03, 20",-0.0969,DVAX
2020-04-02,3.28,3.67,3.28,3.46,3.46,1203276,1203300,0.18,5.49,3.49,"April 02, 20",0.0549,DVAX
2020-04-01,3.35,3.53,3.11,3.28,3.28,1750413,1750400,-0.07,-2.09,3.26,"April 01, 20",-0.0209,DVAX
2020-03-31,3.53,3.69,3.37,3.53,3.53,1142762,1141700,0.0,0.0,3.53,"March 31, 20",0.0,DVAX
2020-03-30,3.71,3.8,3.455,3.56,3.56,1377317,1377200,-0.15,-4.04,3.61,"March 30, 20",-0.0404,DVAX
2020-03-27,3.62,3.92,3.5398,3.56,3.56,1607149,1607100,-0.06,-1.66,3.73,"March 27, 20",-0.0166,DVAX
2020-03-26,3.47,3.71,3.37,3.59,3.59,1879960,1874500,0.12,3.46,3.57,"March 26, 20",0.0346,DVAX
2020-03-25,3.32,3.5105,3.17,3.31,3.31,1029370,1029300,-0.01,-0.3012,3.35,"March 25, 20",-0.003012,DVAX
2020-03-24,3.41,3.59,3.07,3.3,3.3,1622503,1622500,-0.11,-3.23,3.31,"March 24, 20",-0.0323,DVAX
2020-03-23,2.97,3.13,2.595,3.13,3.13,1384456,1384500,0.16,5.39,2.94,"March 23, 20",0.0539,DVAX
2020-03-20,3.42,3.63,2.86,2.86,2.86,2111563,2111600,-0.56,-16.37,3.19,"March 20, 20",-0.1637,DVAX
2020-03-19,3.03,3.38,2.88,3.36,3.36,2098574,2098600,0.33,10.89,3.1,"March 19, 20",0.1089,DVAX
2020-03-18,2.44,3.68,2.44,3.03,3.03,2793541,2793500,0.59,24.18,3.16,"March 18, 20",0.2418,DVAX
2020-03-17,2.34,2.8629,2.3,2.6,2.6,2284034,2284000,0.26,11.11,2.59,"March 17, 20",0.1111,DVAX
2020-03-16,2.0,2.58,1.8,2.27,2.27,2066546,2066500,0.27,13.5,2.33,"March 16, 20",0.135,DVAX
2020-03-13,2.9,2.97,2.025,2.41,2.41,4387217,4387200,-0.49,-16.9,2.31,"March 13, 20",-0.169,DVAX
2020-03-12,2.4,2.93,2.38,2.66,2.66,2820169,2819900,0.26,10.83,2.67,"March 12, 20",0.1083,DVAX
2020-03-11,3.66,3.71,3.02,3.07,3.07,2155996,2150900,-0.59,-16.12,3.28,"March 11, 20",-0.1612,DVAX
2020-03-10,3.8,3.92,3.41,3.75,3.75,1291971,1292000,-0.05,-1.32,3.66,"March 10, 20",-0.0132,DVAX
2020-03-09,3.8,4.07,3.49,3.51,3.51,1289798,1289800,-0.29,-7.63,3.74,"March 09, 20",-0.0763,DVAX
2020-03-06,4.03,4.27,4.01,4.22,4.22,1517088,1517100,0.19,4.71,4.15,"March 06, 20",0.0471,DVAX
2020-03-05,4.34,4.42,4.1,4.2,4.2,1431703,1431700,-0.14,-3.23,4.24,"March 05, 20",-0.0323,DVAX
2020-03-04,4.4,4.49,4.14,4.46,4.46,1545031,1545000,0.06,1.36,4.33,"March 04, 20",0.0136,DVAX
2020-03-03,4.58,4.66,4.2315,4.27,4.27,1728155,1728000,-0.31,-6.77,4.37,"March 03, 20",-0.0677,DVAX
2020-03-02,4.56,4.733,4.2,4.5,4.5,3043380,3043300,-0.06,-1.32,4.51,"March 02, 20",-0.0132,DVAX
2020-02-28,3.88,4.15,3.64,3.945,3.95,1530063,1530100,0.065,1.68,3.94,"February 28, 20",0.0168,DVAX
2020-02-27,4.18,4.36,4.01,4.055,4.06,1439986,1439700,-0.125,-2.99,4.14,"February 27, 20",-0.0299,DVAX
2020-02-26,4.42,4.5571,4.15,4.3,4.3,1430813,1430800,-0.12,-2.71,4.3,"February 26, 20",-0.0271,DVAX
2020-02-25,4.73,4.79,4.285,4.41,4.41,1544246,1544200,-0.32,-6.77,4.45,"February 25, 20",-0.0677,DVAX
2020-02-24,4.75,4.89,4.62,4.73,4.73,1152605,1152600,-0.02,-0.42105,4.72,"February 24, 20",-0.0042105,DVAX
2020-02-21,4.9,4.9,4.64,4.88,4.88,916441,916200,-0.02,-0.40816,4.82,"February 21, 20",-0.0040816,DVAX
2020-02-20,4.93,5.03,4.72,4.91,4.91,1065245,1065200,-0.02,-0.40568,4.87,"February 20, 20",-0.0040568,DVAX
2020-02-19,5.16,5.22,4.94,4.97,4.97,943691,943700,-0.19,-3.68,5.06,"February 19, 20",-0.0368,DVAX
2020-02-18,5.12,5.16,4.97,5.12,5.12,723600,723600,0.0,0.0,5.06,"February 18, 20",0.0,DVAX
2020-02-14,5.2,5.22,5.06,5.18,5.18,706375,706400,-0.02,-0.38462,5.14,"February 14, 20",-0.0038462,DVAX
2020-02-13,5.4,5.4,5.13,5.22,5.22,766960,767000,-0.18,-3.33,5.25,"February 13, 20",-0.0333,DVAX
2020-02-12,5.24,5.49,5.23,5.42,5.42,1295279,1295300,0.18,3.44,5.4,"February 12, 20",0.0344,DVAX
2020-02-11,5.24,5.3514,5.16,5.18,5.18,440509,440500,-0.06,-1.15,5.25,"February 11, 20",-0.0115,DVAX
2020-02-10,5.07,5.27,4.96,5.2,5.2,981571,981600,0.13,2.56,5.16,"February 10, 20",0.0256,DVAX
2020-02-07,5.28,5.29,5.05,5.07,5.07,854635,854600,-0.21,-3.98,5.13,"February 07, 20",-0.0398,DVAX
2020-02-06,5.09,5.385,5.05,5.26,5.26,1103431,1103400,0.17,3.34,5.26,"February 06, 20",0.0334,DVAX
2020-02-05,5.27,5.3496,5.03,5.06,5.06,1107983,1107800,-0.21,-3.98,5.19,"February 05, 20",-0.0398,DVAX
2020-02-04,5.22,5.385,5.0813,5.22,5.22,1441668,1441700,0.0,0.0,5.23,"February 04, 20",0.0,DVAX
2020-02-03,5.1,5.26,5.04,5.17,5.17,1199277,1199300,0.07,1.37,5.16,"February 03, 20",0.0137,DVAX
2020-01-31,4.97,5.14,4.865,5.05,5.05,1660334,1660200,0.08,1.61,5.03,"January 31, 20",0.0161,DVAX
2020-01-30,4.99,5.27,4.96,4.99,4.99,1147488,1147500,0.0,0.0,5.07,"January 30, 20",0.0,DVAX
2020-01-29,5.13,5.34,4.8802,5.05,5.05,2233236,2233200,-0.08,-1.56,5.07,"January 29, 20",-0.0156,DVAX
2020-01-28,5.31,5.44,5.03,5.05,5.05,1467036,1466900,-0.26,-4.9,5.17,"January 28, 20",-0.049,DVAX
2020-01-27,5.65,5.665,5.28,5.29,5.29,2254780,2254800,-0.36,-6.37,5.42,"January 27, 20",-0.0637,DVAX
2020-01-24,5.76,5.96,5.6601,5.78,5.78,977016,977000,0.02,0.34722,5.83,"January 24, 20",0.0034722,DVAX
2020-01-23,5.71,5.8,5.56,5.74,5.74,692566,692600,0.03,0.52539,5.7,"January 23, 20",0.0052539,DVAX
2020-01-22,6.14,6.16,5.56,5.77,5.77,1455459,1455400,-0.37,-6.03,5.8,"January 22, 20",-0.0603,DVAX
2020-01-21,6.01,6.29,5.945,6.09,6.09,997424,997100,0.08,1.33,6.15,"January 21, 20",0.0133,DVAX
2020-01-17,6.27,6.36,6.01,6.03,6.03,1067322,1067300,-0.24,-3.83,6.13,"January 17, 20",-0.0383,DVAX
2020-01-16,5.76,6.219,5.75,6.17,6.17,1945857,1945500,0.41,7.12,6.09,"January 16, 20",0.0712,DVAX
2020-01-15,5.8,5.93,5.66,5.73,5.73,1093088,1093000,-0.07,-1.21,5.78,"January 15, 20",-0.0121,DVAX
2020-01-14,5.54,5.87,5.47,5.78,5.78,970204,970200,0.24,4.33,5.7,"January 14, 20",0.0433,DVAX
2020-01-13,5.63,5.76,5.46,5.62,5.62,1055049,1054900,-0.01,-0.17762,5.63,"January 13, 20",-0.0017762,DVAX
2020-01-10,5.84,6.03,5.59,5.63,5.63,1034432,1034300,-0.21,-3.6,5.74,"January 10, 20",-0.036,DVAX
2020-01-09,6.1,6.16,5.85,5.89,5.89,1092041,1091600,-0.21,-3.44,5.98,"January 09, 20",-0.0344,DVAX
2020-01-08,6.2,6.25,6.03,6.14,6.14,1104901,1104900,-0.06,-0.96774,6.14,"January 08, 20",-0.0096774,DVAX
2020-01-07,5.89,6.27,5.81,6.2,6.2,860967,851700,0.31,5.26,6.11,"January 07, 20",0.0526,DVAX
2020-01-06,5.55,5.94,5.4706,5.925,5.93,1023618,1023600,0.375,6.76,5.81,"January 06, 20",0.0676,DVAX
2020-01-03,5.37,5.73,5.305,5.57,5.57,904192,904100,0.2,3.72,5.54,"January 03, 20",0.0372,DVAX
2020-01-02,5.76,5.8,5.35,5.47,5.47,980238,980200,-0.29,-5.03,5.46,"January 02, 20",-0.0503,DVAX
2019-12-31,5.54,5.84,5.54,5.72,5.72,1375696,1375700,0.18,3.25,5.72,"December 31, 19",0.0325,DVAX
2019-12-30,6.0,6.04,5.11,5.59,5.59,1729682,1729700,-0.41,-6.83,5.61,"December 30, 19",-0.0683,DVAX
2019-12-27,6.07,6.08,5.35,5.99,5.99,2013750,2013700,-0.08,-1.32,5.84,"December 27, 19",-0.0132,DVAX
2019-12-26,6.61,6.64,5.57,6.01,6.01,1918282,1918300,-0.6,-9.08,6.27,"December 26, 19",-0.0908,DVAX
2019-12-24,6.45,6.7,6.38,6.69,6.69,790205,790200,0.24,3.72,6.55,"December 24, 19",0.0372,DVAX
2019-12-23,6.69,6.8,6.19,6.445,6.45,2028505,2028500,-0.245,-3.66,6.37,"December 23, 19",-0.0366,DVAX
2019-12-20,6.94,6.94,6.6,6.78,6.78,3593577,3592800,-0.16,-2.31,6.78,"December 20, 19",-0.0231,DVAX
2019-12-19,6.82,6.96,6.615,6.93,6.93,1202448,1202400,0.11,1.61,6.86,"December 19, 19",0.0161,DVAX
2019-12-18,6.78,6.815,6.64,6.78,6.78,967917,967900,0.0,0.0,6.76,"December 18, 19",0.0,DVAX
2019-12-17,6.81,6.95,6.517,6.77,6.77,1585762,1585800,-0.04,-0.58737,6.72,"December 17, 19",-0.0058737,DVAX
2019-12-16,6.98,7.2,6.78,6.805,6.81,2397140,2396300,-0.175,-2.51,6.85,"December 16, 19",-0.0251,DVAX
2019-12-13,6.55,6.94,6.4905,6.92,6.92,840765,840800,0.37,5.65,6.7,"December 13, 19",0.0565,DVAX
2019-12-12,6.55,6.9,6.49,6.53,6.53,1142099,1141600,-0.02,-0.30534,6.67,"December 12, 19",-0.0030534,DVAX
2019-12-11,6.95,7.1614,6.53,6.6,6.6,1331334,1331100,-0.35,-5.04,6.7,"December 11, 19",-0.0504,DVAX
2019-12-10,6.6,6.95,6.51,6.89,6.89,1631460,1631400,0.29,4.39,6.76,"December 10, 19",0.0439,DVAX
2019-12-09,5.69,6.69,5.6468,6.59,6.59,3152828,3145500,0.9,15.82,6.28,"December 09, 19",0.1582,DVAX
2019-12-06,5.71,5.85,5.64,5.7,5.7,848162,848200,-0.01,-0.17513,5.7,"December 06, 19",-0.0017513,DVAX
2019-12-05,5.78,5.98,5.61,5.69,5.69,1145568,1145500,-0.09,-1.56,5.78,"December 05, 19",-0.0156,DVAX
2019-12-04,5.56,5.96,5.52,5.695,5.7,1022167,1022200,0.135,2.43,5.7,"December 04, 19",0.0243,DVAX
2019-12-03,5.38,5.62,5.22,5.56,5.56,1239080,1239000,0.18,3.35,5.46,"December 03, 19",0.0335,DVAX
2019-12-02,5.65,5.85,5.32,5.43,5.43,1504786,1504800,-0.22,-3.89,5.53,"December 02, 19",-0.0389,DVAX
2019-11-29,5.66,5.77,5.57,5.65,5.65,396334,396300,-0.01,-0.17668,5.66,"November 29, 19",-0.0017668,DVAX
2019-11-27,5.87,5.9699,5.6063,5.66,5.66,746654,746700,-0.21,-3.58,5.73,"November 27, 19",-0.0358,DVAX
2019-11-26,5.85,6.13,5.72,5.82,5.82,1389863,1387200,-0.03,-0.51282,5.96,"November 26, 19",-0.0051282,DVAX
2019-11-25,5.65,5.89,5.62,5.83,5.83,1347101,1347100,0.18,3.19,5.78,"November 25, 19",0.0319,DVAX
2019-11-22,5.36,5.61,5.35,5.59,5.59,939253,939300,0.23,4.29,5.52,"November 22, 19",0.0429,DVAX
2019-11-21,5.35,5.47,5.075,5.39,5.39,1352602,1352600,0.04,0.74766,5.28,"November 21, 19",0.0074766,DVAX
2019-11-20,5.83,5.935,5.17,5.22,5.22,2340858,2340900,-0.61,-10.46,5.54,"November 20, 19",-0.1046,DVAX
2019-11-19,5.91,6.2,5.875,5.9,5.9,609492,609500,-0.01,-0.1692,5.96,"November 19, 19",-0.001692,DVAX
2019-11-18,5.86,5.95,5.77,5.88,5.88,453886,453900,0.02,0.3413,5.86,"November 18, 19",0.003413,DVAX
2019-11-15,5.87,6.13,5.79,5.83,5.83,719161,719200,-0.04,-0.68143,5.9,"November 15, 19",-0.0068143,DVAX
2019-11-14,5.82,5.963,5.7701,5.83,5.83,581141,581100,0.01,0.17182,5.84,"November 14, 19",0.0017182,DVAX
2019-11-13,5.6,6.0,5.5099,5.88,5.88,806855,806800,0.28,5.0,5.8,"November 13, 19",0.05,DVAX
2019-11-12,5.68,5.77,5.52,5.62,5.62,806489,806500,-0.06,-1.06,5.65,"November 12, 19",-0.0106,DVAX
2019-11-11,5.27,5.69,5.16,5.66,5.66,1058619,1058600,0.39,7.4,5.47,"November 11, 19",0.074,DVAX
2019-11-08,5.0,5.27,4.95,5.26,5.26,1426352,1426400,0.26,5.2,5.14,"November 08, 19",0.052,DVAX
2019-11-07,5.29,5.58,4.9,5.07,5.07,1882060,1882100,-0.22,-4.16,5.2,"November 07, 19",-0.0416,DVAX
2019-11-06,5.35,5.52,5.13,5.225,5.23,1298412,1296600,-0.125,-2.34,5.27,"November 06, 19",-0.0234,DVAX
2019-11-05,5.48,5.73,5.33,5.36,5.36,888213,888200,-0.12,-2.19,5.46,"November 05, 19",-0.0219,DVAX
2019-11-04,5.66,5.82,5.31,5.49,5.49,972564,951900,-0.17,-3.0,5.47,"November 04, 19",-0.03,DVAX
2019-11-01,5.11,5.58,5.1,5.57,5.57,1129490,1129500,0.46,9.0,5.39,"November 01, 19",0.09,DVAX
2019-10-31,5.0,5.11,4.85,5.09,5.09,672571,666600,0.09,1.8,4.99,"October 31, 19",0.018,DVAX
2019-10-30,4.93,5.135,4.92,4.96,4.96,1055425,1055400,0.03,0.60852,5.0,"October 30, 19",0.0060852,DVAX
2019-10-29,5.09,5.205,4.845,4.91,4.93,1292236,1292200,-0.18,-3.54,4.94,"October 29, 19",-0.0354,DVAX
2019-10-28,5.03,5.2,4.96,5.13,5.13,884070,884100,0.1,1.99,5.09,"October 28, 19",0.0199,DVAX
2019-10-25,4.75,5.32,4.73,5.01,5.01,1472282,1472300,0.26,5.47,5.08,"October 25, 19",0.0547,DVAX
2019-10-24,4.89,5.0699,4.71,4.77,4.77,787289,787300,-0.12,-2.45,4.86,"October 24, 19",-0.0245,DVAX
2019-10-23,4.8,4.95,4.6,4.86,4.86,1046674,1046200,0.06,1.25,4.83,"October 23, 19",0.0125,DVAX
2019-10-22,4.27,4.83,4.27,4.78,4.78,1725617,1724800,0.51,11.94,4.61,"October 22, 19",0.1194,DVAX
2019-10-21,4.08,4.31,4.03,4.27,4.27,951468,951500,0.19,4.66,4.2,"October 21, 19",0.0466,DVAX
2019-10-18,4.49,4.585,4.05,4.08,4.08,1903192,1903200,-0.41,-9.13,4.29,"October 18, 19",-0.0913,DVAX
2019-10-17,4.12,4.29,4.119,4.24,4.24,785220,785200,0.12,2.91,4.24,"October 17, 19",0.0291,DVAX
2019-10-16,4.24,4.26,4.08,4.11,4.11,531064,531100,-0.13,-3.07,4.15,"October 16, 19",-0.0307,DVAX
2019-10-15,4.08,4.24,3.99,4.21,4.21,791287,791300,0.13,3.19,4.14,"October 15, 19",0.0319,DVAX
2019-10-14,3.97,4.12,3.93,4.09,4.09,626970,627000,0.12,3.02,4.05,"October 14, 19",0.0302,DVAX
2019-10-11,4.0,4.03,3.87,3.93,3.93,596474,596500,-0.07,-1.75,3.95,"October 11, 19",-0.0175,DVAX
2019-10-10,4.01,4.05,3.92,3.96,3.96,633746,633700,-0.05,-1.25,3.98,"October 10, 19",-0.0125,DVAX
2019-10-09,3.8,4.15,3.77,4.0,4.0,941510,939400,0.2,5.26,4.01,"October 09, 19",0.0526,DVAX
2019-10-08,3.88,3.96,3.73,3.785,3.79,873403,873400,-0.095,-2.45,3.81,"October 08, 19",-0.0245,DVAX
2019-10-07,3.66,3.92,3.62,3.9,3.9,549833,549800,0.24,6.56,3.81,"October 07, 19",0.0656,DVAX
2019-10-04,3.58,3.895,3.55,3.685,3.69,1316004,1316000,0.105,2.93,3.74,"October 04, 19",0.0293,DVAX
2019-10-03,3.52,3.62,3.43,3.55,3.55,1115606,1113500,0.03,0.85227,3.54,"October 03, 19",0.0085227,DVAX
2019-10-02,3.44,3.585,3.35,3.52,3.52,1298142,1298100,0.08,2.33,3.5,"October 02, 19",0.0233,DVAX
2019-10-01,3.57,3.695,3.34,3.46,3.46,1351511,1350900,-0.11,-3.08,3.49,"October 01, 19",-0.0308,DVAX
2019-09-30,3.56,3.5999,3.29,3.575,3.58,1399528,1399500,0.015,0.42135,3.51,"September 30, 19",0.0042135,DVAX
2019-09-27,3.81,3.83,3.5101,3.54,3.54,1467430,1463100,-0.27,-7.09,3.66,"September 27, 19",-0.0709,DVAX
2019-09-26,4.23,4.23,3.8,3.83,3.83,1922262,1917600,-0.4,-9.46,3.94,"September 26, 19",-0.0946,DVAX
2019-09-25,4.47,4.49,4.1,4.23,4.23,1678687,1678700,-0.24,-5.37,4.22,"September 25, 19",-0.0537,DVAX
2019-09-24,4.6,4.62,4.32,4.47,4.47,1484265,1473400,-0.13,-2.83,4.44,"September 24, 19",-0.0283,DVAX
2019-09-23,4.48,4.755,4.47,4.59,4.59,924126,923100,0.11,2.46,4.62,"September 23, 19",0.0246,DVAX
2019-09-20,4.39,4.67,4.38,4.58,4.58,2630052,2599400,0.19,4.33,4.56,"September 20, 19",0.0433,DVAX
2019-09-19,4.42,4.51,4.315,4.4,4.4,844770,844800,-0.02,-0.45249,4.41,"September 19, 19",-0.0045249,DVAX
2019-09-18,4.64,4.66,4.36,4.43,4.43,1121052,1121100,-0.21,-4.53,4.46,"September 18, 19",-0.0453,DVAX
2019-09-17,4.51,4.8,4.26,4.66,4.66,2068219,2068200,0.15,3.33,4.54,"September 17, 19",0.0333,DVAX
2019-09-16,4.49,4.58,4.3,4.55,4.55,1607422,1607400,0.06,1.34,4.43,"September 16, 19",0.0134,DVAX
2019-09-13,4.73,4.77,4.41,4.46,4.46,1526674,1526700,-0.27,-5.71,4.52,"September 13, 19",-0.0571,DVAX
2019-09-12,4.87,5.06,4.62,4.74,4.74,1269485,1269500,-0.13,-2.67,4.79,"September 12, 19",-0.0267,DVAX
2019-09-11,4.63,4.97,4.5508,4.85,4.85,1686609,1686600,0.22,4.75,4.81,"September 11, 19",0.0475,DVAX
2019-09-10,4.32,4.68,4.17,4.63,4.63,1843317,1843300,0.31,7.18,4.48,"September 10, 19",0.0718,DVAX
2019-09-09,4.34,4.73,4.3,4.34,4.34,1891048,1891000,0.0,0.0,4.49,"September 09, 19",0.0,DVAX
2019-09-06,4.44,4.57,4.32,4.36,4.36,1348915,1348900,-0.08,-1.8,4.42,"September 06, 19",-0.018,DVAX
2019-09-05,4.64,4.65,4.3,4.45,4.45,1534952,1535000,-0.19,-4.09,4.47,"September 05, 19",-0.0409,DVAX
2019-09-04,4.65,4.7899,4.59,4.62,4.62,2578791,2578800,-0.03,-0.64516,4.68,"September 04, 19",-0.0064516,DVAX
2019-09-03,4.13,4.63,4.1,4.58,4.58,2212668,2212700,0.45,10.9,4.45,"September 03, 19",0.109,DVAX
2019-08-30,4.22,4.22,4.03,4.14,4.14,773572,773600,-0.08,-1.9,4.12,"August 30, 19",-0.019,DVAX
2019-08-29,4.09,4.3,3.98,4.22,4.22,920900,920900,0.13,3.18,4.16,"August 29, 19",0.0318,DVAX
2019-08-28,4.13,4.17,3.96,4.09,4.09,783716,783700,-0.04,-0.96852,4.09,"August 28, 19",-0.0096852,DVAX
2019-08-27,4.31,4.38,4.06,4.15,4.15,1106044,1106000,-0.16,-3.71,4.18,"August 27, 19",-0.0371,DVAX
2019-08-26,4.49,4.49,4.07,4.3,4.3,1295603,1295500,-0.19,-4.23,4.21,"August 26, 19",-0.0423,DVAX
2019-08-23,4.7,4.82,4.25,4.32,4.32,3198547,3198500,-0.38,-8.09,4.41,"August 23, 19",-0.0809,DVAX
2019-08-22,4.57,4.72,4.44,4.45,4.45,1393342,1388300,-0.12,-2.63,4.54,"August 22, 19",-0.0263,DVAX
2019-08-21,4.39,4.56,4.36,4.51,4.51,1227875,1227300,0.12,2.73,4.49,"August 21, 19",0.0273,DVAX
2019-08-20,4.29,4.59,4.195,4.37,4.37,1550860,1550700,0.08,1.86,4.37,"August 20, 19",0.0186,DVAX
2019-08-19,4.04,4.37,4.04,4.33,4.33,2112710,2112600,0.29,7.18,4.28,"August 19, 19",0.0718,DVAX
2019-08-16,3.94,4.08,3.86,3.99,3.99,1310735,1309500,0.05,1.27,3.97,"August 16, 19",0.0127,DVAX
2019-08-15,3.73,4.05,3.58,3.91,3.91,2481469,2481100,0.18,4.83,3.86,"August 15, 19",0.0483,DVAX
2019-08-14,3.45,3.825,3.27,3.75,3.75,2298538,2298500,0.3,8.7,3.54,"August 14, 19",0.087,DVAX
2019-08-13,3.58,3.6,3.335,3.51,3.51,2516784,2515700,-0.07,-1.96,3.47,"August 13, 19",-0.0196,DVAX
2019-08-12,3.39,3.58,3.22,3.36,3.36,2309046,2309000,-0.03,-0.88496,3.39,"August 12, 19",-0.0088496,DVAX
2019-08-09,3.1,3.51,3.0,3.38,3.38,3650348,3650300,0.28,9.03,3.3,"August 09, 19",0.0903,DVAX
2019-08-08,2.78,3.19,2.76,3.03,3.03,4419245,4419200,0.25,8.99,3.01,"August 08, 19",0.0899,DVAX
2019-08-07,2.88,3.03,2.825,2.99,2.99,1057018,1057000,0.11,3.82,2.91,"August 07, 19",0.0382,DVAX
2019-08-06,2.89,2.93,2.79,2.88,2.88,1100620,1100400,-0.01,-0.34602,2.86,"August 06, 19",-0.0034602,DVAX
2019-08-05,2.72,2.98,2.67,2.88,2.88,1834518,1834500,0.16,5.88,2.85,"August 05, 19",0.0588,DVAX
2019-08-02,2.83,2.88,2.66,2.76,2.76,1679966,1680000,-0.07,-2.47,2.77,"August 02, 19",-0.0247,DVAX
2019-08-01,2.76,2.85,2.68,2.79,2.79,1262286,1262300,0.03,1.09,2.77,"August 01, 19",0.0109,DVAX
2019-07-31,2.7,2.92,2.69,2.76,2.76,1286353,1286400,0.06,2.22,2.83,"July 31, 19",0.0222,DVAX
2019-07-30,2.66,2.75,2.6,2.69,2.69,1278691,1276800,0.03,1.13,2.68,"July 30, 19",0.0113,DVAX
2019-07-29,2.8,2.84,2.595,2.72,2.72,1306574,1306600,-0.08,-2.86,2.68,"July 29, 19",-0.0286,DVAX
2019-07-26,2.89,2.9,2.66,2.8,2.8,2403594,2403600,-0.09,-3.11,2.76,"July 26, 19",-0.0311,DVAX
2019-07-25,3.13,3.2,2.84,2.87,2.87,1822615,1822600,-0.26,-8.31,2.93,"July 25, 19",-0.0831,DVAX
2019-07-24,3.2,3.2,2.92,3.1,3.1,3892107,3892100,-0.1,-3.13,3.01,"July 24, 19",-0.0313,DVAX
2019-07-23,3.36,3.39,3.125,3.22,3.22,1960814,1960800,-0.14,-4.17,3.23,"July 23, 19",-0.0417,DVAX
2019-07-22,3.65,3.7,3.2734,3.35,3.35,2005146,2005100,-0.3,-8.22,3.4,"July 22, 19",-0.0822,DVAX
2019-07-19,3.66,3.7,3.56,3.66,3.66,573927,573900,0.0,0.0,3.66,"July 19, 19",0.0,DVAX
2019-07-18,3.8,3.81,3.4,3.66,3.66,2039653,2039700,-0.14,-3.68,3.57,"July 18, 19",-0.0368,DVAX
2019-07-17,3.86,3.8839,3.76,3.79,3.79,803285,803300,-0.07,-1.81,3.79,"July 17, 19",-0.0181,DVAX
2019-07-16,4.03,4.03,3.855,3.88,3.88,928312,928300,-0.15,-3.72,3.94,"July 16, 19",-0.0372,DVAX
2019-07-15,4.05,4.12,3.92,4.04,4.04,1082324,1082300,-0.01,-0.24691,4.04,"July 15, 19",-0.0024691,DVAX
2019-07-12,3.79,4.04,3.605,4.03,4.03,1991436,1991400,0.24,6.33,3.87,"July 12, 19",0.0633,DVAX
2019-07-11,4.22,4.24,3.7,3.78,3.78,2853278,2853300,-0.44,-10.43,3.9,"July 11, 19",-0.1043,DVAX
2019-07-10,3.79,3.83,3.63,3.81,3.81,2273799,2273800,0.02,0.5277,3.78,"July 10, 19",0.005277,DVAX
2019-07-09,3.85,3.88,3.77,3.79,3.79,785901,785900,-0.06,-1.56,3.82,"July 09, 19",-0.0156,DVAX
2019-07-08,3.94,4.06,3.84,3.88,3.88,995583,995600,-0.06,-1.52,3.91,"July 08, 19",-0.0152,DVAX
2019-07-05,4.55,4.63,3.96,3.99,3.99,1848787,1848800,-0.56,-12.31,4.17,"July 05, 19",-0.1231,DVAX
2019-07-03,3.99,4.42,3.87,4.37,4.37,2411822,2411800,0.38,9.52,4.14,"July 03, 19",0.0952,DVAX
2019-07-02,3.98,4.02,3.85,3.93,3.93,1495741,1495700,-0.05,-1.26,3.97,"July 02, 19",-0.0126,DVAX
2019-07-01,4.1,4.15,3.92,3.99,3.99,867451,865300,-0.11,-2.68,4.0,"July 01, 19",-0.0268,DVAX
2019-06-28,3.9,4.04,3.85,3.99,3.99,1456966,1457000,0.09,2.31,3.98,"June 28, 19",0.0231,DVAX
2019-06-27,3.8,3.87,3.77,3.86,3.86,608464,608500,0.06,1.58,3.83,"June 27, 19",0.0158,DVAX
2019-06-26,3.68,3.87,3.64,3.78,3.78,753395,753000,0.1,2.72,3.79,"June 26, 19",0.0272,DVAX
2019-06-25,3.81,3.85,3.63,3.65,3.65,1037409,1037400,-0.16,-4.2,3.68,"June 25, 19",-0.042,DVAX
2019-06-24,4.0,4.0,3.79,3.8,3.8,1120813,1120800,-0.2,-5.0,3.86,"June 24, 19",-0.05,DVAX
2019-06-21,3.99,4.01,3.74,3.91,3.91,5208946,5208900,-0.08,-2.01,3.91,"June 21, 19",-0.0201,DVAX
2019-06-20,4.04,4.1,3.93,3.96,3.96,935012,935000,-0.08,-1.98,3.99,"June 20, 19",-0.0198,DVAX
2019-06-19,3.98,4.2165,3.93,3.98,3.98,1663179,1663200,0.0,0.0,4.03,"June 19, 19",0.0,DVAX
2019-06-18,4.11,4.2,3.945,3.97,3.97,1357674,1357700,-0.14,-3.41,3.99,"June 18, 19",-0.0341,DVAX
2019-06-17,3.84,4.25,3.83,4.1,4.1,1927329,1927300,0.26,6.77,4.07,"June 17, 19",0.0677,DVAX
2019-06-14,3.81,3.93,3.8,3.81,3.81,1320193,1320200,0.0,0.0,3.85,"June 14, 19",0.0,DVAX
2019-06-13,3.72,3.865,3.6782,3.83,3.83,1320210,1320200,0.11,2.96,3.8,"June 13, 19",0.0296,DVAX
2019-06-12,3.72,3.8,3.5708,3.72,3.72,1361841,1361800,0.0,0.0,3.68,"June 12, 19",0.0,DVAX
2019-06-11,4.0,4.01,3.7,3.72,3.72,1325379,1325400,-0.28,-7.0,3.78,"June 11, 19",-0.07,DVAX
2019-06-10,4.17,4.29,3.95,3.97,3.97,922178,922200,-0.2,-4.8,4.03,"June 10, 19",-0.048,DVAX
2019-06-07,4.19,4.28,3.93,4.15,4.15,2251356,2251400,-0.04,-0.95465,4.06,"June 07, 19",-0.0095465,DVAX
2019-06-06,4.4,4.7199,4.15,4.2,4.2,1972563,1972600,-0.2,-4.55,4.29,"June 06, 19",-0.0455,DVAX
2019-06-05,4.78,4.78,4.34,4.38,4.38,1348944,1348900,-0.4,-8.37,4.48,"June 05, 19",-0.0837,DVAX
2019-06-04,4.7,4.74,4.33,4.74,4.74,1182115,1182000,0.04,0.85106,4.63,"June 04, 19",0.0085106,DVAX
2019-06-03,4.84,4.9,4.45,4.67,4.67,1900460,1900500,-0.17,-3.51,4.66,"June 03, 19",-0.0351,DVAX
2019-05-31,4.84,4.92,4.69,4.82,4.82,1107184,1107200,-0.02,-0.41322,4.82,"May 31, 19",-0.0041322,DVAX
2019-05-30,5.2,5.27,4.9,4.97,4.97,1622447,1622400,-0.23,-4.42,5.02,"May 30, 19",-0.0442,DVAX
2019-05-29,5.4,5.62,5.18,5.29,5.29,1627785,1627800,-0.11,-2.04,5.33,"May 29, 19",-0.0204,DVAX
2019-05-28,5.75,5.93,5.32,5.43,5.43,2100080,2100100,-0.32,-5.57,5.45,"May 28, 19",-0.0557,DVAX
2019-05-24,6.44,6.92,5.12,5.78,5.78,5270363,5270400,-0.66,-10.25,5.77,"May 24, 19",-0.1025,DVAX
2019-05-23,6.27,6.4,6.1919,6.35,6.35,894521,894500,0.08,1.28,6.31,"May 23, 19",0.0128,DVAX
2019-05-22,6.52,6.62,6.3,6.36,6.36,611206,611200,-0.16,-2.45,6.41,"May 22, 19",-0.0245,DVAX
2019-05-21,6.09,6.63,6.06,6.55,6.55,1086311,1086300,0.46,7.55,6.34,"May 21, 19",0.0755,DVAX
2019-05-20,6.3,6.41,5.885,6.03,6.03,1155223,1155200,-0.27,-4.29,6.06,"May 20, 19",-0.0429,DVAX
2019-05-17,6.61,6.61,6.28,6.3,6.3,925066,925100,-0.31,-4.69,6.42,"May 17, 19",-0.0469,DVAX
2019-05-16,6.65,6.95,6.65,6.69,6.69,773704,773700,0.04,0.6015,6.75,"May 16, 19",0.006015,DVAX
2019-05-15,6.67,6.7,6.42,6.63,6.63,668147,668100,-0.04,-0.5997,6.58,"May 15, 19",-0.005997,DVAX
2019-05-14,7.06,7.16,6.54,6.76,6.76,1237550,1237600,-0.3,-4.25,6.79,"May 14, 19",-0.0425,DVAX
2019-05-13,7.65,7.71,6.97,6.99,6.99,1252453,1252500,-0.66,-8.63,7.19,"May 13, 19",-0.0863,DVAX
2019-05-10,7.68,8.19,7.55,7.89,7.89,2017843,2017800,0.21,2.73,7.92,"May 10, 19",0.0273,DVAX
2019-05-09,7.5,7.9,6.94,7.69,7.69,2157497,2157200,0.19,2.53,7.53,"May 09, 19",0.0253,DVAX
2019-05-08,6.6,6.68,6.42,6.53,6.53,796127,796100,-0.07,-1.06,6.54,"May 08, 19",-0.0106,DVAX
2019-05-07,6.96,7.12,6.43,6.51,6.51,1060857,1060700,-0.45,-6.47,6.65,"May 07, 19",-0.0647,DVAX
2019-05-06,6.86,7.17,6.8052,7.09,7.09,685564,685600,0.23,3.35,7.08,"May 06, 19",0.0335,DVAX
2019-05-03,6.8,7.09,6.76,6.96,6.96,1090432,1090400,0.16,2.35,6.96,"May 03, 19",0.0235,DVAX
2019-05-02,6.52,6.73,6.45,6.7,6.7,642278,642300,0.18,2.76,6.61,"May 02, 19",0.0276,DVAX
2019-05-01,6.67,6.81,6.53,6.54,6.54,753564,753600,-0.13,-1.95,6.6,"May 01, 19",-0.0195,DVAX
2019-04-30,6.68,6.75,6.55,6.65,6.65,609559,609600,-0.03,-0.4491,6.65,"April 30, 19",-0.004491,DVAX
2019-04-29,6.86,7.04,6.71,6.72,6.72,794439,794400,-0.14,-2.04,6.83,"April 29, 19",-0.0204,DVAX
2019-04-26,6.56,7.03,6.48,6.8,6.8,988659,988700,0.24,3.66,6.74,"April 26, 19",0.0366,DVAX
2019-04-25,6.55,6.65,6.4,6.56,6.56,534883,534900,0.01,0.15267,6.57,"April 25, 19",0.0015267,DVAX
2019-04-24,6.53,6.61,6.31,6.55,6.55,568218,568200,0.02,0.30628,6.53,"April 24, 19",0.0030628,DVAX
2019-04-23,6.34,6.59,6.3,6.51,6.51,798410,798100,0.17,2.68,6.46,"April 23, 19",0.0268,DVAX
2019-04-22,6.39,6.56,6.24,6.36,6.36,703762,703800,-0.03,-0.46948,6.35,"April 22, 19",-0.0046948,DVAX
2019-04-18,6.43,6.54,6.22,6.41,6.41,1158480,1158500,-0.02,-0.31104,6.35,"April 18, 19",-0.0031104,DVAX
2019-04-17,6.79,6.79,6.345,6.43,6.43,1339028,1339000,-0.36,-5.3,6.46,"April 17, 19",-0.053,DVAX
2019-04-16,6.81,6.89,6.67,6.72,6.72,715116,715100,-0.09,-1.32,6.76,"April 16, 19",-0.0132,DVAX
2019-04-15,6.98,7.03,6.66,6.77,6.77,958001,958000,-0.21,-3.01,6.77,"April 15, 19",-0.0301,DVAX
2019-04-12,7.08,7.15,6.75,6.95,6.95,945980,946000,-0.13,-1.84,6.92,"April 12, 19",-0.0184,DVAX
2019-04-11,7.13,7.23,6.975,7.01,7.01,872545,872500,-0.12,-1.68,7.03,"April 11, 19",-0.0168,DVAX
2019-04-10,7.05,7.16,6.97,7.1,7.1,1006968,1007000,0.05,0.70922,7.06,"April 10, 19",0.0070922,DVAX
2019-04-09,7.02,7.14,6.96,6.99,6.99,776311,776300,-0.03,-0.42735,7.02,"April 09, 19",-0.0042735,DVAX
2019-04-08,7.32,7.32,7.0369,7.1,7.1,637576,637600,-0.22,-3.01,7.14,"April 08, 19",-0.0301,DVAX
2019-04-05,7.26,7.6,7.25,7.35,7.35,892792,892800,0.09,1.24,7.42,"April 05, 19",0.0124,DVAX
2019-04-04,7.02,7.25,6.95,7.2,7.2,1328942,1328900,0.18,2.56,7.17,"April 04, 19",0.0256,DVAX
2019-04-03,7.61,7.68,6.9,7.03,7.03,1857458,1857500,-0.58,-7.62,7.1,"April 03, 19",-0.0762,DVAX
2019-04-02,7.42,7.74,7.37,7.56,7.56,1057860,1057900,0.14,1.89,7.59,"April 02, 19",0.0189,DVAX
2019-04-01,7.38,7.56,7.22,7.42,7.42,1578226,1578000,0.04,0.54201,7.43,"April 01, 19",0.0054201,DVAX
2019-03-29,7.15,7.34,7.09,7.31,7.31,687131,687100,0.16,2.24,7.25,"March 29, 19",0.0224,DVAX
2019-03-28,7.1,7.2998,6.9673,7.11,7.11,893884,893900,0.01,0.14085,7.12,"March 28, 19",0.0014085,DVAX
2019-03-27,7.12,7.2,6.91,7.08,7.08,1051179,1050900,-0.04,-0.5618,7.07,"March 27, 19",-0.005618,DVAX
2019-03-26,7.24,7.27,6.99,7.12,7.12,582440,582400,-0.12,-1.66,7.1,"March 26, 19",-0.0166,DVAX
2019-03-25,7.08,7.25,6.75,7.17,7.17,1200114,1199800,0.09,1.27,7.1,"March 25, 19",0.0127,DVAX
2019-03-22,7.51,7.52,7.08,7.1,7.1,1390601,1390600,-0.41,-5.46,7.2,"March 22, 19",-0.0546,DVAX
2019-03-21,7.49,7.65,7.32,7.56,7.56,1344632,1344600,0.07,0.93458,7.51,"March 21, 19",0.0093458,DVAX
2019-03-20,8.01,8.1225,7.32,7.53,7.53,1893661,1893700,-0.48,-5.99,7.56,"March 20, 19",-0.0599,DVAX
2019-03-19,7.8,8.24,7.78,7.99,7.99,1547830,1547800,0.19,2.44,8.04,"March 19, 19",0.0244,DVAX
2019-03-18,7.97,8.19,7.625,7.78,7.78,1181223,1181200,-0.19,-2.38,7.85,"March 18, 19",-0.0238,DVAX
2019-03-15,8.22,8.26,7.88,7.96,7.96,2408784,2408800,-0.26,-3.16,7.99,"March 15, 19",-0.0316,DVAX
2019-03-14,8.39,8.46,8.16,8.17,8.17,721274,721300,-0.22,-2.62,8.27,"March 14, 19",-0.0262,DVAX
2019-03-13,8.6,8.7,8.39,8.42,8.42,724421,724400,-0.18,-2.09,8.53,"March 13, 19",-0.0209,DVAX
2019-03-12,8.67,8.74,8.5,8.6,8.6,657972,657900,-0.07,-0.80738,8.62,"March 12, 19",-0.0080738,DVAX
2019-03-11,8.38,8.67,8.3,8.67,8.67,825632,825600,0.29,3.46,8.6,"March 11, 19",0.0346,DVAX
2019-03-08,8.27,8.61,8.2,8.34,8.34,671180,671200,0.07,0.84643,8.35,"March 08, 19",0.0084643,DVAX
2019-03-07,8.56,8.69,8.28,8.43,8.43,1314232,1314200,-0.13,-1.52,8.46,"March 07, 19",-0.0152,DVAX
2019-03-06,9.06,9.07,8.56,8.56,8.56,1746037,1746000,-0.5,-5.52,8.65,"March 06, 19",-0.0552,DVAX
2019-03-05,9.29,9.56,9.09,9.11,9.11,806142,806100,-0.18,-1.94,9.28,"March 05, 19",-0.0194,DVAX
2019-03-04,9.32,9.42,8.71,9.33,9.33,1642569,1642500,0.01,0.1073,9.15,"March 04, 19",0.001073,DVAX
2019-03-01,9.24,9.36,8.93,9.23,9.23,1086273,1086300,-0.01,-0.10823,9.15,"March 01, 19",-0.0010823,DVAX
2019-02-28,9.45,9.5,8.6001,9.2,9.2,2394576,2394600,-0.25,-2.65,9.04,"February 28, 19",-0.0265,DVAX
2019-02-27,10.35,10.6,9.3,9.55,9.55,3495086,3495000,-0.8,-7.73,9.71,"February 27, 19",-0.0773,DVAX
2019-02-26,10.28,10.92,10.28,10.56,10.56,3790692,3790700,0.28,2.72,10.61,"February 26, 19",0.0272,DVAX
2019-02-25,10.66,10.82,10.2,10.36,10.36,2408277,2408300,-0.3,-2.81,10.42,"February 25, 19",-0.0281,DVAX
2019-02-22,10.66,10.67,10.39,10.47,10.47,1065576,1065600,-0.19,-1.78,10.54,"February 22, 19",-0.0178,DVAX
2019-02-21,10.97,11.1399,10.505,10.59,10.59,1293075,1293100,-0.38,-3.46,10.65,"February 21, 19",-0.0346,DVAX
2019-02-20,11.02,11.19,10.9,10.99,10.99,331164,331200,-0.03,-0.27223,11.0,"February 20, 19",-0.0027223,DVAX
2019-02-19,11.26,11.44,10.9,10.97,10.97,832465,832500,-0.29,-2.58,11.12,"February 19, 19",-0.0258,DVAX
2019-02-15,10.59,11.27,10.53,11.13,11.13,1758058,1758100,0.54,5.1,11.02,"February 15, 19",0.051,DVAX
2019-02-14,10.53,10.68,10.455,10.54,10.54,584365,584400,0.01,0.09496676,10.56,"February 14, 19",0.0009496676,DVAX
2019-02-13,10.6,10.75,10.54,10.58,10.58,400978,401000,-0.02,-0.18868,10.63,"February 13, 19",-0.0018868,DVAX
2019-02-12,10.27,10.64,10.27,10.5,10.5,488350,488400,0.23,2.24,10.51,"February 12, 19",0.0224,DVAX
2019-02-11,10.59,10.59,10.195,10.24,10.24,458848,458800,-0.35,-3.31,10.33,"February 11, 19",-0.0331,DVAX
2019-02-08,10.18,10.61,10.18,10.54,10.54,423598,423600,0.36,3.54,10.48,"February 08, 19",0.0354,DVAX
2019-02-07,10.55,10.58,10.16,10.27,10.27,1001327,1001300,-0.28,-2.65,10.32,"February 07, 19",-0.0265,DVAX
2019-02-06,10.94,11.21,10.52,10.62,10.62,509952,510000,-0.32,-2.93,10.73,"February 06, 19",-0.0293,DVAX
2019-02-05,11.02,11.19,10.56,10.94,10.94,1014595,1014600,-0.08,-0.72595,10.94,"February 05, 19",-0.0072595,DVAX
2019-02-04,10.99,11.12,10.88,11.01,11.01,661378,661400,0.02,0.18198,11.02,"February 04, 19",0.0018198,DVAX
2019-02-01,11.03,11.08,10.75,10.95,10.95,478585,478600,-0.08,-0.72529,10.94,"February 01, 19",-0.0072529,DVAX
2019-01-31,11.03,11.18,10.915,11.02,11.02,602381,602400,-0.01,-0.09066183,11.02,"January 31, 19",-0.0009066183,DVAX
2019-01-30,10.82,11.03,10.73,11.02,11.02,707965,708000,0.2,1.85,10.94,"January 30, 19",0.0185,DVAX
2019-01-29,10.78,10.95,10.645,10.79,10.79,488441,488400,0.01,0.09276438,10.77,"January 29, 19",0.0009276438,DVAX
2019-01-28,10.97,10.97,10.61,10.75,10.75,639479,639500,-0.22,-2.01,10.76,"January 28, 19",-0.0201,DVAX
2019-01-25,10.78,11.12,10.35,11.06,11.06,1302444,1301700,0.28,2.6,10.83,"January 25, 19",0.026,DVAX
2019-01-24,11.18,11.2,10.615,10.69,10.69,776641,776600,-0.49,-4.38,10.84,"January 24, 19",-0.0438,DVAX
2019-01-23,11.7,11.83,11.05,11.22,11.22,566089,566100,-0.48,-4.1,11.28,"January 23, 19",-0.041,DVAX
2019-01-22,11.96,12.05,11.55,11.64,11.64,767424,767400,-0.32,-2.68,11.71,"January 22, 19",-0.0268,DVAX
2019-01-18,12.11,12.29,11.94,12.05,12.05,1071893,1071900,-0.06,-0.49546,12.07,"January 18, 19",-0.0049546,DVAX
2019-01-17,11.99,12.2499,11.84,12.09,12.09,814596,814500,0.1,0.83403,12.07,"January 17, 19",0.0083403,DVAX
2019-01-16,12.05,12.42,11.83,12.01,12.01,1407615,1407600,-0.04,-0.33195,12.1,"January 16, 19",-0.0033195,DVAX
2019-01-15,10.82,12.07,10.82,12.04,12.04,1444695,1444400,1.22,11.28,11.8,"January 15, 19",0.1128,DVAX
2019-01-14,10.96,11.268,10.74,10.8,10.8,812407,812400,-0.16,-1.46,10.89,"January 14, 19",-0.0146,DVAX
2019-01-11,10.4,11.19,10.3748,11.06,11.06,973574,973600,0.66,6.35,10.99,"January 11, 19",0.0635,DVAX
2019-01-10,10.28,10.549,10.1,10.52,10.52,686653,686700,0.24,2.33,10.4,"January 10, 19",0.0233,DVAX
2019-01-09,10.18,10.61,10.18,10.38,10.38,678048,678000,0.2,1.96,10.43,"January 09, 19",0.0196,DVAX
2019-01-08,10.51,10.66,9.84,10.16,10.16,945894,945900,-0.35,-3.33,10.14,"January 08, 19",-0.0333,DVAX
2019-01-07,10.0,10.21,9.83,10.11,10.11,975074,975100,0.11,1.1,10.06,"January 07, 19",0.011,DVAX
2019-01-04,9.21,9.88,9.1,9.81,9.81,1248405,1248400,0.6,6.51,9.71,"January 04, 19",0.0651,DVAX
2019-01-03,9.48,9.5,8.97,9.08,9.08,983369,983400,-0.4,-4.22,9.23,"January 03, 19",-0.0422,DVAX
2019-01-02,8.99,9.6,8.78,9.45,9.45,1324986,1325000,0.46,5.12,9.3,"January 02, 19",0.0512,DVAX
2018-12-31,8.71,9.2,8.61,9.15,9.15,1485296,1485300,0.44,5.05,8.98,"December 31, 18",0.0505,DVAX
2018-12-28,8.64,8.88,8.37,8.63,8.63,1021113,1021100,-0.01,-0.11574,8.67,"December 28, 18",-0.0011574,DVAX
2018-12-27,8.5,8.72,8.12,8.67,8.67,990233,990000,0.17,2.0,8.42,"December 27, 18",0.02,DVAX
2018-12-26,8.59,8.77,8.15,8.67,8.67,1668532,1668500,0.08,0.93132,8.57,"December 26, 18",0.0093132,DVAX
2018-12-24,8.0,8.79,7.85,8.49,8.49,738860,738900,0.49,6.13,8.35,"December 24, 18",0.0613,DVAX
2018-12-21,8.93,9.0,8.12,8.14,8.14,2846496,2846300,-0.79,-8.85,8.26,"December 21, 18",-0.0885,DVAX
2018-12-20,9.3,9.39,8.545,8.85,8.85,2185905,2185900,-0.45,-4.84,8.88,"December 20, 18",-0.0484,DVAX
2018-12-19,9.57,10.04,9.29,9.4,9.4,1604263,1604200,-0.17,-1.78,9.59,"December 19, 18",-0.0178,DVAX
2018-12-18,10.3,10.3206,9.26,9.52,9.52,1068518,1068500,-0.78,-7.57,9.62,"December 18, 18",-0.0757,DVAX
2018-12-17,10.52,10.71,10.07,10.15,10.15,875253,875300,-0.37,-3.52,10.29,"December 17, 18",-0.0352,DVAX
2018-12-14,10.39,10.98,10.39,10.62,10.62,759367,759400,0.23,2.21,10.74,"December 14, 18",0.0221,DVAX
2018-12-13,11.62,11.64,10.4,10.49,10.49,1474648,1474600,-1.13,-9.72,10.77,"December 13, 18",-0.0972,DVAX
2018-12-12,10.98,11.68,10.84,11.64,11.64,814847,814800,0.66,6.01,11.53,"December 12, 18",0.0601,DVAX
2018-12-11,11.0,11.01,10.62,10.82,10.82,406819,406800,-0.18,-1.64,10.8,"December 11, 18",-0.0164,DVAX
2018-12-10,10.58,10.9,10.17,10.87,10.87,775867,775900,0.29,2.74,10.68,"December 10, 18",0.0274,DVAX
2018-12-07,10.61,11.1,10.53,10.54,10.54,841804,841800,-0.07,-0.65975,10.65,"December 07, 18",-0.0065975,DVAX
2018-12-06,10.45,10.76,10.1,10.7,10.7,900664,900700,0.25,2.39,10.54,"December 06, 18",0.0239,DVAX
2018-12-04,11.64,11.65,10.53,10.6,10.6,1166001,1166000,-1.04,-8.93,10.99,"December 04, 18",-0.0893,DVAX
2018-12-03,11.46,11.67,11.06,11.67,11.67,850760,850800,0.21,1.83,11.51,"December 03, 18",0.0183,DVAX
2018-11-30,11.31,11.53,10.6502,11.3,11.3,1199905,1199800,-0.01,-0.08841733,11.09,"November 30, 18",-0.0008841733,DVAX
2018-11-29,12.12,12.38,11.47,11.5,11.5,653437,653400,-0.62,-5.12,11.75,"November 29, 18",-0.0512,DVAX
2018-11-28,12.24,12.285,11.8625,12.22,12.22,657511,657500,-0.02,-0.1634,12.13,"November 28, 18",-0.001634,DVAX
2018-11-27,12.07,12.27,11.78,12.1,12.1,600995,601000,0.03,0.24855,12.06,"November 27, 18",0.0024855,DVAX
2018-11-26,12.25,12.49,11.74,12.2,12.2,489905,489900,-0.05,-0.40816,12.07,"November 26, 18",-0.0040816,DVAX
2018-11-23,11.84,12.33,11.84,12.07,12.07,366438,366400,0.23,1.94,12.17,"November 23, 18",0.0194,DVAX
2018-11-21,11.61,12.01,11.45,11.96,11.96,457139,457100,0.35,3.01,11.89,"November 21, 18",0.0301,DVAX
2018-11-20,11.26,11.93,11.13,11.55,11.55,688060,688100,0.29,2.58,11.62,"November 20, 18",0.0258,DVAX
2018-11-19,12.22,12.22,11.13,11.53,11.53,842310,842300,-0.69,-5.65,11.54,"November 19, 18",-0.0565,DVAX
2018-11-16,11.91,12.34,11.77,12.27,12.27,736263,736300,0.36,3.02,12.17,"November 16, 18",0.0302,DVAX
2018-11-15,11.42,12.16,11.37,12.03,12.03,722839,722600,0.61,5.34,11.91,"November 15, 18",0.0534,DVAX
2018-11-14,11.91,12.216,11.33,11.48,11.48,724609,724600,-0.43,-3.61,11.55,"November 14, 18",-0.0361,DVAX
2018-11-13,12.21,12.44,11.75,11.79,11.79,662874,662900,-0.42,-3.44,12.03,"November 13, 18",-0.0344,DVAX
2018-11-12,12.0,12.66,11.55,12.17,12.17,1370431,1370400,0.17,1.42,12.2,"November 12, 18",0.0142,DVAX
2018-11-09,12.7,12.7706,11.98,12.09,12.09,989392,989400,-0.61,-4.8,12.2,"November 09, 18",-0.048,DVAX
2018-11-08,12.35,13.035,12.15,12.79,12.79,1815271,1814800,0.44,3.56,12.72,"November 08, 18",0.0356,DVAX
2018-11-07,11.72,12.61,11.72,12.07,12.07,1531670,1531700,0.35,2.99,12.15,"November 07, 18",0.0299,DVAX
2018-11-06,10.51,12.24,10.26,11.65,11.65,2145225,2145200,1.14,10.85,11.6,"November 06, 18",0.1085,DVAX
2018-11-05,11.37,11.7,10.91,11.12,11.12,1062001,1062000,-0.25,-2.2,11.23,"November 05, 18",-0.022,DVAX
2018-11-02,10.92,11.46,10.92,11.4,11.4,1032253,1032300,0.48,4.4,11.22,"November 02, 18",0.044,DVAX
2018-11-01,9.92,11.005,9.92,10.83,10.83,1265086,1265100,0.91,9.17,10.72,"November 01, 18",0.0917,DVAX
2018-10-31,10.11,10.52,9.63,9.89,9.89,1520871,1520900,-0.22,-2.18,9.94,"October 31, 18",-0.0218,DVAX
2018-10-30,10.93,11.18,9.99,10.1,10.1,1815229,1815200,-0.83,-7.59,10.3,"October 30, 18",-0.0759,DVAX
2018-10-29,12.16,12.2016,10.77,11.03,11.03,1328419,1328400,-1.13,-9.29,11.47,"October 29, 18",-0.0929,DVAX
2018-10-26,11.94,12.09,11.53,11.98,11.98,1234629,1234600,0.04,0.33501,11.86,"October 26, 18",0.0033501,DVAX
2018-10-25,12.46,13.08,11.9,12.1,12.1,1761102,1761100,-0.36,-2.89,12.3,"October 25, 18",-0.0289,DVAX
2018-10-24,13.5,13.55,12.42,12.44,12.44,3163338,3163000,-1.06,-7.85,12.92,"October 24, 18",-0.0785,DVAX
2018-10-23,11.6,13.5,11.35,13.28,13.28,4254574,4254600,1.68,14.48,12.86,"October 23, 18",0.1448,DVAX
2018-10-22,13.62,13.75,11.45,12.09,12.09,6424968,6425000,-1.53,-11.23,12.17,"October 22, 18",-0.1123,DVAX
2018-10-19,11.36,11.6,10.89,10.89,10.89,934046,934000,-0.47,-4.14,11.13,"October 19, 18",-0.0414,DVAX
2018-10-18,11.71,11.71,11.23,11.37,11.37,526640,526600,-0.34,-2.9,11.39,"October 18, 18",-0.029,DVAX
2018-10-17,11.48,11.8,11.19,11.76,11.76,661666,661600,0.28,2.44,11.54,"October 17, 18",0.0244,DVAX
2018-10-16,11.04,11.58,10.94,11.54,11.54,1202248,1202200,0.5,4.53,11.39,"October 16, 18",0.0453,DVAX
2018-10-15,11.3,11.33,10.85,10.89,10.89,690086,690100,-0.41,-3.63,10.98,"October 15, 18",-0.0363,DVAX
2018-10-12,11.46,11.46,11.075,11.29,11.29,648660,648700,-0.17,-1.48,11.24,"October 12, 18",-0.0148,DVAX
2018-10-11,11.12,11.51,11.03,11.17,11.17,719583,719600,0.05,0.44964,11.24,"October 11, 18",0.0044964,DVAX
2018-10-10,11.12,11.71,11.01,11.25,11.25,1014347,1014300,0.13,1.17,11.41,"October 10, 18",0.0117,DVAX
2018-10-09,11.03,11.92,10.77,11.19,11.19,2605906,2605900,0.16,1.45,11.44,"October 09, 18",0.0145,DVAX
2018-10-08,10.7,11.19,10.4,11.05,11.05,1500428,1500400,0.35,3.27,10.92,"October 08, 18",0.0327,DVAX
2018-10-05,11.03,11.25,10.35,10.61,10.61,1056610,1056600,-0.42,-3.81,10.69,"October 05, 18",-0.0381,DVAX
2018-10-04,11.56,11.6,10.835,11.0,11.0,1088067,1088100,-0.56,-4.84,11.03,"October 04, 18",-0.0484,DVAX
2018-10-03,11.35,11.78,11.01,11.58,11.58,635845,635800,0.23,2.03,11.46,"October 03, 18",0.0203,DVAX
2018-10-02,11.79,11.9408,10.97,11.35,11.35,1406293,1406300,-0.44,-3.73,11.39,"October 02, 18",-0.0373,DVAX
2018-10-01,12.44,12.55,11.74,11.74,11.74,799710,799700,-0.7,-5.63,12.05,"October 01, 18",-0.0563,DVAX
2018-09-28,12.1,12.5,12.0,12.4,12.4,583479,583500,0.3,2.48,12.33,"September 28, 18",0.0248,DVAX
2018-09-27,12.4,12.6256,11.95,12.1,12.1,585857,585900,-0.3,-2.42,12.13,"September 27, 18",-0.0242,DVAX
2018-09-26,12.5,12.7,12.15,12.4,12.4,1086951,1087000,-0.1,-0.8,12.44,"September 26, 18",-0.008,DVAX
2018-09-25,12.35,12.975,12.35,12.4,12.4,1026029,1026000,0.05,0.40486,12.7,"September 25, 18",0.0040486,DVAX
2018-09-24,12.0,12.4,11.9,12.4,12.4,598033,598000,0.4,3.33,12.29,"September 24, 18",0.0333,DVAX
2018-09-21,12.15,12.3,11.809,12.0,12.0,4251870,4251900,-0.15,-1.23,12.0,"September 21, 18",-0.0123,DVAX
2018-09-20,12.05,12.25,11.75,12.2,12.2,493265,493300,0.15,1.24,12.08,"September 20, 18",0.0124,DVAX
2018-09-19,12.2,12.35,11.35,11.95,11.95,852775,852700,-0.25,-2.05,11.97,"September 19, 18",-0.0205,DVAX
2018-09-18,11.85,12.2,11.8,12.2,12.2,560719,560700,0.35,2.95,12.05,"September 18, 18",0.0295,DVAX
2018-09-17,12.0,12.0,11.65,11.85,11.85,655826,655800,-0.15,-1.25,11.84,"September 17, 18",-0.0125,DVAX
2018-09-14,12.05,12.15,11.65,11.95,11.95,847962,848000,-0.1,-0.82988,11.92,"September 14, 18",-0.0082988,DVAX
2018-09-13,12.05,12.23,11.845,12.05,12.05,791663,791700,0.0,0.0,12.03,"September 13, 18",0.0,DVAX
2018-09-12,12.3,12.4,11.95,12.0,12.0,801063,800900,-0.3,-2.44,12.09,"September 12, 18",-0.0244,DVAX
2018-09-11,12.6,12.75,12.2,12.35,12.35,593597,593600,-0.25,-1.98,12.38,"September 11, 18",-0.0198,DVAX
2018-09-10,12.8,13.1,12.55,12.65,12.65,660136,660100,-0.15,-1.17,12.77,"September 10, 18",-0.0117,DVAX
2018-09-07,12.5,13.1,12.3,12.75,12.75,734104,734100,0.25,2.0,12.77,"September 07, 18",0.02,DVAX
2018-09-06,13.1,13.35,12.5577,12.6,12.6,617255,617300,-0.5,-3.82,12.84,"September 06, 18",-0.0382,DVAX
2018-09-05,13.7,13.78,13.0,13.1,13.1,566470,566300,-0.6,-4.38,13.28,"September 05, 18",-0.0438,DVAX
2018-09-04,14.1,14.35,13.5,13.7,13.7,724324,724300,-0.4,-2.84,13.77,"September 04, 18",-0.0284,DVAX
2018-08-31,13.55,14.2,13.45,13.85,13.85,867972,868000,0.3,2.21,13.86,"August 31, 18",0.0221,DVAX
2018-08-30,13.2,13.85,13.05,13.55,13.55,703399,703400,0.35,2.65,13.52,"August 30, 18",0.0265,DVAX
2018-08-29,13.45,13.5,13.1,13.2,13.2,576965,576900,-0.25,-1.86,13.27,"August 29, 18",-0.0186,DVAX
2018-08-28,13.4,13.525,13.2,13.45,13.45,585530,585500,0.05,0.37313,13.43,"August 28, 18",0.0037313,DVAX
2018-08-27,13.25,13.425,13.05,13.4,13.4,747468,747500,0.15,1.13,13.28,"August 27, 18",0.0113,DVAX
2018-08-24,13.3,13.55,12.967,13.2,13.2,428922,428900,-0.1,-0.75188,13.23,"August 24, 18",-0.0075188,DVAX
2018-08-23,13.35,13.6,13.05,13.2,13.2,574662,574700,-0.15,-1.12,13.28,"August 23, 18",-0.0112,DVAX
2018-08-22,12.85,13.5,12.8424,13.45,13.45,700100,700100,0.6,4.67,13.28,"August 22, 18",0.0467,DVAX
2018-08-21,12.3,12.9,12.15,12.8,12.8,799722,799700,0.5,4.07,12.56,"August 21, 18",0.0407,DVAX
2018-08-20,12.6,12.8,12.075,12.2,12.2,1075953,1075900,-0.4,-3.17,12.41,"August 20, 18",-0.0317,DVAX
2018-08-17,12.65,12.725,12.3,12.6,12.6,511072,511100,-0.05,-0.39526,12.54,"August 17, 18",-0.0039526,DVAX
2018-08-16,12.75,12.783,12.25,12.6,12.6,991899,991900,-0.15,-1.18,12.54,"August 16, 18",-0.0118,DVAX
2018-08-15,13.25,13.35,12.7,12.75,12.75,1029147,1029100,-0.5,-3.77,12.85,"August 15, 18",-0.0377,DVAX
2018-08-14,13.35,13.45,13.1,13.3,13.3,617760,617800,-0.05,-0.37453,13.26,"August 14, 18",-0.0037453,DVAX
2018-08-13,13.25,13.45,12.9,13.225,13.23,1129769,1129800,-0.025,-0.18868,13.21,"August 13, 18",-0.0018868,DVAX
2018-08-10,13.3,13.5,13.05,13.3,13.3,409605,409600,0.0,0.0,13.31,"August 10, 18",0.0,DVAX
2018-08-09,13.35,13.675,13.25,13.4,13.4,542315,542300,0.05,0.37453,13.46,"August 09, 18",0.0037453,DVAX
2018-08-08,13.65,13.75,13.25,13.3,13.3,687968,688000,-0.35,-2.56,13.48,"August 08, 18",-0.0256,DVAX
2018-08-07,13.8,13.85,12.9,13.7,13.7,1440103,1440100,-0.1,-0.72464,13.4,"August 07, 18",-0.0072464,DVAX
2018-08-06,13.0,13.3,12.8,12.9,12.9,1111305,1111300,-0.1,-0.76923,13.01,"August 06, 18",-0.0076923,DVAX
2018-08-03,13.45,13.5077,12.9,12.95,12.95,895788,895800,-0.5,-3.72,13.11,"August 03, 18",-0.0372,DVAX
2018-08-02,13.35,13.525,13.25,13.45,13.45,955459,955500,0.1,0.74906,13.4,"August 02, 18",0.0074906,DVAX
2018-08-01,13.45,13.575,13.15,13.45,13.45,982129,982100,0.0,0.0,13.41,"August 01, 18",0.0,DVAX
2018-07-31,13.2,13.9,13.1,13.5,13.5,881294,881300,0.3,2.27,13.51,"July 31, 18",0.0227,DVAX
2018-07-30,13.45,13.475,12.7,13.1,13.1,1521000,1521000,-0.35,-2.6,13.08,"July 30, 18",-0.026,DVAX
2018-07-27,14.05,14.05,13.0641,13.55,13.55,1413212,1413200,-0.5,-3.56,13.52,"July 27, 18",-0.0356,DVAX
2018-07-26,14.0,14.5,13.55,14.0,14.0,1647675,1647700,0.0,0.0,14.04,"July 26, 18",0.0,DVAX
2018-07-25,14.2,14.55,13.85,14.0,14.0,1650699,1648300,-0.2,-1.41,14.11,"July 25, 18",-0.0141,DVAX
2018-07-24,15.55,15.7,14.0,14.3,14.3,2738255,2738300,-1.25,-8.04,14.47,"July 24, 18",-0.0804,DVAX
2018-07-23,15.75,15.85,15.021,15.5,15.5,897748,897700,-0.25,-1.59,15.34,"July 23, 18",-0.0159,DVAX
2018-07-20,15.7,15.95,15.3,15.75,15.75,852539,852500,0.05,0.31847,15.76,"July 20, 18",0.0031847,DVAX
2018-07-19,15.55,16.15,15.525,15.65,15.65,875081,875100,0.1,0.64309,15.81,"July 19, 18",0.0064309,DVAX
2018-07-18,15.6,15.75,15.15,15.65,15.65,484851,484900,0.05,0.32051,15.51,"July 18, 18",0.0032051,DVAX
2018-07-17,14.8,15.65,14.675,15.55,15.55,1076011,1076000,0.75,5.07,15.31,"July 17, 18",0.0507,DVAX
2018-07-16,15.05,15.1,14.6,14.65,14.65,968138,968100,-0.4,-2.66,14.76,"July 16, 18",-0.0266,DVAX
2018-07-13,15.3,15.3,15.0,15.1,15.1,489449,489400,-0.2,-1.31,15.11,"July 13, 18",-0.0131,DVAX
2018-07-12,15.15,15.3,15.0,15.25,15.25,843493,843500,0.1,0.66007,15.21,"July 12, 18",0.0066007,DVAX
2018-07-11,15.0,15.25,14.9,15.1,15.1,627434,627400,0.1,0.66667,15.07,"July 11, 18",0.0066667,DVAX
2018-07-10,15.65,15.775,15.05,15.2,15.2,1171077,1171100,-0.45,-2.88,15.29,"July 10, 18",-0.0288,DVAX
2018-07-09,16.15,16.2,15.45,15.65,15.65,756157,756200,-0.5,-3.1,15.68,"July 09, 18",-0.031,DVAX
2018-07-06,15.7,16.0,15.6,16.0,16.0,682603,682600,0.3,1.91,15.91,"July 06, 18",0.0191,DVAX
2018-07-05,15.45,15.7,15.2,15.625,15.63,496246,496200,0.175,1.13,15.54,"July 05, 18",0.0113,DVAX
2018-07-03,15.6,15.75,15.255,15.45,15.45,475566,475600,-0.15,-0.96154,15.51,"July 03, 18",-0.0096154,DVAX
2018-07-02,15.25,15.6,15.0,15.45,15.45,629177,629200,0.2,1.31,15.37,"July 02, 18",0.0131,DVAX
2018-06-29,15.45,15.8,15.1,15.25,15.25,1397000,1397000,-0.2,-1.29,15.37,"June 29, 18",-0.0129,DVAX
2018-06-28,15.1,15.6,14.75,15.3,15.3,1466176,1466200,0.2,1.32,15.21,"June 28, 18",0.0132,DVAX
2018-06-27,15.7,15.85,15.1,15.15,15.15,1187507,1187500,-0.55,-3.5,15.4,"June 27, 18",-0.035,DVAX
2018-06-26,15.7,16.35,15.505,15.75,15.75,1052572,1052600,0.05,0.31847,15.88,"June 26, 18",0.0031847,DVAX
2018-06-25,15.85,15.9,15.55,15.6,15.6,1063806,1063800,-0.25,-1.58,15.7,"June 25, 18",-0.0158,DVAX
2018-06-22,15.9,16.05,15.6,15.95,15.95,2450049,2450000,0.05,0.31447,15.9,"June 22, 18",0.0031447,DVAX
2018-06-21,16.1,16.2,15.8,15.9,15.9,871059,871100,-0.2,-1.24,15.95,"June 21, 18",-0.0124,DVAX
2018-06-20,15.9,16.15,15.7,15.95,15.95,1024373,1024400,0.05,0.31447,15.95,"June 20, 18",0.0031447,DVAX
2018-06-19,15.8,16.05,15.65,15.9,15.9,1511568,1511600,0.1,0.63291,15.85,"June 19, 18",0.0063291,DVAX
2018-06-18,15.95,16.105,15.8,15.95,15.95,687422,686200,0.0,0.0,15.93,"June 18, 18",0.0,DVAX
2018-06-15,15.85,16.2,15.725,16.15,16.15,2807076,2807100,0.3,1.89,16.1,"June 15, 18",0.0189,DVAX
2018-06-14,16.45,16.45,15.85,15.9,15.9,922527,922500,-0.55,-3.34,16.03,"June 14, 18",-0.0334,DVAX
2018-06-13,16.0,16.65,15.85,16.4,16.4,1621758,1621800,0.4,2.5,16.34,"June 13, 18",0.025,DVAX
2018-06-12,15.7,16.0,15.625,15.95,15.95,1392318,1392300,0.25,1.59,15.89,"June 12, 18",0.0159,DVAX
2018-06-11,15.65,15.905,15.65,15.8,15.8,796854,796900,0.15,0.95847,15.81,"June 11, 18",0.0095847,DVAX
2018-06-08,15.55,15.75,15.3,15.7,15.7,1029051,1029100,0.15,0.96463,15.58,"June 08, 18",0.0096463,DVAX
2018-06-07,15.75,15.9,15.45,15.65,15.65,740015,740000,-0.1,-0.63492,15.63,"June 07, 18",-0.0063492,DVAX
2018-06-06,16.0,16.2,15.325,15.8,15.8,1403329,1403300,-0.2,-1.25,15.65,"June 06, 18",-0.0125,DVAX
2018-06-05,15.55,16.875,15.55,15.95,15.95,2467998,2468000,0.4,2.57,16.23,"June 05, 18",0.0257,DVAX
2018-06-04,16.35,16.4,14.7,15.5,15.5,3545766,3545800,-0.85,-5.2,15.45,"June 04, 18",-0.052,DVAX
2018-06-01,15.85,16.4,15.7,16.2,16.200001,1643688,1643700,0.35,2.21,16.21,"June 01, 18",0.0221,DVAX
2018-05-31,15.85,16.15,15.45,15.8,15.8,1411733,1411700,-0.05,-0.31546,15.72,"May 31, 18",-0.0031546,DVAX
2018-05-30,16.15,16.3,15.7,15.95,15.95,1486059,1486100,-0.2,-1.24,15.92,"May 30, 18",-0.0124,DVAX
2018-05-29,16.85,17.05,15.85,16.0,16.0,1652493,1652500,-0.85,-5.04,16.21,"May 29, 18",-0.0504,DVAX
2018-05-25,16.5,16.8,16.355,16.75,16.75,684937,684800,0.25,1.52,16.63,"May 25, 18",0.0152,DVAX
2018-05-24,16.15,16.45,16.105,16.45,16.450001,911265,911300,0.3,1.86,16.34,"May 24, 18",0.0186,DVAX
2018-05-23,16.7,16.8,16.0,16.1,16.1,1602462,1602500,-0.6,-3.59,16.27,"May 23, 18",-0.0359,DVAX
2018-05-22,16.65,16.8,16.45,16.6,16.6,1103638,1103600,-0.05,-0.3003,16.61,"May 22, 18",-0.003003,DVAX
2018-05-21,17.1,17.25,16.5,16.6,16.6,1751711,1751700,-0.5,-2.92,16.73,"May 21, 18",-0.0292,DVAX
2018-05-18,16.85,17.5,16.45,17.1,17.1,1565701,1565700,0.25,1.48,17.06,"May 18, 18",0.0148,DVAX
2018-05-17,18.15,18.25,15.8,16.7,16.700001,5903847,5903800,-1.45,-7.99,16.76,"May 17, 18",-0.0799,DVAX
2018-05-16,19.1,19.5,18.75,19.35,19.35,1195754,1195800,0.25,1.31,19.19,"May 16, 18",0.0131,DVAX
2018-05-15,19.75,19.85,18.6,18.9,18.9,1179913,1179900,-0.85,-4.3,19.05,"May 15, 18",-0.043,DVAX
2018-05-14,19.5,20.1,19.4388,19.95,19.950001,1497547,1497500,0.45,2.31,19.79,"May 14, 18",0.0231,DVAX
2018-05-11,18.65,19.65,18.55,19.525,19.52,2601479,2601500,0.875,4.69,19.33,"May 11, 18",0.0469,DVAX
2018-05-10,17.0,19.1,16.85,18.75,18.75,5823667,5823700,1.75,10.29,18.24,"May 10, 18",0.1029,DVAX
2018-05-09,16.0,16.5,15.2,16.05,16.049999,2710130,2710100,0.05,0.3125,15.92,"May 09, 18",0.003125,DVAX
2018-05-08,16.8,16.95,16.35,16.6,16.6,926052,926100,-0.2,-1.19,16.6,"May 08, 18",-0.0119,DVAX
2018-05-07,16.4,17.0,16.35,16.9,16.9,868154,868200,0.5,3.05,16.77,"May 07, 18",0.0305,DVAX
2018-05-04,16.3,16.75,16.15,16.4,16.4,1015337,1015300,0.1,0.6135,16.42,"May 04, 18",0.006135,DVAX
2018-05-03,16.8,16.825,16.15,16.25,16.25,1100893,1100900,-0.55,-3.27,16.4,"May 03, 18",-0.0327,DVAX
2018-05-02,17.1,17.1,16.55,16.75,16.75,1264108,1264100,-0.35,-2.05,16.79,"May 02, 18",-0.0205,DVAX
2018-05-01,16.95,17.45,16.4,17.1,17.1,2056508,2056500,0.15,0.88496,16.92,"May 01, 18",0.0088496,DVAX
2018-04-30,18.3,18.305,16.9,16.95,16.950001,1373463,1373500,-1.35,-7.38,17.48,"April 30, 18",-0.0738,DVAX
2018-04-27,18.8,18.8,18.25,18.3,18.299999,1188324,1188300,-0.5,-2.66,18.49,"April 27, 18",-0.0266,DVAX
2018-04-26,18.85,19.325,18.75,18.85,18.85,1030783,1030800,0.0,0.0,19.03,"April 26, 18",0.0,DVAX
2018-04-25,18.15,18.75,17.7,18.65,18.65,920554,920600,0.5,2.75,18.43,"April 25, 18",0.0275,DVAX
2018-04-24,18.45,18.45,17.85,18.1,18.1,811956,812000,-0.35,-1.9,18.09,"April 24, 18",-0.019,DVAX
2018-04-23,18.45,18.6,17.55,18.45,18.450001,1412727,1412700,0.0,0.0,18.12,"April 23, 18",0.0,DVAX
2018-04-20,18.6,18.725,17.8,18.075,18.08,1292675,1292700,-0.525,-2.82,18.14,"April 20, 18",-0.0282,DVAX
2018-04-19,19.5,19.695,18.35,18.7,18.700001,1912474,1912500,-0.8,-4.1,18.76,"April 19, 18",-0.041,DVAX
2018-04-18,20.1,20.55,19.6,19.7,19.700001,1557601,1557600,-0.4,-1.99,20.01,"April 18, 18",-0.0199,DVAX
2018-04-17,19.1,20.25,18.5,20.1,20.1,2820558,2820400,1.0,5.24,19.57,"April 17, 18",0.0524,DVAX
2018-04-16,22.45,22.8,18.35,18.85,18.85,5471641,5471600,-3.6,-16.04,20.26,"April 16, 18",-0.1604,DVAX
2018-04-13,20.75,20.95,19.575,19.75,19.75,1233459,1233500,-1.0,-4.82,20.09,"April 13, 18",-0.0482,DVAX
2018-04-12,20.15,21.105,19.95,20.75,20.75,2043851,2043900,0.6,2.98,20.72,"April 12, 18",0.0298,DVAX
2018-04-11,19.4,20.2,19.288,20.1,20.1,1257453,1257500,0.7,3.61,19.96,"April 11, 18",0.0361,DVAX
2018-04-10,18.8,19.6,18.45,19.55,19.549999,1502384,1501000,0.75,3.99,19.22,"April 10, 18",0.0399,DVAX
2018-04-09,18.85,19.1,18.4,18.6,18.6,1112295,1112100,-0.25,-1.33,18.72,"April 09, 18",-0.0133,DVAX
2018-04-06,19.3,19.3,18.35,18.55,18.549999,1251942,1251900,-0.75,-3.89,18.69,"April 06, 18",-0.0389,DVAX
2018-04-05,19.6,19.6,18.8,19.4,19.4,1014824,1014800,-0.2,-1.02,19.19,"April 05, 18",-0.0102,DVAX
2018-04-04,18.05,19.65,17.75,19.55,19.549999,1518546,1518500,1.5,8.31,19.06,"April 04, 18",0.0831,DVAX
2018-04-03,19.05,19.05,18.0,18.3,18.299999,1308998,1309000,-0.75,-3.94,18.35,"April 03, 18",-0.0394,DVAX
2018-04-02,19.7,20.6,18.6947,18.8,18.799999,2156762,2156800,-0.9,-4.57,19.2,"April 02, 18",-0.0457,DVAX
2018-03-29,19.75,20.6,19.75,19.85,19.85,1605838,1605800,0.1,0.50633,20.07,"March 29, 18",0.0050633,DVAX
2018-03-28,19.85,20.4,19.055,19.65,19.65,1878182,1878200,-0.2,-1.01,19.72,"March 28, 18",-0.0101,DVAX
2018-03-27,19.2,20.3,18.85,19.9,19.9,3167403,3167400,0.7,3.65,19.81,"March 27, 18",0.0365,DVAX
2018-03-26,18.65,19.2,18.25,19.2,19.200001,2110480,2110500,0.55,2.95,18.78,"March 26, 18",0.0295,DVAX
2018-03-23,18.5,19.15,18.475,18.5,18.5,1799301,1799300,0.0,0.0,18.69,"March 23, 18",0.0,DVAX
2018-03-22,18.2,19.05,18.038,18.5,18.5,2605566,2605600,0.3,1.65,18.53,"March 22, 18",0.0165,DVAX
2018-03-21,17.45,18.5,17.0,18.4,18.4,1682341,1682300,0.95,5.44,18.09,"March 21, 18",0.0544,DVAX
2018-03-20,16.75,17.7,16.6,17.45,17.450001,1492251,1492300,0.7,4.18,17.29,"March 20, 18",0.0418,DVAX
2018-03-19,16.2,16.75,16.125,16.7,16.700001,1183025,1182600,0.5,3.09,16.47,"March 19, 18",0.0309,DVAX
2018-03-16,16.35,16.675,16.15,16.4,16.4,2160312,2160300,0.05,0.30581,16.38,"March 16, 18",0.0030581,DVAX
2018-03-15,16.3,16.8,16.25,16.45,16.450001,1331587,1331600,0.15,0.92025,16.5,"March 15, 18",0.0092025,DVAX
2018-03-14,16.35,16.595,16.1,16.2,16.200001,1038657,1038700,-0.15,-0.91743,16.27,"March 14, 18",-0.0091743,DVAX
2018-03-13,16.8,16.825,16.05,16.3,16.299999,1562236,1561800,-0.5,-2.98,16.33,"March 13, 18",-0.0298,DVAX
2018-03-12,17.55,17.6,16.2936,16.85,16.85,2326630,2326600,-0.7,-3.99,16.79,"March 12, 18",-0.0399,DVAX
2018-03-09,18.05,18.1,17.2,17.55,17.549999,1060901,1060900,-0.5,-2.77,17.64,"March 09, 18",-0.0277,DVAX
2018-03-08,17.35,18.2,16.25,18.0,18.0,2970094,2970100,0.65,3.75,17.22,"March 08, 18",0.0375,DVAX
2018-03-07,17.2,17.6,16.9,17.6,17.6,874720,874300,0.4,2.33,17.39,"March 07, 18",0.0233,DVAX
2018-03-06,16.95,17.4,16.55,17.3,17.299999,844807,844800,0.35,2.06,17.11,"March 06, 18",0.0206,DVAX
2018-03-05,16.6,17.1,16.5,17.05,17.049999,804650,804700,0.45,2.71,16.92,"March 05, 18",0.0271,DVAX
2018-03-02,15.95,16.7,15.8,16.55,16.549999,1190125,1189700,0.6,3.76,16.39,"March 02, 18",0.0376,DVAX
2018-03-01,16.1,16.35,15.6,16.05,16.049999,1915649,1915000,-0.05,-0.31056,15.99,"March 01, 18",-0.0031056,DVAX
2018-02-28,17.35,17.65,16.05,16.15,16.15,1321854,1321900,-1.2,-6.92,16.64,"February 28, 18",-0.0692,DVAX
2018-02-27,17.65,17.85,17.4,17.4,17.4,748148,748100,-0.25,-1.42,17.56,"February 27, 18",-0.0142,DVAX
2018-02-26,17.75,17.95,17.35,17.75,17.75,1247181,1247200,0.0,0.0,17.68,"February 26, 18",0.0,DVAX
2018-02-23,17.4,18.1,17.2,17.75,17.75,1358076,1357700,0.35,2.01,17.67,"February 23, 18",0.0201,DVAX
2018-02-22,17.5,18.05,17.225,17.35,17.35,1411551,1411600,-0.15,-0.85714,17.65,"February 22, 18",-0.0085714,DVAX
2018-02-21,17.7,18.05,17.175,17.4,17.4,1582538,1582500,-0.3,-1.69,17.54,"February 21, 18",-0.0169,DVAX
2018-02-20,17.5,18.5,16.85,17.25,17.25,1907205,1907200,-0.25,-1.43,17.36,"February 20, 18",-0.0143,DVAX
2018-02-16,17.15,17.4,17.05,17.225,17.23,714117,714100,0.075,0.43732,17.2,"February 16, 18",0.0043732,DVAX
2018-02-15,16.85,17.205,16.65,17.05,17.049999,658751,658800,0.2,1.19,17.02,"February 15, 18",0.0119,DVAX
2018-02-14,16.4,17.3,15.9,16.8,16.799999,1339141,1339100,0.4,2.44,16.83,"February 14, 18",0.0244,DVAX
2018-02-13,16.9,17.25,16.6,17.2,17.200001,429206,429200,0.3,1.78,16.99,"February 13, 18",0.0178,DVAX
2018-02-12,16.7,17.075,16.05,16.95,16.950001,925131,925100,0.25,1.5,16.65,"February 12, 18",0.015,DVAX
2018-02-09,17.15,17.4,15.55,16.65,16.65,1762069,1762100,-0.5,-2.92,16.44,"February 09, 18",-0.0292,DVAX
2018-02-08,17.85,18.05,17.0,17.0,17.0,1249171,1249200,-0.85,-4.76,17.33,"February 08, 18",-0.0476,DVAX
2018-02-07,18.1,18.1,17.4,17.75,17.75,1189357,1189400,-0.35,-1.93,17.77,"February 07, 18",-0.0193,DVAX
2018-02-06,17.0,18.15,16.85,18.05,18.049999,1695844,1695800,1.05,6.18,17.65,"February 06, 18",0.0618,DVAX
2018-02-05,17.45,18.15,17.0,17.3,17.299999,2005206,2005200,-0.15,-0.8596,17.48,"February 05, 18",-0.008596,DVAX
2018-02-02,16.3,17.75,16.05,17.45,17.450001,1806938,1806900,1.15,7.06,17.12,"February 02, 18",0.0706,DVAX
2018-02-01,16.1,16.8,15.95,16.45,16.450001,786006,786000,0.35,2.17,16.43,"February 01, 18",0.0217,DVAX
2018-01-31,16.5,16.75,16.05,16.1,16.1,838069,838100,-0.4,-2.42,16.26,"January 31, 18",-0.0242,DVAX
2018-01-30,16.7,17.0,16.15,16.4,16.4,921263,921300,-0.3,-1.8,16.54,"January 30, 18",-0.018,DVAX
2018-01-29,17.15,17.5,16.6,16.8,16.799999,1002612,1002600,-0.35,-2.04,17.02,"January 29, 18",-0.0204,DVAX
2018-01-26,18.15,18.275,17.2,17.3,17.299999,847337,847300,-0.85,-4.68,17.55,"January 26, 18",-0.0468,DVAX
2018-01-25,17.45,18.35,17.3,18.1,18.1,1218976,1219000,0.65,3.72,17.95,"January 25, 18",0.0372,DVAX
2018-01-24,17.25,17.65,16.8,17.35,17.35,1324761,1324800,0.1,0.57971,17.24,"January 24, 18",0.0057971,DVAX
2018-01-23,17.05,17.85,17.0,17.65,17.65,1831071,1831100,0.6,3.52,17.48,"January 23, 18",0.0352,DVAX
2018-01-22,16.5,17.2,16.05,17.0,17.0,2799417,2799400,0.5,3.03,16.89,"January 22, 18",0.0303,DVAX
2018-01-19,15.4,16.05,15.3,15.65,15.65,1019054,1019100,0.25,1.62,15.77,"January 19, 18",0.0162,DVAX
2018-01-18,15.6,15.7252,15.15,15.425,15.43,1045909,1045900,-0.175,-1.12,15.45,"January 18, 18",-0.0112,DVAX
2018-01-17,15.05,15.925,15.0,15.675,15.68,2879751,2879700,0.625,4.15,15.52,"January 17, 18",0.0415,DVAX
2018-01-16,15.7,15.775,14.65,14.65,14.65,2687403,2687400,-1.05,-6.69,14.98,"January 16, 18",-0.0669,DVAX
2018-01-12,16.1,16.2,15.1,15.75,15.75,2564586,2564600,-0.35,-2.17,15.55,"January 12, 18",-0.0217,DVAX
2018-01-11,16.85,17.0,15.85,16.05,16.049999,2921154,2921200,-0.8,-4.75,16.13,"January 11, 18",-0.0475,DVAX
2018-01-10,17.35,17.5,16.55,16.85,16.85,2504008,2504000,-0.5,-2.88,16.88,"January 10, 18",-0.0288,DVAX
2018-01-09,17.9,18.25,17.25,17.55,17.549999,1279633,1279600,-0.35,-1.96,17.6,"January 09, 18",-0.0196,DVAX
2018-01-08,18.8,18.85,17.75,17.8,17.799999,1393097,1393100,-1.0,-5.32,17.99,"January 08, 18",-0.0532,DVAX
2018-01-05,18.0,18.55,18.0,18.5,18.5,836868,836800,0.5,2.78,18.33,"January 05, 18",0.0278,DVAX
2018-01-04,18.6,18.845,17.85,18.0,18.0,1063784,1063800,-0.6,-3.23,18.11,"January 04, 18",-0.0323,DVAX
2018-01-03,18.8,19.115,18.5,18.65,18.65,747219,746800,-0.15,-0.79787,18.73,"January 03, 18",-0.0079787,DVAX
2018-01-02,18.75,19.15,18.3,18.8,18.799999,944363,944400,0.05,0.26667,18.79,"January 02, 18",0.0026667,DVAX
2017-12-29,19.4,19.5,18.605,18.7,18.700001,1489237,1489200,-0.7,-3.61,18.86,"December 29, 17",-0.0361,DVAX
2017-12-28,19.05,19.5502,19.0,19.3,19.299999,800601,800600,0.25,1.31,19.27,"December 28, 17",0.0131,DVAX
2017-12-27,19.25,19.5,18.95,19.2,19.200001,692634,692600,-0.05,-0.25974,19.25,"December 27, 17",-0.0025974,DVAX
2017-12-26,18.8,19.5,18.3,19.45,19.450001,1176192,1175400,0.65,3.46,19.04,"December 26, 17",0.0346,DVAX
2017-12-22,18.2,18.855,17.95,18.8,18.799999,1157240,1157200,0.6,3.3,18.6,"December 22, 17",0.033,DVAX
2017-12-21,18.0,18.65,17.9,18.3,18.299999,1002390,1002200,0.3,1.67,18.32,"December 21, 17",0.0167,DVAX
2017-12-20,18.5,18.795,17.9,18.1,18.1,848173,848000,-0.4,-2.16,18.17,"December 20, 17",-0.0216,DVAX
2017-12-19,18.85,19.4,18.5,18.5,18.5,1059005,1059000,-0.35,-1.86,18.85,"December 19, 17",-0.0186,DVAX
2017-12-18,19.4,19.4,18.4,18.8,18.799999,1007433,1007000,-0.6,-3.09,18.76,"December 18, 17",-0.0309,DVAX
2017-12-15,18.85,19.65,18.65,19.25,19.25,3652272,3652300,0.4,2.12,19.22,"December 15, 17",0.0212,DVAX
2017-12-14,18.9,19.5,18.475,18.75,18.75,949044,948900,-0.15,-0.79365,18.88,"December 14, 17",-0.0079365,DVAX
2017-12-13,17.7,19.275,17.7,19.0,19.0,1341143,1341100,1.3,7.34,18.69,"December 13, 17",0.0734,DVAX
2017-12-12,18.6,18.675,17.65,17.75,17.75,1587913,1587900,-0.85,-4.57,17.96,"December 12, 17",-0.0457,DVAX
2017-12-11,18.45,18.925,18.1,18.6,18.6,764210,763600,0.15,0.81301,18.58,"December 11, 17",0.0081301,DVAX
2017-12-08,17.75,18.35,17.7,18.3,18.299999,906795,906800,0.55,3.1,18.1,"December 08, 17",0.031,DVAX
2017-12-07,17.4,18.0,17.2394,17.65,17.65,1001249,1001200,0.25,1.44,17.71,"December 07, 17",0.0144,DVAX
2017-12-06,17.2,17.55,16.9,17.3,17.299999,1138819,1138300,0.1,0.5814,17.22,"December 06, 17",0.005814,DVAX
2017-12-05,17.7,18.05,16.85,17.4,17.4,1687976,1688000,-0.3,-1.69,17.41,"December 05, 17",-0.0169,DVAX
2017-12-04,18.6,18.9657,17.7,17.75,17.75,1014576,1014600,-0.85,-4.57,18.16,"December 04, 17",-0.0457,DVAX
2017-12-01,19.85,20.0,18.0,18.4,18.4,1909064,1909100,-1.45,-7.3,18.8,"December 01, 17",-0.073,DVAX
2017-11-30,19.55,20.05,19.4,20.0,20.0,1602053,1602100,0.45,2.3,19.92,"November 30, 17",0.023,DVAX
2017-11-29,19.6,20.2,19.15,19.5,19.5,1976953,1977000,-0.1,-0.5102,19.66,"November 29, 17",-0.005102,DVAX
2017-11-28,18.45,19.9,18.1,19.55,19.549999,1757245,1757200,1.1,5.96,19.16,"November 28, 17",0.0596,DVAX
2017-11-27,18.3,18.65,18.05,18.3,18.299999,949516,949500,0.0,0.0,18.29,"November 27, 17",0.0,DVAX
2017-11-24,18.65,18.75,18.3,18.55,18.549999,511262,511000,-0.1,-0.53619,18.54,"November 24, 17",-0.0053619,DVAX
2017-11-22,18.4,18.7,18.1,18.55,18.549999,1034971,1035000,0.15,0.81522,18.37,"November 22, 17",0.0081522,DVAX
2017-11-21,17.95,18.5,17.4876,18.4,18.4,1471856,1471900,0.45,2.51,18.11,"November 21, 17",0.0251,DVAX
2017-11-20,18.35,18.5598,17.405,17.7,17.700001,1847276,1847300,-0.65,-3.54,17.74,"November 20, 17",-0.0354,DVAX
2017-11-17,18.45,18.65,17.95,18.25,18.25,1534688,1534700,-0.2,-1.08,18.21,"November 17, 17",-0.0108,DVAX
2017-11-16,17.95,18.8,17.855,18.45,18.450001,1868849,1868800,0.5,2.79,18.46,"November 16, 17",0.0279,DVAX
2017-11-15,18.15,18.15,17.3,17.85,17.85,1894215,1894200,-0.3,-1.65,17.66,"November 15, 17",-0.0165,DVAX
2017-11-14,17.7,18.55,17.25,18.125,18.129999,3739420,3739400,0.425,2.4,17.83,"November 14, 17",0.024,DVAX
2017-11-13,20.2,20.2129,18.2,18.35,18.35,4069732,4069700,-1.85,-9.16,18.72,"November 13, 17",-0.0916,DVAX
2017-11-10,22.15,22.25,18.6,20.25,20.25,9768150,9768200,-1.9,-8.58,20.53,"November 10, 17",-0.0858,DVAX
2017-11-09,21.2,21.75,19.875,20.05,20.049999,3501211,3501200,-1.15,-5.42,21.08,"November 09, 17",-0.0542,DVAX
2017-11-08,22.0,22.05,20.8,20.85,20.85,2056992,2057000,-1.15,-5.23,21.26,"November 08, 17",-0.0523,DVAX
2017-11-07,23.2,23.3,21.8,21.95,21.950001,1747972,1748000,-1.25,-5.39,22.34,"November 07, 17",-0.0539,DVAX
2017-11-06,22.0,23.85,22.0,23.2,23.200001,3167947,3167900,1.2,5.45,23.28,"November 06, 17",0.0545,DVAX
2017-11-03,21.95,22.7,21.125,21.6,21.6,1454286,1454300,-0.35,-1.59,21.63,"November 03, 17",-0.0159,DVAX
2017-11-02,21.05,21.85,20.75,21.8,21.799999,1260220,1260200,0.75,3.56,21.54,"November 02, 17",0.0356,DVAX
2017-11-01,22.15,22.2,20.55,21.0,21.0,1761165,1761200,-1.15,-5.19,21.08,"November 01, 17",-0.0519,DVAX
2017-10-31,22.5,23.0,21.95,22.0,22.0,994613,994600,-0.5,-2.22,22.28,"October 31, 17",-0.0222,DVAX
2017-10-30,21.7,22.55,21.65,22.25,22.25,1158860,1158900,0.55,2.53,22.16,"October 30, 17",0.0253,DVAX
2017-10-27,20.35,21.9,20.35,21.7,21.700001,1588947,1588900,1.35,6.63,21.4,"October 27, 17",0.0663,DVAX
2017-10-26,20.35,20.65,20.04,20.25,20.25,1088804,1088800,-0.1,-0.4914,20.33,"October 26, 17",-0.004914,DVAX
2017-10-25,20.25,20.65,20.05,20.4,20.4,952615,952600,0.15,0.74074,20.35,"October 25, 17",0.0074074,DVAX
2017-10-24,20.0,20.75,19.95,20.15,20.15,1307155,1307200,0.15,0.75,20.29,"October 24, 17",0.0075,DVAX
2017-10-23,20.4,20.4,19.85,19.95,19.950001,1096991,1097000,-0.45,-2.21,20.06,"October 23, 17",-0.0221,DVAX
2017-10-20,20.95,21.15,20.25,20.4,20.4,787295,787300,-0.55,-2.63,20.53,"October 20, 17",-0.0263,DVAX
2017-10-19,20.4,20.975,20.1,20.85,20.85,1279138,1279100,0.45,2.21,20.74,"October 19, 17",0.0221,DVAX
2017-10-18,21.2,21.2,20.05,20.4,20.4,1330102,1330100,-0.8,-3.77,20.44,"October 18, 17",-0.0377,DVAX
2017-10-17,22.1,22.1,20.6,21.175,21.18,1864340,1864300,-0.925,-4.19,21.13,"October 17, 17",-0.0419,DVAX
2017-10-16,21.2,22.4,19.65,22.3,22.299999,3909328,3909300,1.1,5.19,21.04,"October 16, 17",0.0519,DVAX
2017-10-13,22.5,22.6,21.7,21.9,21.9,1415484,1415500,-0.6,-2.67,22.12,"October 13, 17",-0.0267,DVAX
2017-10-12,22.95,23.15,22.3,22.45,22.450001,1229195,1229200,-0.5,-2.18,22.6,"October 12, 17",-0.0218,DVAX
2017-10-11,23.1,23.15,22.7795,23.05,23.049999,1344751,1344800,-0.05,-0.21645,23.01,"October 11, 17",-0.0021645,DVAX
2017-10-10,23.4,23.5,22.65,23.15,23.15,994445,994400,-0.25,-1.07,22.99,"October 10, 17",-0.0107,DVAX
2017-10-09,23.2,23.5,22.45,23.25,23.25,1158494,1158500,0.05,0.21552,23.0,"October 09, 17",0.0021552,DVAX
2017-10-06,24.0,24.25,23.0,23.1,23.1,1653228,1653200,-0.9,-3.75,23.44,"October 06, 17",-0.0375,DVAX
2017-10-05,24.0,24.45,23.525,24.075,24.08,1625346,1624500,0.075,0.3125,24.01,"October 05, 17",0.003125,DVAX
2017-10-04,23.2,24.0,22.85,23.95,23.950001,1904506,1904500,0.75,3.23,23.56,"October 04, 17",0.0323,DVAX
2017-10-03,23.25,23.55,22.7,23.2,23.200001,2201308,2201000,-0.05,-0.21505,23.16,"October 03, 17",-0.0021505,DVAX
2017-10-02,22.65,23.675,22.05,23.25,23.25,3618947,3618900,0.6,2.65,23.14,"October 02, 17",0.0265,DVAX
2017-09-29,21.35,21.725,20.9,21.5,21.5,1549264,1549300,0.15,0.70258,21.44,"September 29, 17",0.0070258,DVAX
2017-09-28,20.85,21.625,20.6,21.25,21.25,1945168,1945200,0.4,1.92,21.3,"September 28, 17",0.0192,DVAX
2017-09-27,20.6,21.05,20.3,20.65,20.65,1130689,1130700,0.05,0.24272,20.66,"September 27, 17",0.0024272,DVAX
2017-09-26,20.95,21.15,20.175,20.6,20.6,1250859,1250900,-0.35,-1.67,20.57,"September 26, 17",-0.0167,DVAX
2017-09-25,20.65,21.45,20.4,21.05,21.049999,1486108,1486100,0.4,1.94,20.98,"September 25, 17",0.0194,DVAX
2017-09-22,20.8,21.0,20.25,20.5,20.5,918876,918800,-0.3,-1.44,20.54,"September 22, 17",-0.0144,DVAX
2017-09-21,21.1,21.35,20.75,20.8,20.799999,966307,966300,-0.3,-1.42,21.01,"September 21, 17",-0.0142,DVAX
2017-09-20,20.8,21.05,20.65,21.05,21.049999,1286034,1286000,0.25,1.2,20.92,"September 20, 17",0.012,DVAX
2017-09-19,20.8,21.0,20.5,20.85,20.85,763012,763000,0.05,0.24038,20.77,"September 19, 17",0.0024038,DVAX
2017-09-18,21.0,21.05,20.3694,20.75,20.75,1164329,1164300,-0.25,-1.19,20.71,"September 18, 17",-0.0119,DVAX
2017-09-15,20.75,20.995,20.0,20.8,20.799999,6485206,6485200,0.05,0.24096,20.75,"September 15, 17",0.0024096,DVAX
2017-09-14,20.65,21.2,20.5,20.65,20.65,1339253,1339300,0.0,0.0,20.81,"September 14, 17",0.0,DVAX
2017-09-13,20.1,21.5,19.8,20.6,20.6,2120868,2130900,0.5,2.49,20.87,"September 13, 17",0.0249,DVAX
2017-09-12,21.45,21.562,19.3,20.2,20.200001,3058915,3058900,-1.25,-5.83,20.03,"September 12, 17",-0.0583,DVAX
2017-09-11,20.0,21.85,20.0,21.15,21.15,3697932,3697900,1.15,5.75,21.11,"September 11, 17",0.0575,DVAX
2017-09-08,19.6,20.15,19.3,19.6,19.6,1589426,1590000,0.0,0.0,19.66,"September 08, 17",0.0,DVAX
2017-09-07,19.1,19.8,19.05,19.55,19.549999,1450442,1450400,0.45,2.36,19.52,"September 07, 17",0.0236,DVAX
2017-09-06,18.65,19.4,18.5,19.05,19.049999,1831423,1831400,0.4,2.14,19.0,"September 06, 17",0.0214,DVAX
2017-09-05,17.95,18.55,17.7,18.45,18.450001,1410071,1406300,0.5,2.79,18.11,"September 05, 17",0.0279,DVAX
2017-09-01,18.15,18.3,17.55,17.95,17.950001,1168101,1167500,-0.2,-1.1,17.9,"September 01, 17",-0.011,DVAX
2017-08-31,17.4,18.4,17.3,17.95,17.950001,2167090,2167100,0.55,3.16,17.89,"August 31, 17",0.0316,DVAX
2017-08-30,17.1,17.484,17.05,17.2,17.200001,1221953,1222000,0.1,0.5848,17.28,"August 30, 17",0.005848,DVAX
2017-08-29,17.0,17.35,16.8,17.0,17.0,1129588,1129600,0.0,0.0,17.04,"August 29, 17",0.0,DVAX
2017-08-28,17.2,17.3,16.875,17.25,17.25,977436,977400,0.05,0.2907,17.09,"August 28, 17",0.002907,DVAX
2017-08-25,17.25,17.6,16.75,16.8,16.799999,1032493,1032500,-0.45,-2.61,17.1,"August 25, 17",-0.0261,DVAX
2017-08-24,16.25,17.25,16.05,17.2,17.200001,1825658,1825700,0.95,5.85,16.79,"August 24, 17",0.0585,DVAX
2017-08-23,16.1,16.35,15.95,16.2,16.200001,839791,839800,0.1,0.62112,16.17,"August 23, 17",0.0062112,DVAX
2017-08-22,15.95,16.395,15.7,16.15,16.15,970754,970800,0.2,1.25,16.1,"August 22, 17",0.0125,DVAX
2017-08-21,16.25,16.35,15.7,15.85,15.85,1140747,1140700,-0.4,-2.46,15.89,"August 21, 17",-0.0246,DVAX
2017-08-18,16.35,16.6,16.15,16.2,16.200001,1419090,1419100,-0.15,-0.91743,16.37,"August 18, 17",-0.0091743,DVAX
2017-08-17,16.55,16.7,16.3,16.4,16.4,1157032,1177800,-0.15,-0.90634,16.5,"August 17, 17",-0.0090634,DVAX
2017-08-16,16.25,17.05,16.2,16.65,16.65,1966408,1966400,0.4,2.46,16.63,"August 16, 17",0.0246,DVAX
2017-08-15,16.45,16.55,15.905,16.2,16.200001,1596486,1596500,-0.25,-1.52,16.14,"August 15, 17",-0.0152,DVAX
2017-08-14,16.6,16.85,16.35,16.45,16.450001,1652193,1652200,-0.15,-0.90361,16.54,"August 14, 17",-0.0090361,DVAX
2017-08-11,15.95,16.65,15.95,16.3,16.299999,2572043,2572000,0.35,2.19,16.28,"August 11, 17",0.0219,DVAX
2017-08-10,15.95,16.2,15.2,15.85,15.85,10309739,10309700,-0.1,-0.62696,15.71,"August 10, 17",-0.0062696,DVAX
2017-08-09,17.75,18.25,16.9,17.2,17.200001,3851432,3851400,-0.55,-3.1,17.49,"August 09, 17",-0.031,DVAX
2017-08-08,18.45,19.6,17.9,18.65,18.65,4320367,4320400,0.2,1.08,18.77,"August 08, 17",0.0108,DVAX
2017-08-07,16.6,18.7,16.255,18.4,18.4,5867875,5867900,1.8,10.84,17.75,"August 07, 17",0.1084,DVAX
2017-08-04,16.1,16.975,16.0,16.55,16.549999,5861168,5976200,0.45,2.8,16.55,"August 04, 17",0.028,DVAX
2017-08-03,16.6,17.15,16.25,17.0,17.0,5861246,5861200,0.4,2.41,16.63,"August 03, 17",0.0241,DVAX
2017-08-02,15.9,16.55,14.8,16.05,16.049999,6638061,6638100,0.15,0.9434,15.76,"August 02, 17",0.009434,DVAX
2017-08-01,16.25,16.277,14.6,15.2,15.2,6953547,6953500,-1.05,-6.46,15.21,"August 01, 17",-0.0646,DVAX
2017-07-31,16.95,17.2,15.35,15.85,15.85,23118164,23118200,-1.1,-6.49,16.21,"July 31, 17",-0.0649,DVAX
2017-07-28,9.25,9.25,9.25,9.25,9.25,3,1704900,0.0,0.0,9.25,"July 28, 17",0.0,DVAX
2017-07-27,10.1,10.125,8.9,9.25,9.25,6214778,6214800,-0.85,-8.42,9.37,"July 27, 17",-0.0842,DVAX
2017-07-26,8.95,10.75,8.15,10.4,10.4,10707889,10707900,1.45,16.2,9.92,"July 26, 17",0.162,DVAX
2017-07-25,10.75,10.8,9.7,9.9,9.9,3407882,3407900,-0.85,-7.91,10.09,"July 25, 17",-0.0791,DVAX
2017-07-24,9.75,10.65,9.7,10.65,10.65,3849335,3849300,0.9,9.23,10.2,"July 24, 17",0.0923,DVAX
2017-07-21,9.65,9.85,9.45,9.6,9.6,1124340,1124300,-0.05,-0.51813,9.64,"July 21, 17",-0.0051813,DVAX
2017-07-20,9.4,9.85,9.35,9.55,9.55,1637160,1637200,0.15,1.6,9.65,"July 20, 17",0.016,DVAX
2017-07-19,9.75,9.8,9.25,9.4,9.4,1192267,1192300,-0.35,-3.59,9.42,"July 19, 17",-0.0359,DVAX
2017-07-18,9.9,10.05,9.35,9.6,9.6,1193416,1193400,-0.3,-3.03,9.61,"July 18, 17",-0.0303,DVAX
2017-07-17,9.8,10.4,9.75,9.8,9.8,1855000,1855000,0.0,0.0,10.03,"July 17, 17",0.0,DVAX
2017-07-14,9.4,9.9,9.3,9.7,9.7,1334133,1334100,0.3,3.19,9.64,"July 14, 17",0.0319,DVAX
2017-07-13,9.1,9.575,8.925,9.35,9.35,889516,889500,0.25,2.75,9.24,"July 13, 17",0.0275,DVAX
2017-07-12,9.3,9.4,9.0,9.15,9.15,925857,925900,-0.15,-1.61,9.13,"July 12, 17",-0.0161,DVAX
2017-07-11,9.0,9.4,8.7,9.2,9.2,1518341,1518300,0.2,2.22,9.14,"July 11, 17",0.0222,DVAX
2017-07-10,9.8,9.85,8.85,9.0,9.0,2151079,2151100,-0.8,-8.16,9.16,"July 10, 17",-0.0816,DVAX
2017-07-07,9.6,9.9,9.55,9.8,9.8,800016,800000,0.2,2.08,9.77,"July 07, 17",0.0208,DVAX
2017-07-06,9.55,9.75,9.35,9.6,9.6,1098073,1098100,0.05,0.52356,9.54,"July 06, 17",0.0052356,DVAX
2017-07-05,9.95,10.1,9.6,9.6,9.6,1700654,1700700,-0.35,-3.52,9.78,"July 05, 17",-0.0352,DVAX
2017-07-03,9.6,10.0,9.6,9.9,9.9,668925,668600,0.3,3.13,9.9,"July 03, 17",0.0313,DVAX
2017-06-30,10.0,10.025,9.5,9.65,9.65,1420928,1420900,-0.35,-3.5,9.65,"June 30, 17",-0.035,DVAX
2017-06-29,10.2,10.45,9.95,10.0,10.0,1300942,1300900,-0.2,-1.96,10.13,"June 29, 17",-0.0196,DVAX
2017-06-28,10.15,10.3,9.85,10.15,10.15,1930824,1930800,0.0,0.0,10.11,"June 28, 17",0.0,DVAX
2017-06-27,10.4,10.5293,9.9,10.0,10.0,2308285,2308300,-0.4,-3.85,10.17,"June 27, 17",-0.0385,DVAX
2017-06-26,10.3,10.7,10.0,10.35,10.35,3275636,3275600,0.05,0.48544,10.43,"June 26, 17",0.0048544,DVAX
2017-06-23,9.75,10.0,9.5,9.95,9.95,2697182,2697200,0.2,2.05,9.87,"June 23, 17",0.0205,DVAX
2017-06-22,9.45,10.055,9.4,9.7,9.7,3024618,3024600,0.25,2.65,9.73,"June 22, 17",0.0265,DVAX
2017-06-21,9.05,9.4,8.7,9.35,9.35,3134458,3134500,0.3,3.31,9.06,"June 21, 17",0.0331,DVAX
2017-06-20,8.4,8.95,8.275,8.85,8.85,2630939,2630900,0.45,5.36,8.77,"June 20, 17",0.0536,DVAX
2017-06-19,8.05,8.575,7.95,8.3,8.3,2455054,2455100,0.25,3.11,8.3,"June 19, 17",0.0311,DVAX
2017-06-16,7.55,7.925,7.55,7.85,7.85,1634773,1634800,0.3,3.97,7.77,"June 16, 17",0.0397,DVAX
2017-06-15,7.8,7.95,7.4,7.65,7.65,1710040,1709200,-0.15,-1.92,7.63,"June 15, 17",-0.0192,DVAX
2017-06-14,7.8,7.85,7.5,7.85,7.85,1009121,1009100,0.05,0.64103,7.72,"June 14, 17",0.0064103,DVAX
2017-06-13,8.05,8.325,7.7,7.75,7.75,2049293,2049300,-0.3,-3.73,8.02,"June 13, 17",-0.0373,DVAX
2017-06-12,7.4,7.9,7.2,7.9,7.9,2082604,2082600,0.5,6.76,7.61,"June 12, 17",0.0676,DVAX
2017-06-09,7.15,7.5,7.0,7.2,7.2,2437617,2437600,0.05,0.6993,7.26,"June 09, 17",0.006993,DVAX
2017-06-08,7.05,7.1,6.9,7.1,7.1,1090653,1090200,0.05,0.70922,7.04,"June 08, 17",0.0070922,DVAX
2017-06-07,7.2,7.2,6.75,7.0,7.0,2315732,2315700,-0.2,-2.78,6.96,"June 07, 17",-0.0278,DVAX
2017-06-06,6.8,7.15,6.6,7.0,7.0,4799360,4799400,0.2,2.94,6.95,"June 06, 17",0.0294,DVAX
2017-06-05,7.5,7.8,6.7,6.9,6.9,13291210,13291200,-0.6,-8.0,7.11,"June 05, 17",-0.08,DVAX
2017-06-02,5.7,6.0,5.6,5.9,5.9,1562426,1562400,0.2,3.51,6.21,"June 02, 17",0.0351,DVAX
2017-06-01,5.55,5.7,5.375,5.65,5.65,675890,675900,0.1,1.8,5.58,"June 01, 17",0.018,DVAX
2017-05-31,5.65,5.65,5.35,5.5,5.5,659112,658600,-0.15,-2.65,5.49,"May 31, 17",-0.0265,DVAX
2017-05-30,5.7,5.8,5.5,5.6,5.6,557288,557300,-0.1,-1.75,5.63,"May 30, 17",-0.0175,DVAX
2017-05-26,5.75,5.79,5.55,5.7,5.7,1131272,1131300,-0.05,-0.86957,5.65,"May 26, 17",-0.0086957,DVAX
2017-05-25,5.6,5.6,5.5,5.55,5.55,194982,194300,-0.05,-0.89286,5.53,"May 25, 17",-0.0089286,DVAX
2017-05-24,5.65,5.65,5.5,5.55,5.55,339567,339600,-0.1,-1.77,5.55,"May 24, 17",-0.0177,DVAX
2017-05-23,5.5,5.633,5.4,5.6,5.6,442730,442700,0.1,1.82,5.56,"May 23, 17",0.0182,DVAX
2017-05-22,5.5,5.6,5.35,5.5,5.5,596338,596300,0.0,0.0,5.45,"May 22, 17",0.0,DVAX
2017-05-19,5.55,5.625,5.4,5.5,5.5,356136,356100,-0.05,-0.9009,5.51,"May 19, 17",-0.009009,DVAX
2017-05-18,5.5,5.725,5.5,5.6,5.6,685270,685300,0.1,1.82,5.6,"May 18, 17",0.0182,DVAX
2017-05-17,5.55,5.65,5.45,5.55,5.55,481128,481100,0.0,0.0,5.55,"May 17, 17",0.0,DVAX
2017-05-16,5.6,5.625,5.5,5.6,5.6,338431,338400,0.0,0.0,5.57,"May 16, 17",0.0,DVAX
2017-05-15,5.65,5.7,5.55,5.6,5.6,751575,751600,-0.05,-0.88496,5.61,"May 15, 17",-0.0088496,DVAX
2017-05-12,5.5,5.65,5.4,5.6,5.6,894776,894800,0.1,1.82,5.56,"May 12, 17",0.0182,DVAX
2017-05-11,5.55,5.625,5.45,5.55,5.55,607211,607200,0.0,0.0,5.53,"May 11, 17",0.0,DVAX
2017-05-10,5.5,5.65,5.45,5.6,5.6,610885,610900,0.1,1.82,5.56,"May 10, 17",0.0182,DVAX
2017-05-09,5.4,5.75,5.35,5.55,5.55,746670,746700,0.15,2.78,5.56,"May 09, 17",0.0278,DVAX
2017-05-08,5.3,5.5,5.15,5.4,5.4,635640,635000,0.1,1.89,5.31,"May 08, 17",0.0189,DVAX
2017-05-05,5.5,5.575,5.35,5.5,5.5,442980,443000,0.0,0.0,5.47,"May 05, 17",0.0,DVAX
2017-05-04,5.55,5.6,5.35,5.5,5.5,350233,350000,-0.05,-0.9009,5.47,"May 04, 17",-0.009009,DVAX
2017-05-03,5.45,5.6,5.4,5.5,5.5,384837,384800,0.05,0.91743,5.49,"May 03, 17",0.0091743,DVAX
2017-05-02,5.55,5.6,5.3,5.5,5.5,805547,805500,-0.05,-0.9009,5.46,"May 02, 17",-0.009009,DVAX
2017-05-01,5.6,5.625,5.5,5.55,5.55,316621,316600,-0.05,-0.89286,5.56,"May 01, 17",-0.0089286,DVAX
2017-04-28,5.7,5.7,5.45,5.55,5.55,617313,617300,-0.15,-2.63,5.57,"April 28, 17",-0.0263,DVAX
2017-04-27,5.8,5.8,5.5,5.65,5.65,817748,817700,-0.15,-2.59,5.64,"April 27, 17",-0.0259,DVAX
2017-04-26,5.8,5.95,5.65,5.75,5.75,1052136,1052100,-0.05,-0.86207,5.81,"April 26, 17",-0.0086207,DVAX
2017-04-25,5.7,5.9,5.6,5.8,5.8,1510256,1510300,0.1,1.75,5.76,"April 25, 17",0.0175,DVAX
2017-04-24,5.65,5.725,5.505,5.65,5.65,1688911,1688800,0.0,0.0,5.63,"April 24, 17",0.0,DVAX
2017-04-21,5.6,5.7,5.4,5.6,5.6,609935,609900,0.0,0.0,5.55,"April 21, 17",0.0,DVAX
2017-04-20,5.7,5.75,5.55,5.6,5.6,948670,948700,-0.1,-1.75,5.62,"April 20, 17",-0.0175,DVAX
2017-04-19,5.6,5.75,5.475,5.65,5.65,957685,957700,0.05,0.89286,5.62,"April 19, 17",0.0089286,DVAX
2017-04-18,5.55,5.625,5.35,5.55,5.55,1011333,1011200,0.0,0.0,5.49,"April 18, 17",0.0,DVAX
2017-04-17,5.6,5.7,5.5,5.55,5.55,1596163,1596200,-0.05,-0.89286,5.6,"April 17, 17",-0.0089286,DVAX
2017-04-13,5.45,5.65,5.45,5.6,5.6,1100189,1100200,0.15,2.75,5.57,"April 13, 17",0.0275,DVAX
2017-04-12,5.2,5.5,5.15,5.45,5.45,759502,759500,0.25,4.81,5.4,"April 12, 17",0.0481,DVAX
2017-04-11,5.2,5.35,5.05,5.2,5.2,633339,633100,0.0,0.0,5.18,"April 11, 17",0.0,DVAX
2017-04-10,5.3,5.5,5.175,5.25,5.25,749953,749900,-0.05,-0.9434,5.34,"April 10, 17",-0.009434,DVAX
2017-04-07,5.35,5.35,5.1,5.25,5.25,1275558,1275600,-0.1,-1.87,5.21,"April 07, 17",-0.0187,DVAX
2017-04-06,5.15,5.4,5.0,5.35,5.35,1668876,1668900,0.2,3.88,5.17,"April 06, 17",0.0388,DVAX
2017-04-05,5.45,5.55,5.15,5.15,5.15,1750610,1750600,-0.3,-5.5,5.34,"April 05, 17",-0.055,DVAX
2017-04-04,5.8,5.8,5.4,5.5,5.5,1790812,1790800,-0.3,-5.17,5.61,"April 04, 17",-0.0517,DVAX
2017-04-03,6.4,6.5,5.75,5.85,5.85,2376402,2376400,-0.55,-8.59,5.95,"April 03, 17",-0.0859,DVAX
2017-03-31,6.05,6.1,5.9,5.95,5.95,1291275,1291300,-0.1,-1.65,5.98,"March 31, 17",-0.0165,DVAX
2017-03-30,6.05,6.125,5.95,6.05,6.05,1050299,1050300,0.0,0.0,6.04,"March 30, 17",0.0,DVAX
2017-03-29,6.0,6.25,6.0,6.05,6.05,999863,999900,0.05,0.83333,6.1,"March 29, 17",0.0083333,DVAX
2017-03-28,6.1,6.125,5.9,6.0,6.0,596329,596300,-0.1,-1.64,5.97,"March 28, 17",-0.0164,DVAX
2017-03-27,5.9,6.23,5.85,6.05,6.05,1507872,1507900,0.15,2.54,6.1,"March 27, 17",0.0254,DVAX
2017-03-24,6.0,6.0,5.875,6.0,6.0,669969,670000,0.0,0.0,5.97,"March 24, 17",0.0,DVAX
2017-03-23,5.85,6.0,5.75,5.95,5.95,674857,674400,0.1,1.71,5.92,"March 23, 17",0.0171,DVAX
2017-03-22,5.7,5.9,5.55,5.8,5.8,542815,542800,0.1,1.75,5.76,"March 22, 17",0.0175,DVAX
2017-03-21,5.95,6.1,5.65,5.65,5.65,830014,830000,-0.3,-5.04,5.8,"March 21, 17",-0.0504,DVAX
2017-03-20,5.75,6.125,5.6,6.0,6.0,1012417,1012400,0.25,4.35,5.86,"March 20, 17",0.0435,DVAX
2017-03-17,5.85,6.0,5.75,5.75,5.75,778275,778300,-0.1,-1.71,5.82,"March 17, 17",-0.0171,DVAX
2017-03-16,5.8,6.025,5.75,5.9,5.9,564621,564600,0.1,1.72,5.92,"March 16, 17",0.0172,DVAX
2017-03-15,5.85,5.85,5.65,5.75,5.75,638564,638600,-0.1,-1.71,5.77,"March 15, 17",-0.0171,DVAX
2017-03-14,6.0,6.05,5.65,5.75,5.75,1038125,1038100,-0.25,-4.17,5.73,"March 14, 17",-0.0417,DVAX
2017-03-13,6.0,6.6,5.85,6.0,6.0,1331504,1331500,0.0,0.0,6.08,"March 13, 17",0.0,DVAX
2017-03-10,5.95,6.0,5.795,5.9,5.9,690260,690300,-0.05,-0.84034,5.9,"March 10, 17",-0.0084034,DVAX
2017-03-09,5.85,6.025,5.75,5.9,5.9,636539,635900,0.05,0.8547,5.92,"March 09, 17",0.008547,DVAX
2017-03-08,5.8,6.05,5.7,5.85,5.85,1058710,1058100,0.05,0.86207,5.93,"March 08, 17",0.0086207,DVAX
2017-03-07,5.9,6.05,5.65,5.85,5.85,1212466,1212300,-0.05,-0.84746,5.87,"March 07, 17",-0.0084746,DVAX
2017-03-06,6.15,6.316,5.85,5.95,5.95,1326270,1326300,-0.2,-3.25,5.99,"March 06, 17",-0.0325,DVAX
2017-03-03,6.4,6.65,5.85,6.25,6.25,3054220,3053500,-0.15,-2.34,6.16,"March 03, 17",-0.0234,DVAX
2017-03-02,6.7,7.15,6.225,6.45,6.45,4853056,4853100,-0.25,-3.73,6.68,"March 02, 17",-0.0373,DVAX
2017-03-01,6.2,7.45,5.95,6.9,6.9,20196615,20196600,0.7,11.29,6.76,"March 01, 17",0.1129,DVAX
2017-02-28,4.35,4.6,4.25,4.5,4.5,2020770,2020800,0.15,3.45,4.86,"February 28, 17",0.0345,DVAX
2017-02-27,4.0,4.4,4.0,4.4,4.4,872392,872400,0.4,10.0,4.28,"February 27, 17",0.1,DVAX
2017-02-24,3.95,4.1,3.95,4.05,4.05,568370,568400,0.1,2.53,4.04,"February 24, 17",0.0253,DVAX
2017-02-23,4.0,4.15,3.9,3.95,3.95,1597119,1597100,-0.05,-1.25,4.0,"February 23, 17",-0.0125,DVAX
2017-02-22,3.9,4.1,3.9,4.0,4.0,2032220,2032200,0.1,2.56,4.01,"February 22, 17",0.0256,DVAX
2017-02-21,4.0,4.05,3.9,3.95,3.95,702736,702700,-0.05,-1.25,3.97,"February 21, 17",-0.0125,DVAX
2017-02-17,4.1,4.1,3.95,4.0,4.0,448696,448700,-0.1,-2.44,4.02,"February 17, 17",-0.0244,DVAX
2017-02-16,4.1,4.2,4.05,4.075,4.08,505985,506000,-0.025,-0.60976,4.1,"February 16, 17",-0.0060976,DVAX
2017-02-15,4.05,4.2,4.0,4.1,4.1,998588,998600,0.05,1.23,4.11,"February 15, 17",0.0123,DVAX
2017-02-14,4.0,4.1,3.95,4.05,4.05,665271,665300,0.05,1.25,4.04,"February 14, 17",0.0125,DVAX
2017-02-13,4.0,4.05,3.95,4.0,4.0,445361,445400,0.0,0.0,3.99,"February 13, 17",0.0,DVAX
2017-02-10,4.0,4.05,3.95,4.0,4.0,407681,407100,0.0,0.0,4.0,"February 10, 17",0.0,DVAX
2017-02-09,4.0,4.05,3.95,4.0,4.0,493820,493800,0.0,0.0,4.01,"February 09, 17",0.0,DVAX
2017-02-08,3.95,4.0,3.8,4.0,4.0,424878,424900,0.05,1.27,3.92,"February 08, 17",0.0127,DVAX
2017-02-07,4.1,4.1,3.95,3.95,3.95,312288,312300,-0.15,-3.66,4.02,"February 07, 17",-0.0366,DVAX
2017-02-06,4.0,4.15,3.95,4.1,4.1,945372,945400,0.1,2.5,4.05,"February 06, 17",0.025,DVAX
2017-02-03,4.0,4.05,3.9,4.0,4.0,371646,371600,0.0,0.0,4.01,"February 03, 17",0.0,DVAX
2017-02-02,3.95,4.1,3.95,4.0,4.0,465824,465200,0.05,1.27,4.0,"February 02, 17",0.0127,DVAX
2017-02-01,4.1,4.15,3.95,4.0,4.0,498813,498800,-0.1,-2.44,4.06,"February 01, 17",-0.0244,DVAX
2017-01-31,3.85,4.125,3.7,4.1,4.1,1475435,1475400,0.25,6.49,3.99,"January 31, 17",0.0649,DVAX
2017-01-30,3.9,3.9,3.75,3.85,3.85,573311,572600,-0.05,-1.28,3.81,"January 30, 17",-0.0128,DVAX
2017-01-27,3.95,4.0,3.755,3.9,3.9,935469,935500,-0.05,-1.27,3.91,"January 27, 17",-0.0127,DVAX
2017-01-26,3.9,3.95,3.75,3.8,3.8,726065,726100,-0.1,-2.56,3.83,"January 26, 17",-0.0256,DVAX
2017-01-25,4.1,4.125,3.8,3.95,3.95,1567895,1567900,-0.15,-3.66,3.93,"January 25, 17",-0.0366,DVAX
2017-01-24,4.15,4.1619,3.95,4.05,4.05,680615,680600,-0.1,-2.41,4.03,"January 24, 17",-0.0241,DVAX
2017-01-23,4.2,4.3,4.05,4.15,4.15,1000420,999800,-0.05,-1.19,4.16,"January 23, 17",-0.0119,DVAX
2017-01-20,4.25,4.3,4.175,4.25,4.25,528066,528100,0.0,0.0,4.25,"January 20, 17",0.0,DVAX
2017-01-19,4.3,4.3,4.2,4.2,4.2,647275,647300,-0.1,-2.33,4.25,"January 19, 17",-0.0233,DVAX
2017-01-18,4.35,4.375,4.25,4.35,4.35,564709,564700,0.0,0.0,4.32,"January 18, 17",0.0,DVAX
2017-01-17,4.35,4.4,4.25,4.3,4.3,851467,851500,-0.05,-1.15,4.29,"January 17, 17",-0.0115,DVAX
2017-01-13,4.3,4.45,4.25,4.35,4.35,1165270,1165300,0.05,1.16,4.39,"January 13, 17",0.0116,DVAX
2017-01-12,4.25,4.45,4.2,4.3,4.3,1166116,1165600,0.05,1.18,4.35,"January 12, 17",0.0118,DVAX
2017-01-11,4.3,4.4,4.1,4.25,4.25,1068430,1068000,-0.05,-1.16,4.27,"January 11, 17",-0.0116,DVAX
2017-01-10,4.35,4.45,4.2,4.3,4.3,823812,823800,-0.05,-1.15,4.31,"January 10, 17",-0.0115,DVAX
2017-01-09,4.3,4.45,4.2,4.3,4.3,771334,771300,0.0,0.0,4.33,"January 09, 17",0.0,DVAX
2017-01-06,4.2,4.45,4.15,4.25,4.25,1332639,1331900,0.05,1.19,4.35,"January 06, 17",0.0119,DVAX
2017-01-05,4.45,4.45,3.9,4.2,4.2,1771917,1771300,-0.25,-5.62,4.14,"January 05, 17",-0.0562,DVAX
2017-01-04,4.1,4.45,3.95,4.4,4.4,1032818,1032800,0.3,7.32,4.27,"January 04, 17",0.0732,DVAX
2017-01-03,4.0,4.05,3.85,4.05,4.05,1026213,1026200,0.05,1.25,3.96,"January 03, 17",0.0125,DVAX
2016-12-30,4.05,4.1,3.9,3.95,3.95,1073829,1073600,-0.1,-2.47,3.96,"December 30, 16",-0.0247,DVAX
2016-12-29,3.95,4.15,3.9,4.1,4.1,1466425,1466400,0.15,3.8,4.01,"December 29, 16",0.038,DVAX
2016-12-28,4.05,4.2,3.95,3.95,3.95,643377,643400,-0.1,-2.47,4.02,"December 28, 16",-0.0247,DVAX
2016-12-27,4.1,4.2,4.0105,4.1,4.1,909089,909100,0.0,0.0,4.09,"December 27, 16",0.0,DVAX
2016-12-23,4.05,4.2,4.0,4.1,4.1,1129540,1128800,0.05,1.23,4.1,"December 23, 16",0.0123,DVAX
2016-12-22,4.15,4.25,4.05,4.05,4.05,885306,885300,-0.1,-2.41,4.12,"December 22, 16",-0.0241,DVAX
2016-12-21,4.2,4.375,4.1,4.15,4.15,702777,702200,-0.05,-1.19,4.23,"December 21, 16",-0.0119,DVAX
2016-12-20,4.45,4.6,4.15,4.2,4.2,1226282,1225900,-0.25,-5.62,4.32,"December 20, 16",-0.0562,DVAX
2016-12-19,4.45,4.7,4.3,4.4,4.4,2331612,2331400,-0.05,-1.12,4.49,"December 19, 16",-0.0112,DVAX
2016-12-16,4.1,4.5,4.05,4.4,4.4,3076263,3076300,0.3,7.32,4.37,"December 16, 16",0.0732,DVAX
2016-12-15,3.9,4.1,3.8,4.1,4.1,1649542,1649500,0.2,5.13,4.0,"December 15, 16",0.0513,DVAX
2016-12-14,4.15,4.2,3.9,3.9,3.9,1042862,1042900,-0.25,-6.02,3.97,"December 14, 16",-0.0602,DVAX
2016-12-13,4.55,4.55,4.0,4.1,4.1,2303276,2303300,-0.45,-9.89,4.22,"December 13, 16",-0.0989,DVAX
2016-12-12,4.6,4.75,4.45,4.45,4.45,1588478,1588500,-0.15,-3.26,4.57,"December 12, 16",-0.0326,DVAX
2016-12-09,4.8,5.0,4.6,4.65,4.65,1921000,1921000,-0.15,-3.12,4.78,"December 09, 16",-0.0312,DVAX
2016-12-08,5.0,5.2,4.8,4.8,4.8,2405831,2405800,-0.2,-4.0,4.91,"December 08, 16",-0.04,DVAX
2016-12-07,5.1,5.15,4.75,5.0,5.0,2128538,2128500,-0.1,-1.96,4.97,"December 07, 16",-0.0196,DVAX
2016-12-06,5.1,5.4,4.85,5.2,5.2,2109272,2109300,0.1,1.96,5.14,"December 06, 16",0.0196,DVAX
2016-12-05,4.75,5.175,4.75,5.15,5.15,2064785,2064800,0.4,8.42,5.02,"December 05, 16",0.0842,DVAX
2016-12-02,4.35,4.8,4.25,4.7,4.7,1487495,1487500,0.35,8.05,4.67,"December 02, 16",0.0805,DVAX
2016-12-01,4.4,4.5,4.15,4.35,4.35,1492871,1492900,-0.05,-1.14,4.31,"December 01, 16",-0.0114,DVAX
2016-11-30,4.8,4.9,4.3,4.3,4.3,2152221,2152200,-0.5,-10.42,4.44,"November 30, 16",-0.1042,DVAX
2016-11-29,4.6,4.9,4.55,4.75,4.75,1267633,1267600,0.15,3.26,4.72,"November 29, 16",0.0326,DVAX
2016-11-28,4.9,5.0,4.55,4.6,4.6,1651861,1651900,-0.3,-6.12,4.69,"November 28, 16",-0.0612,DVAX
2016-11-25,4.9,5.0,4.8,5.0,5.0,658110,658100,0.1,2.04,4.9,"November 25, 16",0.0204,DVAX
2016-11-23,5.1,5.1,4.8,4.85,4.85,2109572,2109600,-0.25,-4.9,4.91,"November 23, 16",-0.049,DVAX
2016-11-22,4.8,5.3,4.75,5.2,5.2,3223630,3223600,0.4,8.33,5.13,"November 22, 16",0.0833,DVAX
2016-11-21,4.7,4.85,4.6,4.75,4.75,1708079,1707900,0.05,1.06,4.7,"November 21, 16",0.0106,DVAX
2016-11-18,4.5,4.85,4.4,4.7,4.7,2090983,2091000,0.2,4.44,4.66,"November 18, 16",0.0444,DVAX
2016-11-17,4.6,4.6,4.3,4.5,4.5,2111461,2111500,-0.1,-2.17,4.46,"November 17, 16",-0.0217,DVAX
2016-11-16,4.65,4.75,4.5,4.6,4.6,2773546,2773500,-0.05,-1.08,4.63,"November 16, 16",-0.0108,DVAX
2016-11-15,4.15,4.8,3.95,4.75,4.75,8571526,8571500,0.6,14.46,4.47,"November 15, 16",0.1446,DVAX
2016-11-14,3.25,4.7,3.2,4.1,4.1,29120722,29120700,0.85,26.15,4.0,"November 14, 16",0.2615,DVAX
2016-11-11,11.25,11.8,11.2,11.6,11.6,1133476,1133500,0.35,3.11,11.58,"November 11, 16",0.0311,DVAX
2016-11-10,11.6,12.05,11.25,11.3,11.3,1216511,1216500,-0.3,-2.59,11.55,"November 10, 16",-0.0259,DVAX
2016-11-09,10.45,11.5,10.1,11.35,11.35,1707374,1707400,0.9,8.61,11.21,"November 09, 16",0.0861,DVAX
2016-11-08,10.1,10.8,9.8,10.4,10.4,1390706,1390700,0.3,2.97,10.43,"November 08, 16",0.0297,DVAX
2016-11-07,9.8,10.35,9.5,10.15,10.15,888948,888900,0.35,3.57,10.08,"November 07, 16",0.0357,DVAX
2016-11-04,9.2,10.03,9.2,9.75,9.75,1135215,1135200,0.55,5.98,9.73,"November 04, 16",0.0598,DVAX
2016-11-03,9.85,9.85,9.0,9.2,9.2,896892,896800,-0.65,-6.6,9.33,"November 03, 16",-0.066,DVAX
2016-11-02,9.55,9.95,9.55,9.75,9.75,577344,577300,0.2,2.09,9.76,"November 02, 16",0.0209,DVAX
2016-11-01,9.2,9.7,9.15,9.6,9.6,899035,899000,0.4,4.35,9.39,"November 01, 16",0.0435,DVAX
2016-10-31,9.65,9.7306,9.25,9.25,9.25,815087,815100,-0.4,-4.15,9.33,"October 31, 16",-0.0415,DVAX
2016-10-28,9.95,9.95,9.35,9.6,9.6,862575,862100,-0.35,-3.52,9.56,"October 28, 16",-0.0352,DVAX
2016-10-27,10.1,10.4,9.7,9.95,9.95,885253,884600,-0.15,-1.49,9.94,"October 27, 16",-0.0149,DVAX
2016-10-26,10.55,10.775,10.0,10.05,10.05,940792,940800,-0.5,-4.74,10.26,"October 26, 16",-0.0474,DVAX
2016-10-25,10.05,10.25,9.8,10.15,10.15,879923,879900,0.1,0.99502,10.02,"October 25, 16",0.0099502,DVAX
2016-10-24,10.45,10.6,10.05,10.05,10.05,740455,740200,-0.4,-3.83,10.21,"October 24, 16",-0.0383,DVAX
2016-10-21,10.65,10.75,10.25,10.4,10.4,714420,714400,-0.25,-2.35,10.46,"October 21, 16",-0.0235,DVAX
2016-10-20,10.35,10.875,10.25,10.7,10.7,652445,652400,0.35,3.38,10.69,"October 20, 16",0.0338,DVAX
2016-10-19,10.4,10.9,10.2,10.4,10.4,776228,776200,0.0,0.0,10.52,"October 19, 16",0.0,DVAX
2016-10-18,10.4,10.7,10.1,10.35,10.35,911791,911700,-0.05,-0.48077,10.4,"October 18, 16",-0.0048077,DVAX
2016-10-17,10.55,10.55,10.05,10.15,10.15,739321,739300,-0.4,-3.79,10.2,"October 17, 16",-0.0379,DVAX
2016-10-14,10.87,10.8754,10.31,10.37,10.37,758424,758400,-0.5,-4.6,10.47,"October 14, 16",-0.046,DVAX
2016-10-13,10.55,10.89,10.41,10.82,10.82,844267,844300,0.27,2.56,10.72,"October 13, 16",0.0256,DVAX
2016-10-12,10.44,11.47,10.26,10.66,10.66,1880636,1879900,0.22,2.11,10.85,"October 12, 16",0.0211,DVAX
2016-10-11,11.1,11.2,10.41,10.48,10.48,946462,945700,-0.62,-5.59,10.61,"October 11, 16",-0.0559,DVAX
2016-10-10,10.95,11.41,10.935,11.0,11.0,1022117,1022100,0.05,0.45662,11.15,"October 10, 16",0.0045662,DVAX
2016-10-07,11.07,11.29,10.55,10.82,10.82,1491879,1491900,-0.25,-2.26,10.87,"October 07, 16",-0.0226,DVAX
2016-10-06,11.04,11.149,10.6,10.77,10.77,1263206,1263200,-0.27,-2.45,10.79,"October 06, 16",-0.0245,DVAX
2016-10-05,10.89,11.28,10.615,11.18,11.18,1502221,1502200,0.29,2.66,11.02,"October 05, 16",0.0266,DVAX
2016-10-04,12.45,12.48,10.665,10.87,10.87,4274234,4273700,-1.58,-12.69,11.47,"October 04, 16",-0.1269,DVAX
2016-10-03,11.2,13.23,11.11,12.48,12.48,5843348,5843300,1.28,11.43,12.47,"October 03, 16",0.1143,DVAX
2016-09-30,10.34,10.62,10.11,10.49,10.49,1303825,1303800,0.15,1.45,10.39,"September 30, 16",0.0145,DVAX
2016-09-29,11.13,11.2681,10.298,10.33,10.33,1683994,1684000,-0.8,-7.19,10.55,"September 29, 16",-0.0719,DVAX
2016-09-28,10.89,11.34,10.67,11.14,11.14,2006501,2006500,0.25,2.3,10.96,"September 28, 16",0.023,DVAX
2016-09-27,11.08,11.199,10.73,10.91,10.91,1343689,1343700,-0.17,-1.53,10.92,"September 27, 16",-0.0153,DVAX
2016-09-26,11.3,11.4088,11.015,11.06,11.06,1488064,1487600,-0.24,-2.12,11.15,"September 26, 16",-0.0212,DVAX
2016-09-23,11.64,11.803,11.395,11.41,11.41,868866,868500,-0.23,-1.98,11.51,"September 23, 16",-0.0198,DVAX
2016-09-22,11.77,12.0017,11.5,11.62,11.62,964337,964300,-0.15,-1.27,11.61,"September 22, 16",-0.0127,DVAX
2016-09-21,12.03,12.1842,11.5,11.67,11.67,1396038,1396000,-0.36,-2.99,11.7,"September 21, 16",-0.0299,DVAX
2016-09-20,12.34,12.38,12.0,12.0,12.0,726583,726600,-0.34,-2.76,12.11,"September 20, 16",-0.0276,DVAX
2016-09-19,12.03,12.6,11.87,12.11,12.11,1312706,1312700,0.08,0.665,12.21,"September 19, 16",0.00665,DVAX
2016-09-16,11.81,11.98,11.61,11.95,11.95,1191236,1191200,0.14,1.19,11.85,"September 16, 16",0.0119,DVAX
2016-09-15,11.38,12.22,11.28,11.93,11.93,1930310,1893300,0.55,4.83,11.93,"September 15, 16",0.0483,DVAX
2016-09-14,11.62,11.92,11.47,11.59,11.59,665854,665100,-0.03,-0.25818,11.61,"September 14, 16",-0.0025818,DVAX
2016-09-13,12.09,12.13,11.26,11.59,11.59,1233872,1233900,-0.5,-4.14,11.56,"September 13, 16",-0.0414,DVAX
2016-09-12,11.77,12.29,11.7,12.19,12.19,1465423,1465400,0.42,3.57,12.03,"September 12, 16",0.0357,DVAX
2016-09-09,12.34,12.54,11.78,11.86,11.86,2644138,3503700,-0.48,-3.89,11.97,"September 09, 16",-0.0389,DVAX
2016-09-08,12.92,12.95,12.36,12.4,12.4,2265212,2265200,-0.52,-4.02,12.57,"September 08, 16",-0.0402,DVAX
2016-09-07,13.98,14.1,12.53,12.86,12.86,4485065,4505600,-1.12,-8.01,13.17,"September 07, 16",-0.0801,DVAX
2016-09-06,13.46,14.42,13.13,14.0,14.0,10889031,10889000,0.54,4.01,13.71,"September 06, 16",0.0401,DVAX
2016-09-02,16.01,16.19,10.14,10.91,10.91,15822144,15822100,-5.1,-31.86,11.68,"September 02, 16",-0.3186,DVAX
2016-09-01,15.75,16.03,15.51,15.94,15.94,416746,416700,0.19,1.21,15.79,"September 01, 16",0.0121,DVAX
2016-08-31,16.2,16.425,15.4,15.66,15.66,632717,632700,-0.54,-3.33,15.71,"August 31, 16",-0.0333,DVAX
2016-08-30,16.27,16.68,16.15,16.28,16.280001,280407,280400,0.01,0.06146281,16.41,"August 30, 16",0.0006146281,DVAX
2016-08-29,16.34,16.575,15.99,16.29,16.290001,204121,203300,-0.05,-0.306,16.24,"August 29, 16",-0.00306,DVAX
2016-08-26,16.12,16.51,15.9,16.27,16.27,349613,349600,0.15,0.93052,16.18,"August 26, 16",0.0093052,DVAX
2016-08-25,16.07,16.59,15.7907,16.1,16.1,689299,689300,0.03,0.18668,16.17,"August 25, 16",0.0018668,DVAX
2016-08-24,16.82,17.5,15.951,16.04,16.040001,822964,823000,-0.78,-4.64,16.64,"August 24, 16",-0.0464,DVAX
2016-08-23,16.77,16.98,16.52,16.85,16.85,481931,481900,0.08,0.47704,16.89,"August 23, 16",0.0047704,DVAX
2016-08-22,16.4,16.75,16.07,16.74,16.74,528986,529000,0.34,2.07,16.59,"August 22, 16",0.0207,DVAX
2016-08-19,16.07,16.43,15.83,16.24,16.24,545330,545300,0.17,1.06,16.21,"August 19, 16",0.0106,DVAX
2016-08-18,15.57,16.21,15.51,16.16,16.16,335493,335500,0.59,3.79,15.99,"August 18, 16",0.0379,DVAX
2016-08-17,15.94,16.09,15.54,15.63,15.63,804029,803300,-0.31,-1.94,15.7,"August 17, 16",-0.0194,DVAX
2016-08-16,15.99,16.14,15.78,15.94,15.94,411685,411700,-0.05,-0.3127,16.01,"August 16, 16",-0.003127,DVAX
2016-08-15,15.95,16.14,15.84,16.0,16.0,358219,357500,0.05,0.31348,15.98,"August 15, 16",0.0031348,DVAX
2016-08-12,16.09,16.15,15.8,15.95,15.95,507484,507500,-0.14,-0.87011,15.94,"August 12, 16",-0.0087011,DVAX
2016-08-11,15.82,16.22,15.75,16.06,16.059999,1172076,1172100,0.24,1.52,16.01,"August 11, 16",0.0152,DVAX
2016-08-10,15.56,15.84,15.46,15.72,15.72,570073,570100,0.16,1.03,15.67,"August 10, 16",0.0103,DVAX
2016-08-09,15.61,15.83,15.46,15.56,15.56,427442,427200,-0.05,-0.32031,15.59,"August 09, 16",-0.0032031,DVAX
2016-08-08,16.38,16.48,15.1,15.59,15.59,1654261,1654300,-0.79,-4.82,15.69,"August 08, 16",-0.0482,DVAX
2016-08-05,15.92,16.75,15.81,16.73,16.73,592449,592400,0.81,5.09,16.5,"August 05, 16",0.0509,DVAX
2016-08-04,15.69,16.15,15.6,15.95,15.95,607136,607100,0.26,1.66,15.96,"August 04, 16",0.0166,DVAX
2016-08-03,15.32,15.56,15.1101,15.56,15.56,470592,470600,0.24,1.57,15.42,"August 03, 16",0.0157,DVAX
2016-08-02,15.92,16.19,15.12,15.46,15.46,584686,584700,-0.46,-2.89,15.46,"August 02, 16",-0.0289,DVAX
2016-08-01,15.54,16.17,15.45,15.96,15.96,402610,402100,0.42,2.7,15.89,"August 01, 16",0.027,DVAX
2016-07-29,15.42,15.59,15.14,15.43,15.43,237512,237500,0.01,0.06485084,15.42,"July 29, 16",0.0006485084,DVAX
2016-07-28,15.76,15.99,15.16,15.5,15.5,705515,705500,-0.26,-1.65,15.39,"July 28, 16",-0.0165,DVAX
2016-07-27,14.93,15.99,14.93,15.81,15.81,670574,670600,0.88,5.89,15.61,"July 27, 16",0.0589,DVAX
2016-07-26,14.91,15.1382,14.7,14.78,14.78,323885,323900,-0.13,-0.8719,14.83,"July 26, 16",-0.008719,DVAX
2016-07-25,15.38,15.49,14.95,15.0,15.0,429867,429900,-0.38,-2.47,15.12,"July 25, 16",-0.0247,DVAX
2016-07-22,15.37,15.68,15.3,15.32,15.32,555980,556000,-0.05,-0.32531,15.42,"July 22, 16",-0.0032531,DVAX
2016-07-21,15.16,15.8,15.07,15.31,15.31,598135,598100,0.15,0.98945,15.43,"July 21, 16",0.0098945,DVAX
2016-07-20,14.24,15.08,14.16,15.04,15.04,725579,725600,0.8,5.62,14.91,"July 20, 16",0.0562,DVAX
2016-07-19,14.62,14.75,14.16,14.26,14.26,444573,444600,-0.36,-2.46,14.32,"July 19, 16",-0.0246,DVAX
2016-07-18,15.14,15.39,14.41,14.66,14.66,497148,497100,-0.48,-3.17,14.64,"July 18, 16",-0.0317,DVAX
2016-07-15,14.36,15.22,14.16,15.13,15.13,816083,815300,0.77,5.36,14.87,"July 15, 16",0.0536,DVAX
2016-07-14,14.7,14.89,14.23,14.23,14.23,462169,461600,-0.47,-3.2,14.37,"July 14, 16",-0.032,DVAX
2016-07-13,15.33,15.465,14.53,14.57,14.57,468816,468800,-0.76,-4.96,14.83,"July 13, 16",-0.0496,DVAX
2016-07-12,15.36,15.5,15.0401,15.25,15.25,475625,472400,-0.11,-0.71615,15.3,"July 12, 16",-0.0071615,DVAX
2016-07-11,15.6,15.64,15.25,15.27,15.27,340066,340100,-0.33,-2.12,15.42,"July 11, 16",-0.0212,DVAX
2016-07-08,15.05,15.57,15.01,15.49,15.49,389685,389700,0.44,2.92,15.4,"July 08, 16",0.0292,DVAX
2016-07-07,15.14,15.29,14.66,15.04,15.04,284614,284600,-0.1,-0.6605,14.93,"July 07, 16",-0.006605,DVAX
2016-07-06,14.68,15.09,14.57,15.07,15.07,354831,354800,0.39,2.66,14.95,"July 06, 16",0.0266,DVAX
2016-07-05,15.02,15.175,14.65,14.84,14.84,304639,304600,-0.18,-1.2,14.86,"July 05, 16",-0.012,DVAX
2016-07-01,14.58,15.21,14.245,15.12,15.12,537727,537700,0.54,3.7,14.99,"July 01, 16",0.037,DVAX
2016-06-30,14.49,14.7612,14.16,14.58,14.58,485500,485500,0.09,0.62112,14.54,"June 30, 16",0.0062112,DVAX
2016-06-29,13.92,14.49,13.62,14.37,14.37,650918,650900,0.45,3.23,14.21,"June 29, 16",0.0323,DVAX
2016-06-28,13.45,14.01,13.45,13.69,13.69,795264,795300,0.24,1.78,13.7,"June 28, 16",0.0178,DVAX
2016-06-27,13.71,13.8875,12.84,13.2,13.2,893001,890500,-0.51,-3.72,13.19,"June 27, 16",-0.0372,DVAX
2016-06-24,14.17,14.72,13.8,13.87,13.87,891663,891700,-0.3,-2.12,14.03,"June 24, 16",-0.0212,DVAX
2016-06-23,14.99,15.185,14.68,15.01,15.01,448174,448200,0.02,0.13342,14.93,"June 23, 16",0.0013342,DVAX
2016-06-22,14.79,15.49,14.42,14.83,14.83,569042,569000,0.04,0.27045,14.99,"June 22, 16",0.0027045,DVAX
2016-06-21,15.01,15.1,14.56,14.86,14.86,595693,595600,-0.15,-0.99933,14.77,"June 21, 16",-0.0099933,DVAX
2016-06-20,14.45,15.25,14.4,14.94,14.94,588983,589000,0.49,3.39,14.94,"June 20, 16",0.0339,DVAX
2016-06-17,14.5,14.73,14.09,14.27,14.27,966712,966700,-0.23,-1.59,14.34,"June 17, 16",-0.0159,DVAX
2016-06-16,14.34,14.53,13.88,14.51,14.51,722203,722200,0.17,1.19,14.17,"June 16, 16",0.0119,DVAX
2016-06-15,14.4,14.94,14.29,14.37,14.37,507722,507700,-0.03,-0.20833,14.55,"June 15, 16",-0.0020833,DVAX
2016-06-14,14.58,14.98,13.93,14.28,14.28,604074,603400,-0.3,-2.06,14.25,"June 14, 16",-0.0206,DVAX
2016-06-13,14.61,15.25,14.36,14.57,14.57,659178,659200,-0.04,-0.27379,14.61,"June 13, 16",-0.0027379,DVAX
2016-06-10,14.98,14.98,14.1,14.59,14.59,711850,711900,-0.39,-2.6,14.54,"June 10, 16",-0.026,DVAX
2016-06-09,16.08,16.15,15.03,15.05,15.05,890801,890800,-1.03,-6.41,15.41,"June 09, 16",-0.0641,DVAX
2016-06-08,16.42,16.48,15.96,16.16,16.16,374255,374300,-0.26,-1.58,16.17,"June 08, 16",-0.0158,DVAX
2016-06-07,16.9,16.9,16.21,16.42,16.42,264643,264600,-0.48,-2.84,16.55,"June 07, 16",-0.0284,DVAX
2016-06-06,16.28,16.81,15.92,16.81,16.809999,396548,396500,0.53,3.26,16.58,"June 06, 16",0.0326,DVAX
2016-06-03,17.05,17.13,16.01,16.24,16.24,498713,498700,-0.81,-4.75,16.33,"June 03, 16",-0.0475,DVAX
2016-06-02,16.59,17.14,16.5,17.14,17.139999,436952,437000,0.55,3.32,16.99,"June 02, 16",0.0332,DVAX
2016-06-01,16.51,16.7749,16.32,16.57,16.57,341803,341800,0.06,0.36342,16.6,"June 01, 16",0.0036342,DVAX
2016-05-31,15.98,16.64,15.9,16.59,16.59,748783,748800,0.61,3.82,16.44,"May 31, 16",0.0382,DVAX
2016-05-27,15.82,15.94,15.475,15.85,15.85,392239,392200,0.03,0.18963,15.78,"May 27, 16",0.0018963,DVAX
2016-05-26,16.03,16.17,15.83,15.85,15.85,425167,425200,-0.18,-1.12,15.94,"May 26, 16",-0.0112,DVAX
2016-05-25,16.25,16.49,15.78,16.1,16.1,480571,479700,-0.15,-0.92308,16.05,"May 25, 16",-0.0092308,DVAX
2016-05-24,15.99,16.5,15.79,16.12,16.120001,471589,471600,0.13,0.81301,16.09,"May 24, 16",0.0081301,DVAX
2016-05-23,15.83,16.71,15.74,15.89,15.89,691175,690900,0.06,0.37903,16.07,"May 23, 16",0.0037903,DVAX
2016-05-20,15.36,15.76,15.1,15.71,15.71,503233,503200,0.35,2.28,15.54,"May 20, 16",0.0228,DVAX
2016-05-19,15.27,15.63,15.0,15.21,15.21,332974,333000,-0.06,-0.39293,15.2,"May 19, 16",-0.0039293,DVAX
2016-05-18,14.92,15.52,14.82,15.33,15.33,335963,336000,0.41,2.75,15.25,"May 18, 16",0.0275,DVAX
2016-05-17,15.37,15.55,14.86,14.96,14.96,567065,567100,-0.41,-2.67,15.12,"May 17, 16",-0.0267,DVAX
2016-05-16,15.19,15.93,15.03,15.5,15.5,630569,630600,0.31,2.04,15.53,"May 16, 16",0.0204,DVAX
2016-05-13,14.44,15.4797,14.4,15.22,15.22,669358,669400,0.78,5.4,15.17,"May 13, 16",0.054,DVAX
2016-05-12,15.12,15.29,14.345,14.47,14.47,694707,694700,-0.65,-4.3,14.6,"May 12, 16",-0.043,DVAX
2016-05-11,15.22,15.71,14.95,15.0,15.0,510088,510100,-0.22,-1.45,15.21,"May 11, 16",-0.0145,DVAX
2016-05-10,15.2,15.98,14.49,15.32,15.32,995631,995600,0.12,0.78947,15.2,"May 10, 16",0.0078947,DVAX
2016-05-09,14.15,15.39,14.14,15.07,15.07,889176,889200,0.92,6.5,14.93,"May 09, 16",0.065,DVAX
2016-05-06,14.25,14.36,13.58,14.09,14.09,880225,880200,-0.16,-1.12,13.96,"May 06, 16",-0.0112,DVAX
2016-05-05,14.71,14.97,14.0,14.38,14.38,998241,998200,-0.33,-2.24,14.36,"May 05, 16",-0.0224,DVAX
2016-05-04,15.98,16.02,14.68,14.94,14.94,1676555,1676600,-1.04,-6.51,15.05,"May 04, 16",-0.0651,DVAX
2016-05-03,16.09,16.5428,15.79,16.08,16.08,875237,875200,-0.01,-0.0621504,16.15,"May 03, 16",-0.000621504,DVAX
2016-05-02,16.4,16.6,15.67,16.22,16.219999,1393770,1393200,-0.18,-1.1,16.08,"May 02, 16",-0.011,DVAX
2016-04-29,17.5,17.704,16.1,16.41,16.41,1524443,1524400,-1.09,-6.23,16.6,"April 29, 16",-0.0623,DVAX
2016-04-28,18.0,18.36,17.52,17.53,17.530001,1099276,1099300,-0.47,-2.61,17.94,"April 28, 16",-0.0261,DVAX
2016-04-27,18.31,18.96,17.75,18.53,18.530001,3580803,3580600,0.22,1.2,18.34,"April 27, 16",0.012,DVAX
2016-04-26,21.85,21.85,20.58,20.98,20.98,533921,533900,-0.87,-3.98,20.98,"April 26, 16",-0.0398,DVAX
2016-04-25,22.13,22.38,21.34,21.61,21.610001,559287,559300,-0.52,-2.35,21.63,"April 25, 16",-0.0235,DVAX
2016-04-22,22.51,22.83,21.74,22.09,22.09,481018,481000,-0.42,-1.87,22.03,"April 22, 16",-0.0187,DVAX
2016-04-21,21.98,22.43,21.4501,22.4,22.4,594910,594900,0.42,1.91,22.02,"April 21, 16",0.0191,DVAX
2016-04-20,22.82,22.8248,21.93,22.03,22.030001,753723,753300,-0.79,-3.46,22.22,"April 20, 16",-0.0346,DVAX
2016-04-19,22.7,23.62,22.16,22.74,22.74,1380201,1380200,0.04,0.17621,22.81,"April 19, 16",0.0017621,DVAX
2016-04-18,21.0,22.21,20.75,22.2,22.200001,641814,641800,1.2,5.71,21.87,"April 18, 16",0.0571,DVAX
2016-04-15,21.1,21.35,20.48,21.16,21.16,545682,545700,0.06,0.28436,21.0,"April 15, 16",0.0028436,DVAX
2016-04-14,20.96,21.32,20.66,21.08,21.08,313306,313300,0.12,0.57252,21.01,"April 14, 16",0.0057252,DVAX
2016-04-13,20.64,21.06,20.19,20.97,20.969999,422130,422100,0.33,1.6,20.81,"April 13, 16",0.016,DVAX
2016-04-12,20.64,20.74,19.75,20.52,20.52,902473,902000,-0.12,-0.5814,20.29,"April 12, 16",-0.005814,DVAX
2016-04-11,21.87,21.9,20.56,20.69,20.690001,900796,900800,-1.18,-5.4,20.96,"April 11, 16",-0.054,DVAX
2016-04-08,22.18,22.21,21.29,21.76,21.76,641063,641100,-0.42,-1.89,21.66,"April 08, 16",-0.0189,DVAX
2016-04-07,21.66,22.47,21.4,21.84,21.84,942351,942400,0.18,0.83102,21.89,"April 07, 16",0.0083102,DVAX
2016-04-06,21.56,22.08,21.28,21.78,21.780001,1138066,1138100,0.22,1.02,21.68,"April 06, 16",0.0102,DVAX
2016-04-05,21.11,22.21,20.94,21.5,21.5,1198043,1198000,0.39,1.85,21.6,"April 05, 16",0.0185,DVAX
2016-04-04,20.16,21.62,20.12,21.42,21.42,1397025,1397000,1.26,6.25,21.15,"April 04, 16",0.0625,DVAX
2016-04-01,19.16,20.18,18.63,20.16,20.16,799674,799700,1.0,5.22,19.76,"April 01, 16",0.0522,DVAX
2016-03-31,18.61,19.55,18.255,19.24,19.24,990680,990700,0.63,3.39,19.05,"March 31, 16",0.0339,DVAX
2016-03-30,18.51,19.2,17.87,18.05,18.049999,455127,455100,-0.46,-2.49,18.42,"March 30, 16",-0.0249,DVAX
2016-03-29,17.61,18.47,17.4,18.42,18.42,714809,714800,0.81,4.6,18.06,"March 29, 16",0.046,DVAX
2016-03-28,18.3,18.4,17.39,17.76,17.76,419818,419800,-0.54,-2.95,17.86,"March 28, 16",-0.0295,DVAX
2016-03-24,17.94,18.76,17.45,18.18,18.18,567623,567600,0.24,1.34,18.1,"March 24, 16",0.0134,DVAX
2016-03-23,19.04,19.59,18.03,18.18,18.18,868192,868200,-0.86,-4.52,18.49,"March 23, 16",-0.0452,DVAX
2016-03-22,17.5,19.71,17.5,19.0,19.0,991333,991300,1.5,8.57,18.86,"March 22, 16",0.0857,DVAX
2016-03-21,17.15,18.25,17.005,17.72,17.719999,773006,773000,0.57,3.32,17.79,"March 21, 16",0.0332,DVAX
2016-03-18,17.22,17.4,15.81,17.26,17.26,1488966,1489000,0.04,0.23229,17.0,"March 18, 16",0.0023229,DVAX
2016-03-17,16.22,17.21,15.52,17.15,17.15,1101533,1101500,0.93,5.73,16.44,"March 17, 16",0.0573,DVAX
2016-03-16,15.98,16.57,15.89,16.43,16.43,988854,988900,0.45,2.82,16.21,"March 16, 16",0.0282,DVAX
2016-03-15,17.25,17.365,15.95,16.14,16.139999,734852,734900,-1.11,-6.43,16.31,"March 15, 16",-0.0643,DVAX
2016-03-14,16.9,17.74,16.9,17.41,17.41,599706,599700,0.51,3.02,17.33,"March 14, 16",0.0302,DVAX
2016-03-11,16.23,16.94,16.19,16.92,16.92,486662,486700,0.69,4.25,16.71,"March 11, 16",0.0425,DVAX
2016-03-10,17.26,17.37,15.8,16.17,16.17,736440,736400,-1.09,-6.32,16.42,"March 10, 16",-0.0632,DVAX
2016-03-09,16.54,17.19,15.8,16.94,16.940001,1322955,1323000,0.4,2.42,16.72,"March 09, 16",0.0242,DVAX
2016-03-08,17.6,17.86,16.5,16.59,16.59,923871,923900,-1.01,-5.74,16.84,"March 08, 16",-0.0574,DVAX
2016-03-07,16.85,18.21,16.52,17.75,17.75,1465328,1454700,0.9,5.34,17.67,"March 07, 16",0.0534,DVAX
2016-03-04,17.44,17.66,16.6,17.05,17.049999,727346,726600,-0.39,-2.24,17.11,"March 04, 16",-0.0224,DVAX
2016-03-03,17.5,17.65,16.75,17.13,17.129999,785120,785100,-0.37,-2.11,17.05,"March 03, 16",-0.0211,DVAX
2016-03-02,16.81,17.98,16.7,17.48,17.48,834635,834600,0.67,3.99,17.47,"March 02, 16",0.0399,DVAX
2016-03-01,16.33,16.88,15.8,16.79,16.790001,1279215,1279200,0.46,2.82,16.41,"March 01, 16",0.0282,DVAX
2016-02-29,17.46,17.77,16.01,16.12,16.120001,1094982,1094800,-1.34,-7.67,16.6,"February 29, 16",-0.0767,DVAX
2016-02-26,17.77,17.83,16.675,17.37,17.370001,1326528,1326500,-0.4,-2.25,17.22,"February 26, 16",-0.0225,DVAX
2016-02-25,18.35,18.58,17.37,17.73,17.73,784285,783500,-0.62,-3.38,17.75,"February 25, 16",-0.0338,DVAX
2016-02-24,17.9,18.4899,16.8,18.22,18.219999,1169977,1170000,0.32,1.79,17.77,"February 24, 16",0.0179,DVAX
2016-02-23,19.28,20.09,17.9,18.05,18.049999,1413660,1413700,-1.23,-6.38,18.37,"February 23, 16",-0.0638,DVAX
2016-02-22,19.84,20.34,19.55,19.59,19.59,648051,648100,-0.25,-1.26,19.95,"February 22, 16",-0.0126,DVAX
2016-02-19,19.45,19.88,18.81,19.72,19.719999,533287,533300,0.27,1.39,19.39,"February 19, 16",0.0139,DVAX
2016-02-18,20.6,20.66,19.5,19.56,19.559999,506430,506200,-1.04,-5.05,19.97,"February 18, 16",-0.0505,DVAX
2016-02-17,20.12,20.73,19.52,20.51,20.51,931062,931100,0.39,1.94,20.2,"February 17, 16",0.0194,DVAX
2016-02-16,19.29,20.2,19.1,19.94,19.940001,1130294,1130300,0.65,3.37,19.63,"February 16, 16",0.0337,DVAX
2016-02-12,19.13,19.935,18.25,18.97,18.969999,708865,708900,-0.16,-0.83638,18.8,"February 12, 16",-0.0083638,DVAX
2016-02-11,17.97,19.15,17.85,18.91,18.91,1055914,1055900,0.94,5.23,18.77,"February 11, 16",0.0523,DVAX
2016-02-10,18.53,19.611,18.27,18.4,18.4,717716,717700,-0.13,-0.70157,18.85,"February 10, 16",-0.0070157,DVAX
2016-02-09,18.13,19.18,17.535,18.21,18.209999,1198516,1198500,0.08,0.44126,18.31,"February 09, 16",0.0044126,DVAX
2016-02-08,20.39,20.545,18.4978,18.83,18.83,1234052,1234100,-1.56,-7.65,19.24,"February 08, 16",-0.0765,DVAX
2016-02-05,21.79,22.42,20.93,21.05,21.049999,842376,842400,-0.74,-3.4,21.33,"February 05, 16",-0.034,DVAX
2016-02-04,23.03,24.13,21.8,21.99,21.99,813721,813700,-1.04,-4.52,22.57,"February 04, 16",-0.0452,DVAX
2016-02-03,23.4,23.54,21.88,22.82,22.82,761182,761200,-0.58,-2.48,22.51,"February 03, 16",-0.0248,DVAX
2016-02-02,23.55,23.89,22.81,23.36,23.360001,670983,671000,-0.19,-0.80679,23.29,"February 02, 16",-0.0080679,DVAX
2016-02-01,23.51,24.895,23.51,23.8,23.799999,908040,908000,0.29,1.23,24.03,"February 01, 16",0.0123,DVAX
2016-01-29,22.63,24.21,22.38,24.09,24.09,1172443,1172400,1.46,6.45,23.37,"January 29, 16",0.0645,DVAX
2016-01-28,24.49,24.8599,22.5,22.63,22.629999,824499,824500,-1.86,-7.59,22.98,"January 28, 16",-0.0759,DVAX
2016-01-27,25.81,26.38,24.02,24.36,24.360001,978365,978400,-1.45,-5.62,24.99,"January 27, 16",-0.0562,DVAX
2016-01-26,26.26,26.89,25.3101,26.06,26.059999,1160492,1160400,-0.2,-0.76161,26.16,"January 26, 16",-0.0076161,DVAX
2016-01-25,25.01,27.92,24.79,26.31,26.309999,1973761,1973800,1.3,5.2,26.7,"January 25, 16",0.052,DVAX
2016-01-22,23.28,26.8,22.85,25.45,25.450001,3445746,3445700,2.17,9.32,24.82,"January 22, 16",0.0932,DVAX
2016-01-21,22.97,24.52,22.35,22.91,22.91,1147472,1147500,-0.06,-0.26121,23.6,"January 21, 16",-0.0026121,DVAX
2016-01-20,20.78,23.9,19.94,23.15,23.15,1578963,1579000,2.37,11.41,22.1,"January 20, 16",0.1141,DVAX
2016-01-19,21.64,22.42,20.73,21.18,21.18,1609973,1609300,-0.46,-2.13,21.44,"January 19, 16",-0.0213,DVAX
2016-01-15,22.41,22.49,20.06,21.05,21.049999,1355549,1354700,-1.36,-6.07,20.99,"January 15, 16",-0.0607,DVAX
2016-01-14,22.89,23.64,21.35,23.13,23.129999,1573506,1573300,0.24,1.05,22.49,"January 14, 16",0.0105,DVAX
2016-01-13,23.83,24.3,22.22,22.86,22.860001,2120074,2120100,-0.97,-4.07,22.83,"January 13, 16",-0.0407,DVAX
2016-01-12,25.3,26.33,22.26,23.65,23.65,1668271,1668300,-1.65,-6.52,23.67,"January 12, 16",-0.0652,DVAX
2016-01-11,26.98,27.18,24.5501,25.03,25.030001,1166650,1166700,-1.95,-7.23,25.38,"January 11, 16",-0.0723,DVAX
2016-01-08,29.85,29.86,26.47,26.79,26.790001,2217868,2217900,-3.06,-10.25,27.63,"January 08, 16",-0.1025,DVAX
2016-01-07,26.11,29.72,23.7,29.7,29.700001,10198652,10198700,3.59,13.75,26.67,"January 07, 16",0.1375,DVAX
2016-01-06,23.07,23.07,20.24,21.18,21.18,934180,934200,-1.89,-8.19,21.4,"January 06, 16",-0.0819,DVAX
2016-01-05,23.17,23.94,22.8,23.16,23.16,1005623,1005500,-0.01,-0.04315926,23.38,"January 05, 16",-0.0004315926,DVAX
2016-01-04,23.55,24.0,22.87,23.15,23.15,712153,712200,-0.4,-1.7,23.18,"January 04, 16",-0.017,DVAX
2015-12-31,23.83,24.39,23.6,24.16,24.16,759791,759800,0.33,1.38,23.97,"December 31, 15",0.0138,DVAX
2015-12-30,24.5,24.719,23.65,24.05,24.049999,921836,921800,-0.45,-1.84,24.08,"December 30, 15",-0.0184,DVAX
2015-12-29,24.9,25.07,24.22,24.49,24.49,797164,797200,-0.41,-1.65,24.51,"December 29, 15",-0.0165,DVAX
2015-12-28,27.04,27.2,24.81,24.91,24.91,842374,842400,-2.13,-7.88,25.69,"December 28, 15",-0.0788,DVAX
2015-12-24,26.58,27.38,26.5,27.16,27.16,292155,292200,0.58,2.18,27.05,"December 24, 15",0.0218,DVAX
2015-12-23,26.65,26.95,26.28,26.57,26.57,511280,510700,-0.08,-0.30019,26.6,"December 23, 15",-0.0030019,DVAX
2015-12-22,27.05,27.3,26.14,26.58,26.58,290055,290100,-0.47,-1.74,26.63,"December 22, 15",-0.0174,DVAX
2015-12-21,27.29,27.46,26.63,27.05,27.049999,375946,375700,-0.24,-0.87944,26.99,"December 21, 15",-0.0087944,DVAX
2015-12-18,27.1,27.905,26.55,27.08,27.08,1371597,1371600,-0.02,-0.07380074,27.12,"December 18, 15",-0.0007380074,DVAX
2015-12-17,26.89,27.93,26.37,27.27,27.27,492599,492600,0.38,1.41,27.17,"December 17, 15",0.0141,DVAX
2015-12-16,26.02,26.93,25.48,26.78,26.780001,401507,401500,0.76,2.92,26.32,"December 16, 15",0.0292,DVAX
2015-12-15,25.02,26.16,24.97,25.87,25.870001,430460,430000,0.85,3.4,25.57,"December 15, 15",0.034,DVAX
2015-12-14,25.21,25.4,24.0,24.58,24.58,488179,485000,-0.63,-2.5,24.55,"December 14, 15",-0.025,DVAX
2015-12-11,25.12,25.7,25.0,25.11,25.110001,436170,436200,-0.01,-0.03980892,25.22,"December 11, 15",-0.0003980892,DVAX
2015-12-10,25.75,26.0,25.24,25.78,25.780001,421480,421500,0.03,0.1165,25.69,"December 10, 15",0.001165,DVAX
2015-12-09,26.54,26.85,25.5901,25.84,25.84,354074,354100,-0.7,-2.64,25.89,"December 09, 15",-0.0264,DVAX
2015-12-08,25.97,27.22,25.5611,26.71,26.709999,318496,318500,0.74,2.85,26.63,"December 08, 15",0.0285,DVAX
2015-12-07,27.5,27.5,26.18,26.46,26.459999,394376,394400,-1.04,-3.78,26.76,"December 07, 15",-0.0378,DVAX
2015-12-04,27.67,27.98,26.8,27.11,27.110001,429940,429900,-0.56,-2.02,27.2,"December 04, 15",-0.0202,DVAX
2015-12-03,28.0,28.03,27.28,27.47,27.469999,577938,577900,-0.53,-1.89,27.55,"December 03, 15",-0.0189,DVAX
2015-12-02,27.74,28.49,27.42,27.9,27.9,461386,460900,0.16,0.57678,27.89,"December 02, 15",0.0057678,DVAX
2015-12-01,28.17,28.4928,26.25,27.59,27.59,724414,723800,-0.58,-2.06,27.25,"December 01, 15",-0.0206,DVAX
2015-11-30,27.05,28.15,26.93,27.89,27.889999,819466,819500,0.84,3.11,27.63,"November 30, 15",0.0311,DVAX
2015-11-27,26.55,26.84,25.99,26.23,26.23,129005,129000,-0.32,-1.21,26.31,"November 27, 15",-0.0121,DVAX
2015-11-25,25.4,26.92,25.4,26.4,26.4,512661,512700,1.0,3.94,26.34,"November 25, 15",0.0394,DVAX
2015-11-24,25.0,25.5488,24.62,25.35,25.35,622877,622900,0.35,1.4,25.08,"November 24, 15",0.014,DVAX
2015-11-23,25.15,25.55,24.86,25.14,25.139999,399553,399600,-0.01,-0.03976143,25.29,"November 23, 15",-0.0003976143,DVAX
2015-11-20,25.31,25.46,24.94,25.03,25.030001,385923,385900,-0.28,-1.11,25.14,"November 20, 15",-0.0111,DVAX
2015-11-19,25.76,25.95,24.99,25.15,25.15,294411,294400,-0.61,-2.37,25.3,"November 19, 15",-0.0237,DVAX
2015-11-18,24.28,25.64,24.03,25.62,25.620001,506916,506900,1.34,5.52,25.05,"November 18, 15",0.0552,DVAX
2015-11-17,24.02,24.42,23.32,24.07,24.07,409761,409800,0.05,0.20816,24.01,"November 17, 15",0.0020816,DVAX
2015-11-16,23.93,24.42,23.36,23.92,23.92,373025,373000,-0.01,-0.04178855,23.76,"November 16, 15",-0.0004178855,DVAX
2015-11-13,24.15,24.52,23.6001,23.93,23.93,402865,402900,-0.22,-0.91097,24.07,"November 13, 15",-0.0091097,DVAX
2015-11-12,25.3,25.75,24.36,24.67,24.67,411720,411700,-0.63,-2.49,25.02,"November 12, 15",-0.0249,DVAX
2015-11-11,25.0,26.04,24.87,25.47,25.469999,364541,360700,0.47,1.88,25.49,"November 11, 15",0.0188,DVAX
2015-11-10,25.83,25.98,25.02,25.19,25.190001,542955,543000,-0.64,-2.48,25.47,"November 10, 15",-0.0248,DVAX
2015-11-09,24.75,25.98,24.63,25.92,25.92,697142,697100,1.17,4.73,25.58,"November 09, 15",0.0473,DVAX
2015-11-06,24.5,25.45,24.0,24.72,24.719999,536103,535900,0.22,0.89796,24.58,"November 06, 15",0.0089796,DVAX
2015-11-05,25.05,25.39,24.05,24.76,24.76,498235,498200,-0.29,-1.16,24.84,"November 05, 15",-0.0116,DVAX
2015-11-04,25.41,25.655,24.51,25.09,25.09,478660,478700,-0.32,-1.26,24.99,"November 04, 15",-0.0126,DVAX
2015-11-03,24.5,26.22,24.26,25.39,25.389999,727430,727400,0.89,3.63,25.37,"November 03, 15",0.0363,DVAX
2015-11-02,22.78,24.58,22.7301,24.53,24.530001,1131115,1131100,1.75,7.68,23.96,"November 02, 15",0.0768,DVAX
2015-10-30,22.04,22.9575,21.81,22.71,22.709999,632673,632700,0.67,3.04,22.41,"October 30, 15",0.0304,DVAX
2015-10-29,22.55,22.995,21.95,22.08,22.08,554762,554800,-0.47,-2.08,22.32,"October 29, 15",-0.0208,DVAX
2015-10-28,22.72,22.72,22.11,22.59,22.59,623008,623000,-0.13,-0.57218,22.51,"October 28, 15",-0.0057218,DVAX
2015-10-27,22.31,22.97,22.31,22.71,22.709999,441950,442000,0.4,1.79,22.6,"October 27, 15",0.0179,DVAX
2015-10-26,22.83,22.92,21.99,22.42,22.42,507035,506400,-0.41,-1.8,22.47,"October 26, 15",-0.018,DVAX
2015-10-23,23.48,24.3197,22.51,23.0,23.0,557714,557400,-0.48,-2.04,23.07,"October 23, 15",-0.0204,DVAX
2015-10-22,22.41,23.27,21.65,23.21,23.209999,536144,536100,0.8,3.57,22.66,"October 22, 15",0.0357,DVAX
2015-10-21,23.22,23.54,21.8,22.23,22.23,613904,613800,-0.99,-4.26,22.38,"October 21, 15",-0.0426,DVAX
2015-10-20,24.25,24.2964,22.26,23.04,23.040001,609014,609000,-1.21,-4.99,23.27,"October 20, 15",-0.0499,DVAX
2015-10-19,23.84,24.95,23.485,24.35,24.35,469134,468500,0.51,2.14,24.27,"October 19, 15",0.0214,DVAX
2015-10-16,24.44,25.14,23.84,24.01,24.01,603568,602500,-0.43,-1.76,24.17,"October 16, 15",-0.0176,DVAX
2015-10-15,23.32,24.55,23.24,24.32,24.32,684836,684800,1.0,4.29,24.2,"October 15, 15",0.0429,DVAX
2015-10-14,22.91,23.77,22.0,23.51,23.51,506142,506100,0.6,2.62,23.18,"October 14, 15",0.0262,DVAX
2015-10-13,23.7,24.1299,22.35,22.51,22.51,441739,441700,-1.19,-5.02,23.22,"October 13, 15",-0.0502,DVAX
2015-10-12,23.86,24.26,22.78,23.95,23.950001,433385,433400,0.09,0.3772,23.67,"October 12, 15",0.003772,DVAX
2015-10-09,23.72,24.565,23.12,23.86,23.860001,364684,364700,0.14,0.59022,23.99,"October 09, 15",0.0059022,DVAX
2015-10-08,24.25,24.3559,22.08,23.47,23.469999,781855,781900,-0.78,-3.22,23.05,"October 08, 15",-0.0322,DVAX
2015-10-07,24.69,25.44,23.6,24.29,24.290001,380110,380100,-0.4,-1.62,24.39,"October 07, 15",-0.0162,DVAX
2015-10-06,26.79,26.79,23.9327,24.53,24.530001,530125,521100,-2.26,-8.44,24.91,"October 06, 15",-0.0844,DVAX
2015-10-05,27.39,28.02,25.85,26.67,26.67,758286,757900,-0.72,-2.63,26.6,"October 05, 15",-0.0263,DVAX
2015-10-02,25.47,27.19,24.34,27.12,27.120001,1055554,1055600,1.65,6.48,25.75,"October 02, 15",0.0648,DVAX
2015-10-01,24.46,25.65,24.05,25.58,25.58,595249,595200,1.12,4.58,24.88,"October 01, 15",0.0458,DVAX
2015-09-30,24.25,25.03,23.9,24.54,24.540001,804632,804600,0.29,1.2,24.48,"September 30, 15",0.012,DVAX
2015-09-29,24.82,25.74,23.4101,23.9,23.9,492661,492700,-0.92,-3.71,24.45,"September 29, 15",-0.0371,DVAX
2015-09-28,26.5,26.8,23.85,24.64,24.639999,878096,878100,-1.86,-7.02,24.96,"September 28, 15",-0.0702,DVAX
2015-09-25,28.29,28.29,25.75,26.54,26.540001,773134,773100,-1.75,-6.19,26.53,"September 25, 15",-0.0619,DVAX
2015-09-24,28.4,28.76,26.77,27.82,27.82,679823,679800,-0.58,-2.04,27.5,"September 24, 15",-0.0204,DVAX
2015-09-23,29.0,29.73,27.96,28.67,28.67,322047,322000,-0.33,-1.14,28.76,"September 23, 15",-0.0114,DVAX
2015-09-22,29.0,29.645,28.3,29.03,29.030001,420860,420900,0.03,0.10345,28.89,"September 22, 15",0.0010345,DVAX
2015-09-21,31.15,31.99,29.28,29.53,29.530001,646969,647000,-1.62,-5.2,30.19,"September 21, 15",-0.052,DVAX
2015-09-18,30.4,31.455,30.39,30.83,30.83,1157089,1157100,0.43,1.41,30.87,"September 18, 15",0.0141,DVAX
2015-09-17,30.72,31.45,30.3,30.84,30.84,457196,457200,0.12,0.39063,30.9,"September 17, 15",0.0039063,DVAX
2015-09-16,31.31,31.625,30.19,30.63,30.629999,323410,322900,-0.68,-2.17,30.82,"September 16, 15",-0.0217,DVAX
2015-09-15,31.72,31.74,31.01,31.18,31.18,268313,267300,-0.54,-1.7,31.27,"September 15, 15",-0.017,DVAX
2015-09-14,31.92,32.49,30.66,31.6,31.6,357215,356200,-0.32,-1.0,31.53,"September 14, 15",-0.01,DVAX
2015-09-11,30.3,31.7098,29.99,31.68,31.68,551747,551700,1.38,4.55,31.18,"September 11, 15",0.0455,DVAX
2015-09-10,29.15,30.99,29.15,30.49,30.49,570800,570800,1.34,4.6,30.36,"September 10, 15",0.046,DVAX
2015-09-09,30.38,30.64,29.1,29.39,29.389999,480479,480500,-0.99,-3.26,29.68,"September 09, 15",-0.0326,DVAX
2015-09-08,28.89,29.99,28.56,29.99,29.99,383342,383300,1.1,3.81,29.39,"September 08, 15",0.0381,DVAX
2015-09-04,27.55,28.7,27.12,28.31,28.309999,196269,196300,0.76,2.76,28.11,"September 04, 15",0.0276,DVAX
2015-09-03,29.05,29.35,27.56,27.86,27.860001,349085,349100,-1.19,-4.1,28.33,"September 03, 15",-0.041,DVAX
2015-09-02,27.55,29.07,27.5,29.07,29.07,287539,287500,1.52,5.52,28.44,"September 02, 15",0.0552,DVAX
2015-09-01,27.81,28.47,26.91,27.1,27.1,579897,579900,-0.71,-2.55,27.51,"September 01, 15",-0.0255,DVAX
2015-08-31,29.45,30.36,28.285,28.36,28.360001,656681,656700,-1.09,-3.7,28.74,"August 31, 15",-0.037,DVAX
2015-08-28,28.17,29.78,28.17,29.76,29.76,439194,439200,1.59,5.64,29.25,"August 28, 15",0.0564,DVAX
2015-08-27,27.36,28.93,27.36,28.45,28.450001,519735,519700,1.09,3.98,28.26,"August 27, 15",0.0398,DVAX
2015-08-26,26.43,27.1,25.208,27.06,27.059999,452153,452200,0.63,2.38,26.33,"August 26, 15",0.0238,DVAX
2015-08-25,26.72,27.1,25.27,25.53,25.530001,548196,548200,-1.19,-4.45,26.02,"August 25, 15",-0.0445,DVAX
2015-08-24,26.37,27.66,24.67,25.5,25.5,564695,563600,-0.87,-3.3,26.04,"August 24, 15",-0.033,DVAX
2015-08-21,26.74,28.29,26.46,27.73,27.73,607699,607700,0.99,3.7,27.43,"August 21, 15",0.037,DVAX
2015-08-20,28.92,29.3529,27.21,27.28,27.280001,563235,563200,-1.64,-5.67,28.03,"August 20, 15",-0.0567,DVAX
2015-08-19,29.65,30.03,28.75,29.11,29.110001,340853,340100,-0.54,-1.82,29.27,"August 19, 15",-0.0182,DVAX
2015-08-18,30.24,30.47,29.26,29.8,29.799999,346487,346500,-0.44,-1.46,30.01,"August 18, 15",-0.0146,DVAX
2015-08-17,29.1,30.37,28.76,30.15,30.15,371346,371300,1.05,3.61,29.99,"August 17, 15",0.0361,DVAX
2015-08-14,29.16,30.1,28.83,29.31,29.309999,310781,310800,0.15,0.5144,29.36,"August 14, 15",0.005144,DVAX
2015-08-13,29.34,29.99,28.92,29.07,29.07,268920,268900,-0.27,-0.92025,29.3,"August 13, 15",-0.0092025,DVAX
2015-08-12,29.48,30.07,28.35,29.09,29.09,474675,471600,-0.39,-1.32,29.13,"August 12, 15",-0.0132,DVAX
2015-08-11,30.2,31.1,29.29,29.32,29.32,546090,546100,-0.88,-2.91,29.94,"August 11, 15",-0.0291,DVAX
2015-08-10,27.33,30.99,27.33,30.74,30.74,1352758,1352800,3.41,12.48,29.66,"August 10, 15",0.1248,DVAX
2015-08-07,27.7,27.75,25.87,27.05,27.049999,789552,789600,-0.65,-2.35,26.84,"August 07, 15",-0.0235,DVAX
2015-08-06,29.8,29.8,27.51,27.74,27.74,798502,798500,-2.06,-6.91,28.26,"August 06, 15",-0.0691,DVAX
2015-08-05,30.31,30.5,29.61,29.73,29.73,384016,383600,-0.58,-1.91,30.0,"August 05, 15",-0.0191,DVAX
2015-08-04,30.28,30.75,29.67,30.21,30.209999,503524,503500,-0.07,-0.23118,30.23,"August 04, 15",-0.0023118,DVAX
2015-08-03,29.53,30.49,29.43,30.21,30.209999,882707,882300,0.68,2.3,30.08,"August 03, 15",0.023,DVAX
2015-07-31,29.52,30.0,29.01,29.41,29.41,1070045,1070000,-0.11,-0.37263,29.38,"July 31, 15",-0.0037263,DVAX
2015-07-30,29.44,29.57,28.45,29.22,29.219999,649841,649800,-0.22,-0.74728,29.06,"July 30, 15",-0.0074728,DVAX
2015-07-29,28.86,30.39,28.21,29.65,29.65,958562,958600,0.79,2.74,29.68,"July 29, 15",0.0274,DVAX
2015-07-28,28.47,28.97,27.45,28.83,28.83,565528,565500,0.36,1.26,28.24,"July 28, 15",0.0126,DVAX
2015-07-27,27.54,29.01,26.97,28.55,28.549999,608025,608000,1.01,3.67,28.19,"July 27, 15",0.0367,DVAX
2015-07-24,28.62,29.15,27.85,27.88,27.879999,601741,601700,-0.74,-2.59,28.54,"July 24, 15",-0.0259,DVAX
2015-07-23,29.25,29.64,28.26,28.76,28.76,841634,841200,-0.49,-1.68,28.71,"July 23, 15",-0.0168,DVAX
2015-07-22,28.35,29.93,27.9,29.38,29.379999,3265361,3264300,1.03,3.63,28.81,"July 22, 15",0.0363,DVAX
2015-07-21,28.34,28.4001,27.14,27.77,27.77,516998,517000,-0.57,-2.01,27.68,"July 21, 15",-0.0201,DVAX
2015-07-20,28.96,28.97,27.76,28.27,28.27,398072,398100,-0.69,-2.38,28.25,"July 20, 15",-0.0238,DVAX
2015-07-17,28.92,29.19,28.04,28.78,28.780001,364227,363800,-0.14,-0.48409,28.6,"July 17, 15",-0.0048409,DVAX
2015-07-16,28.74,29.2,28.54,28.99,28.99,297425,297400,0.25,0.86987,28.96,"July 16, 15",0.0086987,DVAX
2015-07-15,29.0,29.25,28.23,28.43,28.43,481474,481200,-0.57,-1.97,28.84,"July 15, 15",-0.0197,DVAX
2015-07-14,28.4,29.83,28.16,29.0,29.0,735870,735300,0.6,2.11,29.09,"July 14, 15",0.0211,DVAX
2015-07-13,28.13,28.75,27.7901,28.21,28.209999,702855,702900,0.08,0.28439,28.26,"July 13, 15",0.0028439,DVAX
2015-07-10,26.98,28.47,26.6522,28.11,28.110001,1014017,1014000,1.13,4.19,27.7,"July 10, 15",0.0419,DVAX
2015-07-09,24.69,26.98,24.69,26.44,26.440001,1860837,1860700,1.75,7.09,26.31,"July 09, 15",0.0709,DVAX
2015-07-08,24.92,24.96,24.05,24.42,24.42,416559,415800,-0.5,-2.01,24.41,"July 08, 15",-0.0201,DVAX
2015-07-07,25.25,25.44,24.5,25.07,25.07,708930,708500,-0.18,-0.71287,25.01,"July 07, 15",-0.0071287,DVAX
2015-07-06,23.35,25.53,23.07,25.51,25.51,1672433,1672400,2.16,9.25,24.8,"July 06, 15",0.0925,DVAX
2015-07-02,23.31,23.64,22.86,23.57,23.57,319924,319900,0.26,1.12,23.26,"July 02, 15",0.0112,DVAX
2015-07-01,23.55,23.93,22.61,23.24,23.24,533000,533000,-0.31,-1.32,23.32,"July 01, 15",-0.0132,DVAX
2015-06-30,22.04,23.61,22.04,23.425,23.43,636686,636700,1.385,6.28,22.98,"June 30, 15",0.0628,DVAX
2015-06-29,21.97,22.99,21.8301,22.0,22.0,791821,791800,0.03,0.13655,22.45,"June 29, 15",0.0013655,DVAX
2015-06-26,22.1,22.52,21.73,22.35,22.35,1339233,1339200,0.25,1.13,22.25,"June 26, 15",0.0113,DVAX
2015-06-25,21.89,22.17,21.77,21.95,21.950001,176778,175800,0.06,0.2741,21.96,"June 25, 15",0.002741,DVAX
2015-06-24,22.07,22.24,21.62,21.74,21.74,318647,318600,-0.33,-1.5,21.95,"June 24, 15",-0.015,DVAX
2015-06-23,22.18,22.25,21.88,22.1,22.1,274607,274600,-0.08,-0.36069,22.08,"June 23, 15",-0.0036069,DVAX
2015-06-22,22.11,22.44,21.67,22.11,22.110001,279831,279800,0.0,0.0,22.08,"June 22, 15",0.0,DVAX
2015-06-19,21.57,22.11,21.55,22.0,22.0,485253,485300,0.43,1.99,21.98,"June 19, 15",0.0199,DVAX
2015-06-18,20.73,22.01,20.58,22.0,22.0,439507,439500,1.27,6.13,21.73,"June 18, 15",0.0613,DVAX
2015-06-17,20.45,20.65,20.07,20.58,20.58,244250,244300,0.13,0.6357,20.41,"June 17, 15",0.006357,DVAX
2015-06-16,20.66,20.955,20.26,20.36,20.360001,271593,270900,-0.3,-1.45,20.44,"June 16, 15",-0.0145,DVAX
2015-06-15,20.78,21.13,20.3,20.61,20.610001,382053,382100,-0.17,-0.81809,20.55,"June 15, 15",-0.0081809,DVAX
2015-06-12,21.52,21.6,20.91,20.91,20.91,402824,402800,-0.61,-2.83,21.14,"June 12, 15",-0.0283,DVAX
2015-06-11,21.21,21.76,20.85,21.68,21.68,386925,386900,0.47,2.22,21.3,"June 11, 15",0.0222,DVAX
2015-06-10,21.26,21.54,20.85,21.2,21.200001,307887,307800,-0.06,-0.28222,21.23,"June 10, 15",-0.0028222,DVAX
2015-06-09,21.69,22.06,20.95,21.29,21.290001,405386,405200,-0.4,-1.84,21.29,"June 09, 15",-0.0184,DVAX
2015-06-08,21.77,22.35,21.57,21.82,21.82,302079,302100,0.05,0.22967,21.95,"June 08, 15",0.0022967,DVAX
2015-06-05,21.55,21.99,20.98,21.89,21.889999,300802,300800,0.34,1.58,21.49,"June 05, 15",0.0158,DVAX
2015-06-04,21.83,21.94,20.85,21.69,21.690001,287255,287300,-0.14,-0.64132,21.4,"June 04, 15",-0.0064132,DVAX
2015-06-03,21.91,22.2243,21.72,22.0,22.0,240110,239100,0.09,0.41077,21.94,"June 03, 15",0.0041077,DVAX
2015-06-02,22.51,22.7,21.88,21.89,21.889999,252620,251700,-0.62,-2.75,22.14,"June 02, 15",-0.0275,DVAX
2015-06-01,23.21,23.87,22.42,22.54,22.540001,504762,504800,-0.67,-2.89,22.9,"June 01, 15",-0.0289,DVAX
2015-05-29,22.38,22.95,22.35,22.77,22.77,278052,277100,0.39,1.74,22.72,"May 29, 15",0.0174,DVAX
2015-05-28,22.49,22.635,22.045,22.51,22.51,197675,197000,0.02,0.08892841,22.43,"May 28, 15",0.0008892841,DVAX
2015-05-27,22.07,22.63,21.91,22.36,22.360001,472261,472300,0.29,1.31,22.26,"May 27, 15",0.0131,DVAX
2015-05-26,21.77,22.16,21.57,22.05,22.049999,535718,535700,0.28,1.29,21.84,"May 26, 15",0.0129,DVAX
2015-05-22,21.85,22.123,21.63,21.74,21.74,317708,317700,-0.11,-0.50343,21.9,"May 22, 15",-0.0050343,DVAX
2015-05-21,21.27,22.24,20.76,21.98,21.98,1011449,1011400,0.71,3.34,21.59,"May 21, 15",0.0334,DVAX
2015-05-20,20.94,21.4,20.58,21.39,21.389999,231858,231600,0.45,2.15,21.04,"May 20, 15",0.0215,DVAX
2015-05-19,20.86,21.38,20.57,20.81,20.809999,206589,206600,-0.05,-0.23969,20.84,"May 19, 15",-0.0023969,DVAX
2015-05-18,20.09,21.0,20.06,21.0,21.0,241917,241500,0.91,4.53,20.65,"May 18, 15",0.0453,DVAX
2015-05-15,20.43,20.52,19.77,20.21,20.209999,200823,200800,-0.22,-1.08,20.05,"May 15, 15",-0.0108,DVAX
2015-05-14,20.18,20.51,19.75,20.4,20.4,166236,165700,0.22,1.09,20.22,"May 14, 15",0.0109,DVAX
2015-05-13,20.4,20.54,19.91,20.15,20.15,245564,245600,-0.25,-1.23,20.14,"May 13, 15",-0.0123,DVAX
2015-05-12,19.97,20.39,19.59,20.28,20.280001,227586,227600,0.31,1.55,20.11,"May 12, 15",0.0155,DVAX
2015-05-11,19.94,20.55,19.91,20.04,20.040001,296617,296600,0.1,0.5015,20.19,"May 11, 15",0.005015,DVAX
2015-05-08,19.98,20.04,19.54,19.95,19.950001,321479,321500,-0.03,-0.15015,19.92,"May 08, 15",-0.0015015,DVAX
2015-05-07,19.16,19.99,18.53,19.66,19.66,419226,419000,0.5,2.61,19.27,"May 07, 15",0.0261,DVAX
2015-05-06,19.92,20.42,19.06,19.57,19.57,274095,273900,-0.35,-1.76,19.69,"May 06, 15",-0.0176,DVAX
2015-05-05,20.35,20.4,19.57,19.76,19.76,295728,295100,-0.59,-2.9,19.8,"May 05, 15",-0.029,DVAX
2015-05-04,20.49,21.24,20.12,20.18,20.18,266243,266200,-0.31,-1.51,20.53,"May 04, 15",-0.0151,DVAX
2015-05-01,19.99,21.03,19.9201,20.51,20.51,355405,355400,0.52,2.6,20.31,"May 01, 15",0.026,DVAX
2015-04-30,21.33,21.59,19.76,20.115,20.110001,498942,498900,-1.215,-5.7,20.38,"April 30, 15",-0.057,DVAX
2015-04-29,21.45,22.08,20.88,21.34,21.34,210288,210100,-0.11,-0.51282,21.46,"April 29, 15",-0.0051282,DVAX
2015-04-28,21.92,22.5199,20.7536,21.52,21.52,386476,386400,-0.4,-1.82,21.67,"April 28, 15",-0.0182,DVAX
2015-04-27,23.33,23.61,21.69,21.99,21.99,460488,460100,-1.34,-5.74,22.29,"April 27, 15",-0.0574,DVAX
2015-04-24,23.61,23.95,23.29,23.31,23.309999,263604,263600,-0.3,-1.27,23.57,"April 24, 15",-0.0127,DVAX
2015-04-23,23.36,23.85,23.24,23.69,23.690001,226064,226100,0.33,1.41,23.63,"April 23, 15",0.0141,DVAX
2015-04-22,23.58,23.89,23.13,23.41,23.41,275505,275500,-0.17,-0.72095,23.53,"April 22, 15",-0.0072095,DVAX
2015-04-21,23.66,23.95,23.27,23.48,23.48,288158,288200,-0.18,-0.76078,23.52,"April 21, 15",-0.0076078,DVAX
2015-04-20,23.5,23.92,23.04,23.48,23.48,384581,384600,-0.02,-0.08510638,23.5,"April 20, 15",-0.0008510638,DVAX
2015-04-17,23.88,23.95,22.96,23.58,23.58,459584,459600,-0.3,-1.26,23.39,"April 17, 15",-0.0126,DVAX
2015-04-16,22.95,24.6,22.95,24.16,24.16,602427,601300,1.21,5.27,24.01,"April 16, 15",0.0527,DVAX
2015-04-15,23.1,23.3899,22.62,22.93,22.93,247968,248000,-0.17,-0.73593,23.04,"April 15, 15",-0.0073593,DVAX
2015-04-14,22.9,23.31,22.708,23.0,23.0,256838,256500,0.1,0.43668,22.97,"April 14, 15",0.0043668,DVAX
2015-04-13,22.63,23.12,22.63,22.795,22.799999,224208,224100,0.165,0.72912,22.84,"April 13, 15",0.0072912,DVAX
2015-04-10,22.54,23.12,22.41,22.61,22.610001,262076,262100,0.07,0.31056,22.8,"April 10, 15",0.0031056,DVAX
2015-04-09,23.16,23.42,22.13,22.42,22.42,535037,534500,-0.74,-3.2,22.46,"April 09, 15",-0.032,DVAX
2015-04-08,22.77,23.43,22.7,23.09,23.09,542779,542800,0.32,1.41,23.05,"April 08, 15",0.0141,DVAX
2015-04-07,22.05,23.6,21.78,22.72,22.719999,527597,527600,0.67,3.04,23.05,"April 07, 15",0.0304,DVAX
2015-04-06,22.5,22.665,21.8,22.04,22.040001,796225,795800,-0.46,-2.04,22.08,"April 06, 15",-0.0204,DVAX
2015-04-02,22.56,22.7,21.76,22.61,22.610001,444913,444900,0.05,0.22163,22.27,"April 02, 15",0.0022163,DVAX
2015-04-01,22.46,22.92,21.45,22.49,22.49,460138,460100,0.03,0.13357,22.17,"April 01, 15",0.0013357,DVAX
2015-03-31,22.9,23.18,22.3,22.43,22.43,679566,679600,-0.47,-2.05,22.62,"March 31, 15",-0.0205,DVAX
2015-03-30,22.87,23.62,22.55,23.14,23.139999,400375,400400,0.27,1.18,23.15,"March 30, 15",0.0118,DVAX
2015-03-27,22.49,23.24,22.4101,22.7,22.700001,506258,505900,0.21,0.93375,22.84,"March 27, 15",0.0093375,DVAX
2015-03-26,23.48,23.48,22.01,22.37,22.370001,701826,701800,-1.11,-4.73,22.63,"March 26, 15",-0.0473,DVAX
2015-03-25,25.5,25.8092,23.2801,23.76,23.76,711148,711100,-1.74,-6.82,24.01,"March 25, 15",-0.0682,DVAX
2015-03-24,25.15,26.89,24.8894,25.44,25.440001,1452287,1452300,0.29,1.15,25.94,"March 24, 15",0.0115,DVAX
2015-03-23,23.56,25.49,23.12,25.06,25.059999,1537315,1537100,1.5,6.37,24.69,"March 23, 15",0.0637,DVAX
2015-03-20,23.35,23.8679,22.29,22.62,22.620001,614109,613400,-0.73,-3.13,22.78,"March 20, 15",-0.0313,DVAX
2015-03-19,22.39,23.25,22.24,23.19,23.190001,328657,328400,0.8,3.57,22.92,"March 19, 15",0.0357,DVAX
2015-03-18,22.79,22.9,22.11,22.39,22.389999,201392,200700,-0.4,-1.76,22.51,"March 18, 15",-0.0176,DVAX
2015-03-17,22.64,23.195,22.4,22.92,22.92,339906,339900,0.28,1.24,22.9,"March 17, 15",0.0124,DVAX
2015-03-16,22.57,22.99,22.36,22.705,22.709999,433022,433000,0.135,0.59814,22.74,"March 16, 15",0.0059814,DVAX
2015-03-13,21.92,22.9994,21.92,22.435,22.440001,570740,570700,0.515,2.35,22.54,"March 13, 15",0.0235,DVAX
2015-03-12,22.04,22.14,21.66,21.86,21.860001,227748,227100,-0.18,-0.8167,21.88,"March 12, 15",-0.008167,DVAX
2015-03-11,22.19,22.5,21.54,21.93,21.93,262137,262100,-0.26,-1.17,22.0,"March 11, 15",-0.0117,DVAX
2015-03-10,21.27,22.57,21.0,22.15,22.15,344400,344400,0.88,4.14,22.0,"March 10, 15",0.0414,DVAX
2015-03-09,21.34,21.74,20.73,21.63,21.629999,253692,253700,0.29,1.36,21.3,"March 09, 15",0.0136,DVAX
2015-03-06,21.46,21.65,20.55,21.32,21.32,418136,417500,-0.14,-0.65238,21.13,"March 06, 15",-0.0065238,DVAX
2015-03-05,21.43,22.4,20.7892,21.56,21.559999,618758,618800,0.13,0.60663,21.76,"March 05, 15",0.0060663,DVAX
2015-03-04,19.7,21.93,19.5315,21.305,21.309999,1001256,1001300,1.605,8.15,21.02,"March 04, 15",0.0815,DVAX
2015-03-03,18.9,19.85,18.76,19.72,19.719999,709070,708900,0.82,4.34,19.35,"March 03, 15",0.0434,DVAX
2015-03-02,17.85,19.17,17.68,18.81,18.809999,1107349,1107300,0.96,5.38,18.78,"March 02, 15",0.0538,DVAX
2015-02-27,17.52,17.72,17.38,17.6,17.6,292510,292500,0.08,0.45662,17.56,"February 27, 15",0.0045662,DVAX
2015-02-26,17.57,17.7,17.0045,17.5,17.5,149370,149300,-0.07,-0.39841,17.47,"February 26, 15",-0.0039841,DVAX
2015-02-25,17.03,17.78,16.89,17.535,17.540001,172585,172600,0.505,2.97,17.49,"February 25, 15",0.0297,DVAX
2015-02-24,17.64,17.65,16.75,17.07,17.07,202207,202200,-0.57,-3.23,17.2,"February 24, 15",-0.0323,DVAX
2015-02-23,17.73,17.86,17.38,17.57,17.57,158939,158900,-0.16,-0.90243,17.58,"February 23, 15",-0.0090243,DVAX
2015-02-20,17.81,17.93,17.71,17.75,17.75,188999,189000,-0.06,-0.33689,17.82,"February 20, 15",-0.0033689,DVAX
2015-02-19,17.47,18.16,17.37,17.765,17.77,304307,303900,0.295,1.69,17.88,"February 19, 15",0.0169,DVAX
2015-02-18,17.33,17.61,17.06,17.55,17.549999,294735,294700,0.22,1.27,17.41,"February 18, 15",0.0127,DVAX
2015-02-17,16.92,17.49,16.88,17.37,17.370001,422012,422000,0.45,2.66,17.26,"February 17, 15",0.0266,DVAX
2015-02-13,16.42,17.2,16.0,16.96,16.959999,331980,331900,0.54,3.29,16.78,"February 13, 15",0.0329,DVAX
2015-02-12,16.25,16.34,15.92,16.3,16.299999,166379,166300,0.05,0.30769,16.17,"February 12, 15",0.0030769,DVAX
2015-02-11,16.25,16.45,15.86,16.2,16.200001,243265,243200,-0.05,-0.30769,16.11,"February 11, 15",-0.0030769,DVAX
2015-02-10,16.1,16.38,15.84,16.2,16.200001,312699,312300,0.1,0.62112,16.2,"February 10, 15",0.0062112,DVAX
2015-02-09,16.12,16.61,15.87,16.0,16.0,292085,291600,-0.12,-0.74442,16.15,"February 09, 15",-0.0074442,DVAX
2015-02-06,16.45,17.06,16.05,16.14,16.139999,187131,187100,-0.31,-1.88,16.45,"February 06, 15",-0.0188,DVAX
2015-02-05,16.29,16.66,16.21,16.47,16.469999,256073,255400,0.18,1.1,16.5,"February 05, 15",0.011,DVAX
2015-02-04,16.21,16.28,15.8,16.18,16.18,209920,209500,-0.03,-0.18507,16.09,"February 04, 15",-0.0018507,DVAX
2015-02-03,16.51,16.52,16.0,16.35,16.35,249670,249400,-0.16,-0.96911,16.26,"February 03, 15",-0.0096911,DVAX
2015-02-02,17.17,17.4199,16.22,16.42,16.42,284299,284300,-0.75,-4.37,16.59,"February 02, 15",-0.0437,DVAX
2015-01-30,16.99,17.59,16.8,17.1,17.1,745005,745000,0.11,0.64744,17.13,"January 30, 15",0.0064744,DVAX
2015-01-29,17.03,17.16,16.57,17.1,17.1,309151,309200,0.07,0.41104,16.93,"January 29, 15",0.0041104,DVAX
2015-01-28,18.14,18.33,16.67,17.01,17.01,787993,787500,-1.13,-6.23,17.27,"January 28, 15",-0.0623,DVAX
2015-01-27,18.19,18.72,17.93,18.1,18.1,315626,315600,-0.09,-0.49478,18.31,"January 27, 15",-0.0049478,DVAX
2015-01-26,17.49,18.4,17.2,18.4,18.4,419509,418700,0.91,5.2,18.07,"January 26, 15",0.052,DVAX
2015-01-23,17.94,17.94,17.34,17.54,17.540001,381829,381800,-0.4,-2.23,17.56,"January 23, 15",-0.0223,DVAX
2015-01-22,18.09,18.3,17.46,17.99,17.99,271774,271800,-0.1,-0.55279,17.92,"January 22, 15",-0.0055279,DVAX
2015-01-21,17.89,18.23,17.65,18.03,18.030001,327786,327300,0.14,0.78256,17.95,"January 21, 15",0.0078256,DVAX
2015-01-20,18.12,18.3699,17.17,18.15,18.15,233023,232800,0.03,0.16556,17.82,"January 20, 15",0.0016556,DVAX
2015-01-16,17.84,18.4,17.77,18.09,18.09,246809,246700,0.25,1.4,17.99,"January 16, 15",0.014,DVAX
2015-01-15,18.75,18.75,17.66,17.92,17.92,400752,400800,-0.83,-4.43,18.18,"January 15, 15",-0.0443,DVAX
2015-01-14,18.12,18.76,17.42,18.75,18.75,504408,504400,0.63,3.48,18.3,"January 14, 15",0.0348,DVAX
2015-01-13,18.61,18.85,18.04,18.27,18.27,647832,647400,-0.34,-1.83,18.52,"January 13, 15",-0.0183,DVAX
2015-01-12,18.11,18.8,17.8429,18.58,18.58,606545,606300,0.47,2.6,18.54,"January 12, 15",0.026,DVAX
2015-01-09,18.02,18.09,17.5,17.71,17.709999,386139,386100,-0.31,-1.72,17.83,"January 09, 15",-0.0172,DVAX
2015-01-08,17.96,18.1,17.66,17.97,17.969999,313405,312700,0.01,0.05567929,17.92,"January 08, 15",0.0005567929,DVAX
2015-01-07,17.29,17.92,17.286,17.85,17.85,274851,274900,0.56,3.24,17.6,"January 07, 15",0.0324,DVAX
2015-01-06,17.51,17.64,16.9,17.2,17.200001,254928,254900,-0.31,-1.77,17.21,"January 06, 15",-0.0177,DVAX
2015-01-05,17.25,17.75,17.06,17.48,17.48,362497,362500,0.23,1.33,17.46,"January 05, 15",0.0133,DVAX
2015-01-02,17.03,17.67,17.0,17.41,17.41,258565,258600,0.38,2.23,17.4,"January 02, 15",0.0223,DVAX
2014-12-31,17.16,17.48,16.778,16.86,16.860001,221598,221600,-0.3,-1.75,17.03,"December 31, 14",-0.0175,DVAX
2014-12-30,16.3,18.12,16.19,17.02,17.02,452253,452300,0.72,4.42,17.24,"December 30, 14",0.0442,DVAX
2014-12-29,15.58,16.33,15.58,16.32,16.32,274126,273500,0.74,4.75,15.97,"December 29, 14",0.0475,DVAX
2014-12-26,15.49,15.75,15.35,15.62,15.62,101503,101200,0.13,0.83925,15.63,"December 26, 14",0.0083925,DVAX
2014-12-24,15.02,15.6,15.0,15.35,15.35,142346,142300,0.33,2.2,15.37,"December 24, 14",0.022,DVAX
2014-12-23,15.17,15.24,14.62,15.05,15.05,356602,356500,-0.12,-0.79103,14.98,"December 23, 14",-0.0079103,DVAX
2014-12-22,15.31,15.45,14.572,15.13,15.13,236709,236500,-0.18,-1.18,15.02,"December 22, 14",-0.0118,DVAX
2014-12-19,15.5,15.79,15.24,15.34,15.34,781926,781900,-0.16,-1.03,15.41,"December 19, 14",-0.0103,DVAX
2014-12-18,15.24,15.65,15.14,15.52,15.52,188473,188500,0.28,1.84,15.5,"December 18, 14",0.0184,DVAX
2014-12-17,14.34,15.24,14.26,15.12,15.12,209865,206100,0.78,5.44,14.93,"December 17, 14",0.0544,DVAX
2014-12-16,14.32,15.13,14.1807,14.34,14.34,284042,282100,0.02,0.13966,14.58,"December 16, 14",0.0013966,DVAX
2014-12-15,15.98,16.11,14.35,14.37,14.37,395160,394700,-1.61,-10.08,14.79,"December 15, 14",-0.1008,DVAX
2014-12-12,15.45,16.3199,15.21,15.94,15.94,515996,514500,0.49,3.17,15.92,"December 12, 14",0.0317,DVAX
2014-12-11,15.41,15.71,15.06,15.2,15.2,148378,148400,-0.21,-1.36,15.35,"December 11, 14",-0.0136,DVAX
2014-12-10,15.84,16.03,15.29,15.38,15.38,192196,191000,-0.46,-2.9,15.57,"December 10, 14",-0.029,DVAX
2014-12-09,15.67,16.09,15.17,15.91,15.91,363654,359700,0.24,1.53,15.85,"December 09, 14",0.0153,DVAX
2014-12-08,15.28,15.9,14.91,15.81,15.81,357778,355300,0.53,3.47,15.63,"December 08, 14",0.0347,DVAX
2014-12-05,14.96,15.35,14.9432,15.27,15.27,243839,243800,0.31,2.07,15.18,"December 05, 14",0.0207,DVAX
2014-12-04,15.11,15.11,14.77,14.87,14.87,167883,167900,-0.24,-1.59,14.93,"December 04, 14",-0.0159,DVAX
2014-12-03,15.29,15.44,14.99,15.09,15.09,237452,237000,-0.2,-1.31,15.22,"December 03, 14",-0.0131,DVAX
2014-12-02,14.09,15.24,13.99,15.21,15.21,281938,281900,1.12,7.95,14.99,"December 02, 14",0.0795,DVAX
2014-12-01,14.76,14.84,14.0,14.09,14.09,322901,322900,-0.67,-4.54,14.18,"December 01, 14",-0.0454,DVAX
2014-11-28,15.07,15.44,14.8201,14.86,14.86,163762,163800,-0.21,-1.39,15.12,"November 28, 14",-0.0139,DVAX
2014-11-26,14.43,15.27,14.238,15.1,15.1,319975,320000,0.67,4.64,14.81,"November 26, 14",0.0464,DVAX
2014-11-25,14.43,14.56,14.1,14.38,14.38,261974,262000,-0.05,-0.3465,14.36,"November 25, 14",-0.003465,DVAX
2014-11-24,14.28,14.68,14.0201,14.39,14.39,364334,364300,0.11,0.77031,14.38,"November 24, 14",0.0077031,DVAX
2014-11-21,14.67,14.67,14.0001,14.29,14.29,401654,401700,-0.38,-2.59,14.33,"November 21, 14",-0.0259,DVAX
2014-11-20,14.28,14.58,14.1,14.51,14.51,289886,289900,0.23,1.61,14.4,"November 20, 14",0.0161,DVAX
2014-11-19,14.64,14.64,14.135,14.32,14.32,423690,423700,-0.32,-2.19,14.42,"November 19, 14",-0.0219,DVAX
2014-11-18,14.46,14.8,14.3,14.67,14.67,603451,603500,0.21,1.45,14.58,"November 18, 14",0.0145,DVAX
2014-11-17,14.61,14.7001,14.11,14.46,14.46,539121,539100,-0.15,-1.03,14.41,"November 17, 14",-0.0103,DVAX
2014-11-14,15.56,15.635,14.54,14.68,14.68,469457,469500,-0.88,-5.66,14.95,"November 14, 14",-0.0566,DVAX
2014-11-13,16.0,16.279,15.47,15.6,15.6,448982,449000,-0.4,-2.5,15.83,"November 13, 14",-0.025,DVAX
2014-11-12,16.53,16.53,15.79,16.04,16.040001,367721,367700,-0.49,-2.96,16.09,"November 12, 14",-0.0296,DVAX
2014-11-11,15.5,17.12,15.36,16.6,16.6,831198,831200,1.1,7.1,16.53,"November 11, 14",0.071,DVAX
2014-11-10,15.51,16.4022,15.05,15.98,15.98,590911,590900,0.47,3.03,15.75,"November 10, 14",0.0303,DVAX
2014-11-07,15.8,16.0,15.4,15.9,15.9,131434,1314344,0.1,0.63291,15.62,"November 07, 14",0.0063291,DVAX
2014-11-06,15.4,16.6,15.2,15.9,15.9,403455,4034551,0.5,3.25,15.8,"November 06, 14",0.0325,DVAX
2014-11-05,15.4,16.3,15.3,15.5,15.5,242844,2428447,0.1,0.64935,15.55,"November 05, 14",0.0064935,DVAX
2014-11-04,15.9,16.5,15.856,16.2,16.200001,121355,1213552,0.3,1.89,16.19,"November 04, 14",0.0189,DVAX
2014-11-03,16.6,16.773,15.6,15.9,15.9,186093,1860939,-0.7,-4.22,15.94,"November 03, 14",-0.0422,DVAX
2014-10-31,17.2,17.4,16.4,16.4,16.4,438476,4384765,-0.8,-4.65,16.94,"October 31, 14",-0.0465,DVAX
2014-10-30,16.8,17.0,16.5,16.9,16.9,193513,1935132,0.1,0.59524,16.86,"October 30, 14",0.0059524,DVAX
2014-10-29,16.9,17.1,15.9,16.8,16.799999,141235,1412351,-0.1,-0.59172,16.61,"October 29, 14",-0.0059172,DVAX
2014-10-28,16.6,17.4,16.5,16.8,16.799999,312077,3120772,0.2,1.2,16.89,"October 28, 14",0.012,DVAX
2014-10-27,16.2,17.3,15.9,16.8,16.799999,677603,6776038,0.6,3.7,16.91,"October 27, 14",0.037,DVAX
2014-10-24,15.3,16.3,15.2,16.2,16.200001,509910,5099105,0.9,5.88,15.93,"October 24, 14",0.0588,DVAX
2014-10-23,14.8,15.3,14.35,15.3,15.3,1087924,10879240,0.5,3.38,14.97,"October 23, 14",0.0338,DVAX
2014-10-22,15.2,15.5,14.6,14.7,14.7,250532,2505325,-0.5,-3.29,14.96,"October 22, 14",-0.0329,DVAX
2014-10-21,15.1,15.3,14.9,15.1,15.1,89704,897045,0.0,0.0,15.09,"October 21, 14",0.0,DVAX
2014-10-20,14.8,15.3,14.8,15.1,15.1,398308,3983089,0.3,2.03,14.99,"October 20, 14",0.0203,DVAX
2014-10-17,15.1,15.2,14.7,14.8,14.8,107115,1071156,-0.3,-1.99,14.94,"October 17, 14",-0.0199,DVAX
2014-10-16,14.2,15.0,14.0,14.9,14.9,139488,1394886,0.7,4.93,14.7,"October 16, 14",0.0493,DVAX
2014-10-15,14.2,14.5,13.9,14.4,14.4,101134,1011348,0.2,1.41,14.29,"October 15, 14",0.0141,DVAX
2014-10-14,14.0,14.6,13.9,14.5,14.5,138861,1388611,0.5,3.57,14.34,"October 14, 14",0.0357,DVAX
2014-10-13,13.8,14.55,13.4,13.8,13.8,141897,1418974,0.0,0.0,13.94,"October 13, 14",0.0,DVAX
2014-10-10,14.0,14.6,13.7,13.7,13.7,139414,1394143,-0.3,-2.14,14.0,"October 10, 14",-0.0214,DVAX
2014-10-09,14.6,14.8,14.1,14.1,14.1,114966,1149661,-0.5,-3.42,14.49,"October 09, 14",-0.0342,DVAX
2014-10-08,14.3,15.3,14.1,14.5,14.5,184155,1841554,0.2,1.4,14.55,"October 08, 14",0.014,DVAX
2014-10-07,14.3,14.7,14.1,14.1,14.1,82178,821781,-0.2,-1.4,14.36,"October 07, 14",-0.014,DVAX
2014-10-06,14.5,14.8,14.4,14.5,14.5,78758,787589,0.0,0.0,14.62,"October 06, 14",0.0,DVAX
2014-10-03,14.6,14.6,14.2,14.6,14.6,65262,652620,0.0,0.0,14.46,"October 03, 14",0.0,DVAX
2014-10-02,14.1,14.5,14.1,14.4,14.4,64014,640141,0.3,2.13,14.32,"October 02, 14",0.0213,DVAX
2014-10-01,14.2,14.4,14.1,14.2,14.2,124046,1240461,0.0,0.0,14.23,"October 01, 14",0.0,DVAX
2014-09-30,15.3,15.3,14.3,14.3,14.3,162072,1620722,-1.0,-6.54,14.62,"September 30, 14",-0.0654,DVAX
2014-09-29,14.1,15.2,14.0,14.6,14.6,330242,3302426,0.5,3.55,14.66,"September 29, 14",0.0355,DVAX
2014-09-26,14.2,14.3,14.0,14.2,14.2,49610,496100,0.0,0.0,14.13,"September 26, 14",0.0,DVAX
2014-09-25,14.5,14.5,14.2,14.2,14.2,100615,1006158,-0.3,-2.07,14.31,"September 25, 14",-0.0207,DVAX
2014-09-24,14.2,14.55,14.0,14.5,14.5,118164,1181648,0.3,2.11,14.36,"September 24, 14",0.0211,DVAX
2014-09-23,14.0,14.3,13.7,14.1,14.1,120961,1209611,0.1,0.71429,14.1,"September 23, 14",0.0071429,DVAX
2014-09-22,14.5,14.7,14.0,14.2,14.2,218059,2180596,-0.3,-2.07,14.29,"September 22, 14",-0.0207,DVAX
2014-09-19,13.5,14.7,13.4,14.4,14.4,502584,5025847,0.9,6.67,14.18,"September 19, 14",0.0667,DVAX
2014-09-18,13.5,13.6,13.4,13.5,13.5,92046,920461,0.0,0.0,13.51,"September 18, 14",0.0,DVAX
2014-09-17,13.4,13.75,13.2,13.4,13.4,50291,502911,0.0,0.0,13.53,"September 17, 14",0.0,DVAX
2014-09-16,13.9,13.9,13.2,13.5,13.5,229190,2291907,-0.4,-2.88,13.42,"September 16, 14",-0.0288,DVAX
2014-09-15,14.2,14.2,13.7,13.8,13.8,99154,991540,-0.4,-2.82,13.85,"September 15, 14",-0.0282,DVAX
2014-09-12,14.3,14.3,14.0,14.1,14.1,89244,892443,-0.2,-1.4,14.08,"September 12, 14",-0.014,DVAX
2014-09-11,14.1,14.4,13.9,14.3,14.3,95166,951660,0.2,1.42,14.12,"September 11, 14",0.0142,DVAX
2014-09-10,13.6,14.3,13.6,14.3,14.3,308429,3084294,0.7,5.15,14.15,"September 10, 14",0.0515,DVAX
2014-09-09,13.7,14.3,13.7,13.8,13.8,91423,914237,0.1,0.72993,13.99,"September 09, 14",0.0072993,DVAX
2014-09-08,13.7,13.9,13.7,13.9,13.9,59998,599985,0.2,1.46,13.84,"September 08, 14",0.0146,DVAX
2014-09-05,13.9,13.9,13.6,13.8,13.8,99085,990853,-0.1,-0.71942,13.77,"September 05, 14",-0.0071942,DVAX
2014-09-04,14.0,14.2,13.8,13.8,13.8,57312,573129,-0.2,-1.43,13.89,"September 04, 14",-0.0143,DVAX
2014-09-03,14.0,14.1,13.8,13.8,13.8,119999,1199994,-0.2,-1.43,13.94,"September 03, 14",-0.0143,DVAX
2014-09-02,14.3,14.5,13.9,14.0,14.0,103881,1038815,-0.3,-2.1,14.11,"September 02, 14",-0.021,DVAX
2014-08-29,14.2,14.4,13.8,14.2,14.2,161487,1614877,0.0,0.0,14.06,"August 29, 14",0.0,DVAX
2014-08-28,14.0,14.3,13.8,13.8,13.8,83372,833729,-0.2,-1.43,13.96,"August 28, 14",-0.0143,DVAX
2014-08-27,14.5,14.5,13.9,14.2,14.2,162546,1625465,-0.3,-2.07,14.09,"August 27, 14",-0.0207,DVAX
2014-08-26,14.4,14.6,14.3,14.5,14.5,78745,787459,0.1,0.69444,14.46,"August 26, 14",0.0069444,DVAX
2014-08-25,14.3,14.6,14.3,14.3,14.3,53955,539558,0.0,0.0,14.42,"August 25, 14",0.0,DVAX
2014-08-22,14.1,14.5,13.8,14.3,14.3,111870,1118703,0.2,1.42,14.27,"August 22, 14",0.0142,DVAX
2014-08-21,14.3,14.3,14.0,14.1,14.1,69096,690961,-0.2,-1.4,14.09,"August 21, 14",-0.014,DVAX
2014-08-20,14.2,14.4,14.1,14.2,14.2,56879,568797,0.0,0.0,14.27,"August 20, 14",0.0,DVAX
2014-08-19,14.6,14.7,14.1,14.1,14.1,155015,1550156,-0.5,-3.42,14.26,"August 19, 14",-0.0342,DVAX
2014-08-18,14.9,14.9,14.4,14.7,14.7,87377,873779,-0.2,-1.34,14.68,"August 18, 14",-0.0134,DVAX
2014-08-15,15.3,15.3,14.5,14.6,14.6,146926,1469263,-0.7,-4.58,14.92,"August 15, 14",-0.0458,DVAX
2014-08-14,14.8,15.4,14.6,14.9,14.9,146421,1464210,0.1,0.67568,15.04,"August 14, 14",0.0067568,DVAX
2014-08-13,14.5,14.9,14.4,14.7,14.7,52263,522638,0.2,1.38,14.66,"August 13, 14",0.0138,DVAX
2014-08-12,14.6,15.2,14.1,14.5,14.5,123675,1236757,-0.1,-0.68493,14.64,"August 12, 14",-0.0068493,DVAX
2014-08-11,13.9,14.79,13.8,14.6,14.6,120690,1206909,0.7,5.04,14.39,"August 11, 14",0.0504,DVAX
2014-08-08,14.3,14.3,13.7,13.8,13.8,143899,1438998,-0.5,-3.5,13.9,"August 08, 14",-0.035,DVAX
2014-08-07,14.6,15.0,14.3,14.4,14.4,170893,1708930,-0.2,-1.37,14.5,"August 07, 14",-0.0137,DVAX
2014-08-06,14.7,15.3,14.7,15.2,15.2,171199,1711994,0.5,3.4,15.02,"August 06, 14",0.034,DVAX
2014-08-05,14.9,15.2,14.8,15.1,15.1,161452,1614520,0.2,1.34,15.0,"August 05, 14",0.0134,DVAX
2014-08-04,14.5,15.05,14.4,14.9,14.9,219980,2199800,0.4,2.76,14.8,"August 04, 14",0.0276,DVAX
2014-08-01,14.7,14.8,14.1,14.3,14.3,196811,1968116,-0.4,-2.72,14.41,"August 01, 14",-0.0272,DVAX
2014-07-31,14.8,15.1,14.6,14.8,14.8,145891,1458917,0.0,0.0,14.81,"July 31, 14",0.0,DVAX
2014-07-30,14.7,15.3,14.7,15.1,15.1,190751,1907513,0.4,2.72,15.07,"July 30, 14",0.0272,DVAX
2014-07-29,13.7,14.8,13.7,14.57,14.6,696925,6969256,0.87,6.35,14.19,"July 29, 14",0.0635,DVAX
2014-07-28,13.7,14.045,13.1,13.7,13.7,237941,2379411,0.0,0.0,13.51,"July 28, 14",0.0,DVAX
2014-07-25,13.8,14.1,13.6,13.8,13.8,96757,967577,0.0,0.0,13.85,"July 25, 14",0.0,DVAX
2014-07-24,14.3,14.4,13.85,14.1,14.1,84418,844180,-0.2,-1.4,14.13,"July 24, 14",-0.014,DVAX
2014-07-23,14.1,14.5,14.0,14.1,14.1,107871,1078717,0.0,0.0,14.17,"July 23, 14",0.0,DVAX
2014-07-22,14.2,14.5,14.0,14.1,14.1,148872,1488728,-0.1,-0.70423,14.24,"July 22, 14",-0.0070423,DVAX
2014-07-21,14.1,14.6,13.8,14.1,14.1,240893,2408937,0.0,0.0,14.31,"July 21, 14",0.0,DVAX
2014-07-18,13.5,14.2,13.4,14.2,14.2,314394,3143947,0.7,5.19,13.97,"July 18, 14",0.0519,DVAX
2014-07-17,14.2,14.4,13.4,13.7,13.7,348694,3486943,-0.5,-3.52,13.76,"July 17, 14",-0.0352,DVAX
2014-07-16,14.8,14.9,14.2,14.3,14.3,217897,2178973,-0.5,-3.38,14.52,"July 16, 14",-0.0338,DVAX
2014-07-15,15.3,15.5,14.5,14.7,14.7,245292,2452924,-0.6,-3.92,14.79,"July 15, 14",-0.0392,DVAX
2014-07-14,15.5,15.7,15.3,15.4,15.4,59709,597091,-0.1,-0.64516,15.48,"July 14, 14",-0.0064516,DVAX
2014-07-11,15.1,15.8,15.1,15.4,15.4,74308,743082,0.3,1.99,15.33,"July 11, 14",0.0199,DVAX
2014-07-10,14.5,15.6,14.3,15.2,15.2,206953,2069530,0.7,4.83,15.1,"July 10, 14",0.0483,DVAX
2014-07-09,15.4,15.6,15.0,15.0,15.0,159613,1596132,-0.4,-2.6,15.19,"July 09, 14",-0.026,DVAX
2014-07-08,15.9,15.9,15.0,15.3,15.3,304078,3040786,-0.6,-3.77,15.4,"July 08, 14",-0.0377,DVAX
2014-07-07,15.8,16.2,15.7,15.9,15.9,164732,1647324,0.1,0.63291,15.97,"July 07, 14",0.0063291,DVAX
2014-07-03,15.6,15.9,15.3,15.8,15.8,73865,738659,0.2,1.28,15.62,"July 03, 14",0.0128,DVAX
2014-07-02,15.7,15.985,15.5,15.5,15.5,144988,1449889,-0.2,-1.27,15.67,"July 02, 14",-0.0127,DVAX
2014-07-01,16.0,16.3,15.6,15.8,15.8,279969,2799696,-0.2,-1.25,15.96,"July 01, 14",-0.0125,DVAX
2014-06-30,16.2,16.4,15.0,16.0,16.0,201937,2019375,-0.2,-1.23,15.86,"June 30, 14",-0.0123,DVAX
2014-06-27,15.6,16.2,15.4,16.2,16.200001,832688,8326881,0.6,3.85,16.09,"June 27, 14",0.0385,DVAX
2014-06-26,15.8,15.9,15.4,15.7,15.7,101700,1017005,-0.1,-0.63291,15.73,"June 26, 14",-0.0063291,DVAX
2014-06-25,15.5,16.0,15.3,15.8,15.8,125739,1257398,0.3,1.94,15.63,"June 25, 14",0.0194,DVAX
2014-06-24,16.4,16.6,15.5,15.7,15.7,413751,4137515,-0.7,-4.27,15.98,"June 24, 14",-0.0427,DVAX
2014-06-23,16.0,16.2,15.7,15.7,15.7,83792,837926,-0.3,-1.88,15.91,"June 23, 14",-0.0188,DVAX
2014-06-20,15.7,16.3,15.5,15.9,15.9,364258,3642584,0.2,1.27,15.87,"June 20, 14",0.0127,DVAX
2014-06-19,15.7,15.8,15.5,15.6,15.6,62982,629823,-0.1,-0.63694,15.6,"June 19, 14",-0.0063694,DVAX
2014-06-18,15.9,16.0,15.4,15.7,15.7,87052,870521,-0.2,-1.26,15.66,"June 18, 14",-0.0126,DVAX
2014-06-17,15.3,16.3,15.1,15.8,15.8,296550,2965506,0.5,3.27,15.59,"June 17, 14",0.0327,DVAX
2014-06-16,15.7,15.9,15.3,15.4,15.4,104602,1046026,-0.3,-1.91,15.6,"June 16, 14",-0.0191,DVAX
2014-06-13,15.6,15.65,15.3,15.6,15.6,94165,941651,0.0,0.0,15.49,"June 13, 14",0.0,DVAX
2014-06-12,15.7,15.7,15.1,15.4,15.4,125458,1254584,-0.3,-1.91,15.35,"June 12, 14",-0.0191,DVAX
2014-06-11,15.3,16.2,15.2,15.6,15.6,219988,2199881,0.3,1.96,15.62,"June 11, 14",0.0196,DVAX
2014-06-10,15.2,15.4,14.8,15.3,15.3,227912,2279123,0.1,0.65789,15.12,"June 10, 14",0.0065789,DVAX
2014-06-09,14.3,15.35,14.3,14.9,14.9,367909,3679093,0.6,4.2,14.97,"June 09, 14",0.042,DVAX
2014-06-06,14.2,14.3,14.0,14.2,14.2,80663,806635,0.0,0.0,14.18,"June 06, 14",0.0,DVAX
2014-06-05,14.0,14.3,13.9,14.0,14.0,71014,710146,0.0,0.0,14.09,"June 05, 14",0.0,DVAX
2014-06-04,13.8,14.2,13.7,13.9,13.9,76985,769856,0.1,0.72464,13.96,"June 04, 14",0.0072464,DVAX
2014-06-03,14.0,14.35,13.7,14.0,14.0,101036,1010364,0.0,0.0,14.0,"June 03, 14",0.0,DVAX
2014-06-02,14.3,14.5,13.9,14.0,14.0,135446,1354468,-0.3,-2.1,14.15,"June 02, 14",-0.021,DVAX
2014-05-30,14.5,14.5,14.2,14.4,14.4,138709,1387098,-0.1,-0.68966,14.34,"May 30, 14",-0.0068966,DVAX
2014-05-29,14.5,14.6,14.3,14.3,14.3,72678,726787,-0.2,-1.38,14.41,"May 29, 14",-0.0138,DVAX
2014-05-28,14.2,14.7,14.2,14.4,14.4,176729,1767293,0.2,1.41,14.45,"May 28, 14",0.0141,DVAX
2014-05-27,14.0,14.2,13.9,14.2,14.2,110732,1107328,0.2,1.43,14.02,"May 27, 14",0.0143,DVAX
2014-05-23,13.7,13.8,13.3,13.8,13.8,86166,861662,0.1,0.72993,13.66,"May 23, 14",0.0072993,DVAX
2014-05-22,13.3,13.8,13.1,13.6,13.6,122537,1225376,0.3,2.26,13.59,"May 22, 14",0.0226,DVAX
2014-05-21,13.3,13.8,13.05,13.3,13.3,245796,2457968,0.0,0.0,13.58,"May 21, 14",0.0,DVAX
2014-05-20,13.9,13.9,12.8,13.2,13.2,155582,1555828,-0.7,-5.04,13.16,"May 20, 14",-0.0504,DVAX
2014-05-19,13.1,13.4,12.8,13.4,13.4,147176,1471765,0.3,2.29,13.17,"May 19, 14",0.0229,DVAX
2014-05-16,13.2,13.6,12.6,13.1,13.1,192024,1920245,-0.1,-0.75758,12.89,"May 16, 14",-0.0075758,DVAX
2014-05-15,13.5,13.8,13.0,13.2,13.2,195405,1954056,-0.3,-2.22,13.21,"May 15, 14",-0.0222,DVAX
2014-05-14,13.7,14.1,13.5,13.6,13.6,172696,1726964,-0.1,-0.72993,13.74,"May 14, 14",-0.0072993,DVAX
2014-05-13,14.5,14.8,13.8,13.8,13.8,181670,1816703,-0.7,-4.83,14.02,"May 13, 14",-0.0483,DVAX
2014-05-12,14.0,14.5,13.8,14.4,14.4,130959,1309598,0.4,2.86,14.17,"May 12, 14",0.0286,DVAX
2014-05-09,13.1,14.1,13.0,13.8,13.8,320864,3208644,0.7,5.34,13.64,"May 09, 14",0.0534,DVAX
2014-05-08,14.7,14.8,12.5,13.0,13.0,835555,8355551,-1.7,-11.56,13.0,"May 08, 14",-0.1156,DVAX
2014-05-07,14.7,15.0,13.9,14.8,14.8,227278,2272789,0.1,0.68027,14.53,"May 07, 14",0.0068027,DVAX
2014-05-06,15.5,15.9,14.5,14.6,14.6,268865,2688658,-0.9,-5.81,14.96,"May 06, 14",-0.0581,DVAX
2014-05-05,15.2,15.9,14.6,15.7,15.7,121253,1212538,0.5,3.29,15.39,"May 05, 14",0.0329,DVAX
2014-05-02,16.0,16.1,15.2,15.2,15.2,149707,1497072,-0.8,-5.0,15.51,"May 02, 14",-0.05,DVAX
2014-05-01,16.2,16.5,15.6,15.9,15.9,154465,1544658,-0.3,-1.85,15.93,"May 01, 14",-0.0185,DVAX
2014-04-30,15.7,16.3,15.3,16.3,16.299999,194981,1949811,0.6,3.82,16.01,"April 30, 14",0.0382,DVAX
2014-04-29,15.2,16.3,15.1,15.7,15.7,223208,2232088,0.5,3.29,15.69,"April 29, 14",0.0329,DVAX
2014-04-28,15.0,15.5,14.5,15.1,15.1,221628,2216280,0.1,0.66667,14.92,"April 28, 14",0.0066667,DVAX
2014-04-25,15.4,15.5,14.8,15.0,15.0,249036,2490360,-0.4,-2.6,15.09,"April 25, 14",-0.026,DVAX
2014-04-24,15.8,16.0,14.8,15.6,15.6,183279,1832795,-0.2,-1.27,15.28,"April 24, 14",-0.0127,DVAX
2014-04-23,16.3,16.3,15.6,15.8,15.8,149877,1498779,-0.5,-3.07,15.88,"April 23, 14",-0.0307,DVAX
2014-04-22,15.5,16.3,15.2,16.3,16.299999,163209,1632090,0.8,5.16,16.03,"April 22, 14",0.0516,DVAX
2014-04-21,15.0,15.5,14.7,15.4,15.4,106105,1061056,0.4,2.67,15.17,"April 21, 14",0.0267,DVAX
2014-04-17,15.0,15.3,14.6,15.0,15.0,111620,1116203,0.0,0.0,15.03,"April 17, 14",0.0,DVAX
2014-04-16,14.6,15.35,14.3,15.0,15.0,258830,2588308,0.4,2.74,14.92,"April 16, 14",0.0274,DVAX
2014-04-15,15.2,15.4,14.0,14.5,14.5,483605,4836051,-0.7,-4.61,14.52,"April 15, 14",-0.0461,DVAX
2014-04-14,15.9,16.0,14.3,15.0,15.0,788575,7885759,-0.9,-5.66,15.33,"April 14, 14",-0.0566,DVAX
2014-04-11,15.7,16.6,15.4,15.6,15.6,305631,3056314,-0.1,-0.63694,15.88,"April 11, 14",-0.0063694,DVAX
2014-04-10,17.0,17.1,16.0,16.1,16.1,149264,1492648,-0.9,-5.29,16.33,"April 10, 14",-0.0529,DVAX
2014-04-09,16.7,17.2,16.4,17.1,17.1,145074,1450747,0.4,2.4,16.94,"April 09, 14",0.024,DVAX
2014-04-08,16.1,16.7,15.8,16.5,16.5,165340,1653401,0.4,2.48,16.26,"April 08, 14",0.0248,DVAX
2014-04-07,16.1,16.6,15.699,16.05,16.1,329482,3294828,-0.05,-0.31056,16.04,"April 07, 14",-0.0031056,DVAX
2014-04-04,16.9,17.0,15.5,16.2,16.200001,380443,3804431,-0.7,-4.14,16.08,"April 04, 14",-0.0414,DVAX
2014-04-03,17.3,17.4,16.6,16.7,16.700001,190990,1909905,-0.6,-3.47,16.86,"April 03, 14",-0.0347,DVAX
2014-04-02,17.9,18.2,17.1,17.2,17.200001,161980,1619807,-0.7,-3.91,17.35,"April 02, 14",-0.0391,DVAX
2014-04-01,18.4,18.4,17.1,17.8,17.799999,161009,1610094,-0.6,-3.26,17.65,"April 01, 14",-0.0326,DVAX
2014-03-31,17.0,18.1,16.6,18.075,18.1,304720,3047207,1.075,6.32,17.52,"March 31, 14",0.0632,DVAX
2014-03-28,17.6,17.75,16.6,16.9,16.9,292361,2923618,-0.7,-3.98,17.05,"March 28, 14",-0.0398,DVAX
2014-03-27,16.7,17.8,16.2,17.8,17.799999,748211,7482114,1.1,6.59,16.91,"March 27, 14",0.0659,DVAX
2014-03-26,17.4,17.6,16.8,16.8,16.799999,382605,3826055,-0.6,-3.45,17.13,"March 26, 14",-0.0345,DVAX
2014-03-25,17.6,17.9,16.8,17.4,17.4,357804,3578044,-0.2,-1.14,17.18,"March 25, 14",-0.0114,DVAX
2014-03-24,18.6,18.8,17.3,17.3,17.299999,385413,3854133,-1.3,-6.99,17.63,"March 24, 14",-0.0699,DVAX
2014-03-21,19.0,19.1,18.05,18.5,18.5,651046,6510463,-0.5,-2.63,18.45,"March 21, 14",-0.0263,DVAX
2014-03-20,18.7,19.3,18.4,18.8,18.799999,140101,1401016,0.1,0.53476,18.89,"March 20, 14",0.0053476,DVAX
2014-03-19,19.1,19.2,18.5,18.7,18.700001,153457,1534572,-0.4,-2.09,18.86,"March 19, 14",-0.0209,DVAX
2014-03-18,18.5,19.0,18.3,19.0,19.0,254212,2542128,0.5,2.7,18.72,"March 18, 14",0.027,DVAX
2014-03-17,18.3,18.8,18.1,18.4,18.4,379741,3797410,0.1,0.54645,18.35,"March 17, 14",0.0054645,DVAX
2014-03-14,18.3,18.7,18.1,18.2,18.200001,171080,1710808,-0.1,-0.54645,18.31,"March 14, 14",-0.0054645,DVAX
2014-03-13,18.7,18.9,18.1,18.3,18.299999,268104,2681047,-0.4,-2.14,18.5,"March 13, 14",-0.0214,DVAX
2014-03-12,18.1,18.9,17.8,18.6,18.6,255114,2551140,0.5,2.76,18.44,"March 12, 14",0.0276,DVAX
2014-03-11,18.8,19.3,17.9,18.1,18.1,427197,4271977,-0.7,-3.72,18.56,"March 11, 14",-0.0372,DVAX
2014-03-10,18.6,19.2,18.1,18.8,18.799999,287952,2879524,0.2,1.08,18.66,"March 10, 14",0.0108,DVAX
2014-03-07,19.3,19.55,18.5,18.9,18.9,340658,3406582,-0.4,-2.07,18.92,"March 07, 14",-0.0207,DVAX
2014-03-06,20.0,20.3,19.2,19.3,19.299999,315814,3158141,-0.7,-3.5,19.72,"March 06, 14",-0.035,DVAX
2014-03-05,19.8,20.9,19.8,20.4,20.4,751268,7512688,0.6,3.03,20.28,"March 05, 14",0.0303,DVAX
2014-03-04,19.5,20.0,19.4,19.9,19.9,553468,5534688,0.4,2.05,19.72,"March 04, 14",0.0205,DVAX
2014-03-03,18.7,19.0,17.8,18.9,18.9,353683,3536831,0.2,1.07,18.44,"March 03, 14",0.0107,DVAX
2014-02-28,19.2,19.2,18.2,18.6,18.6,253711,2537116,-0.6,-3.12,18.74,"February 28, 14",-0.0312,DVAX
2014-02-27,19.4,19.5,18.7,19.05,19.1,225675,2256755,-0.35,-1.8,19.06,"February 27, 14",-0.018,DVAX
2014-02-26,19.1,19.5,19.0,19.4,19.4,170315,1703152,0.3,1.57,19.25,"February 26, 14",0.0157,DVAX
2014-02-25,19.0,19.2,18.2,19.0,19.0,189643,1896439,0.0,0.0,18.94,"February 25, 14",0.0,DVAX
2014-02-24,19.1,19.9,18.5,19.0,19.0,398280,3982801,-0.1,-0.52356,19.31,"February 24, 14",-0.0052356,DVAX
2014-02-21,18.3,19.5,18.3,19.0,19.0,601371,6013713,0.7,3.83,18.88,"February 21, 14",0.0383,DVAX
2014-02-20,18.2,18.4,17.5,18.2,18.200001,399254,3992541,0.0,0.0,18.04,"February 20, 14",0.0,DVAX
2014-02-19,18.1,18.7,17.8,18.0,18.0,355285,3552857,-0.1,-0.55249,18.24,"February 19, 14",-0.0055249,DVAX
2014-02-18,17.2,18.3,17.0,18.0,18.0,703733,7037337,0.8,4.65,17.7,"February 18, 14",0.0465,DVAX
2014-02-14,17.0,17.6,17.0,17.6,17.6,408107,4081078,0.6,3.53,17.42,"February 14, 14",0.0353,DVAX
2014-02-13,17.8,18.0,16.5,17.2,17.200001,1492901,14929011,-0.6,-3.37,16.78,"February 13, 14",-0.0337,DVAX
2014-02-12,18.9,19.0,17.55,17.9,17.9,474061,4740619,-1.0,-5.29,18.04,"February 12, 14",-0.0529,DVAX
2014-02-11,19.0,19.5,18.4,18.8,18.799999,261435,2614358,-0.2,-1.05,18.89,"February 11, 14",-0.0105,DVAX
2014-02-10,17.6,19.2,17.3,19.1,19.1,306315,3063150,1.5,8.52,18.51,"February 10, 14",0.0852,DVAX
2014-02-07,16.7,17.7,16.1,17.3,17.299999,269861,2698618,0.6,3.59,17.3,"February 07, 14",0.0359,DVAX
2014-02-06,16.9,17.1,16.5,16.7,16.700001,265979,2659795,-0.2,-1.18,16.75,"February 06, 14",-0.0118,DVAX
2014-02-05,16.9,17.1,15.9,16.9,16.9,377484,3774845,0.0,0.0,16.6,"February 05, 14",0.0,DVAX
2014-02-04,17.0,17.3,16.7,17.1,17.1,187884,1878847,0.1,0.58824,17.01,"February 04, 14",0.0058824,DVAX
2014-02-03,17.3,17.6,16.5,17.0,17.0,398674,3986741,-0.3,-1.73,16.93,"February 03, 14",-0.0173,DVAX
2014-01-31,17.4,17.8,16.9,17.4,17.4,442098,4420980,0.0,0.0,17.34,"January 31, 14",0.0,DVAX
2014-01-30,17.5,18.1,17.4,17.6,17.6,171198,1711988,0.1,0.57143,17.72,"January 30, 14",0.0057143,DVAX
2014-01-29,18.2,18.3,17.4,17.4,17.4,229741,2297418,-0.8,-4.4,17.77,"January 29, 14",-0.044,DVAX
2014-01-28,17.3,18.4,17.0,18.4,18.4,329038,3290385,1.1,6.36,18.01,"January 28, 14",0.0636,DVAX
2014-01-27,18.5,18.6,14.7,17.7,17.700001,1172561,11725617,-0.8,-4.32,17.13,"January 27, 14",-0.0432,DVAX
2014-01-24,19.2,19.4,18.4,18.6,18.6,578091,5780919,-0.6,-3.12,18.67,"January 24, 14",-0.0312,DVAX
2014-01-23,19.5,19.8,19.0,19.4,19.4,323760,3237604,-0.1,-0.51282,19.38,"January 23, 14",-0.0051282,DVAX
2014-01-22,19.9,20.0,19.2,19.4,19.4,583659,5836599,-0.5,-2.51,19.48,"January 22, 14",-0.0251,DVAX
2014-01-21,21.3,21.4,19.4,19.6,19.6,631699,6316998,-1.7,-7.98,20.1,"January 21, 14",-0.0798,DVAX
2014-01-17,20.0,21.3,19.5,20.7,20.700001,698964,6989645,0.7,3.5,20.54,"January 17, 14",0.035,DVAX
2014-01-16,20.4,20.4,19.4,20.0,20.0,519208,5192081,-0.4,-1.96,19.79,"January 16, 14",-0.0196,DVAX
2014-01-15,19.4,20.2,19.3,20.0,20.0,587240,5872401,0.6,3.09,19.74,"January 15, 14",0.0309,DVAX
2014-01-14,19.3,20.2,18.9,19.3,19.299999,453426,4534267,0.0,0.0,19.62,"January 14, 14",0.0,DVAX
2014-01-13,20.2,20.5,18.4,19.1,19.1,919252,9192527,-1.1,-5.45,19.2,"January 13, 14",-0.0545,DVAX
2014-01-10,19.4,20.01,19.0,19.5,19.5,966804,9668046,0.1,0.51546,19.5,"January 10, 14",0.0051546,DVAX
2014-01-09,19.1,19.6,18.7,19.4,19.4,298804,2988042,0.3,1.57,19.24,"January 09, 14",0.0157,DVAX
2014-01-08,19.0,19.4,18.45,19.0,19.0,260203,2602031,0.0,0.0,18.9,"January 08, 14",0.0,DVAX
2014-01-07,19.2,19.5,17.9,19.0,19.0,776525,7765254,-0.2,-1.04,18.33,"January 07, 14",-0.0104,DVAX
2014-01-06,19.8,19.9,18.8,19.1,19.1,380507,3805071,-0.7,-3.54,19.19,"January 06, 14",-0.0354,DVAX
2014-01-03,19.7,20.0,19.6,19.8,19.799999,223734,2237348,0.1,0.50761,19.84,"January 03, 14",0.0050761,DVAX
2014-01-02,19.8,20.2,19.5,19.9,19.9,324196,3241965,0.1,0.50505,19.89,"January 02, 14",0.0050505,DVAX
2013-12-31,20.1,20.15,19.1,19.6,19.6,532527,5325273,-0.5,-2.49,19.57,"December 31, 13",-0.0249,DVAX
2013-12-30,19.7,20.2,19.7,20.0,20.0,343600,3436002,0.3,1.52,19.93,"December 30, 13",0.0152,DVAX
2013-12-27,19.6,20.0,19.1,19.8,19.799999,166001,1660014,0.2,1.02,19.67,"December 27, 13",0.0102,DVAX
2013-12-26,20.2,20.5,19.1,19.4,19.4,368683,3686830,-0.8,-3.96,19.69,"December 26, 13",-0.0396,DVAX
2013-12-24,20.0,20.1,19.6,20.0,20.0,263201,2632014,0.0,0.0,19.89,"December 24, 13",0.0,DVAX
2013-12-23,18.5,20.0,18.3,19.9,19.9,732603,7326032,1.4,7.57,19.48,"December 23, 13",0.0757,DVAX
2013-12-20,18.2,18.5,17.4,18.2,18.200001,2471278,24712782,0.0,0.0,18.3,"December 20, 13",0.0,DVAX
2013-12-19,18.3,18.8,17.501,17.9,17.9,606132,6061325,-0.4,-2.19,18.2,"December 19, 13",-0.0219,DVAX
2013-12-18,17.5,18.1,17.399,18.0,18.0,330254,3302546,0.5,2.86,17.85,"December 18, 13",0.0286,DVAX
2013-12-17,18.1,18.3,17.3,17.6,17.6,264576,2645765,-0.5,-2.76,17.72,"December 17, 13",-0.0276,DVAX
2013-12-16,16.7,18.1,16.5,17.9,17.9,365586,3655861,1.2,7.19,17.5,"December 16, 13",0.0719,DVAX
2013-12-13,16.5,16.8,16.4,16.7,16.700001,161912,1619121,0.2,1.21,16.64,"December 13, 13",0.0121,DVAX
2013-12-12,16.4,17.1,16.1,16.7,16.700001,408735,4087353,0.3,1.83,16.72,"December 12, 13",0.0183,DVAX
2013-12-11,16.5,16.7,16.0,16.4,16.4,199071,1990714,-0.1,-0.60606,16.32,"December 11, 13",-0.0060606,DVAX
2013-12-10,16.8,17.1,16.3,16.5,16.5,269521,2695210,-0.3,-1.79,16.71,"December 10, 13",-0.0179,DVAX
2013-12-09,16.9,17.1,15.8,16.9,16.9,482391,4823913,0.0,0.0,16.44,"December 09, 13",0.0,DVAX
2013-12-06,16.8,16.9,16.3,16.9,16.9,269171,2691713,0.1,0.59524,16.73,"December 06, 13",0.0059524,DVAX
2013-12-05,17.2,17.4,15.6,16.6,16.6,876615,8766153,-0.6,-3.49,16.41,"December 05, 13",-0.0349,DVAX
2013-12-04,17.6,17.7,17.1,17.3,17.299999,307135,3071350,-0.3,-1.7,17.32,"December 04, 13",-0.017,DVAX
2013-12-03,18.2,18.3,17.5,17.8,17.799999,335413,3354135,-0.4,-2.2,17.8,"December 03, 13",-0.022,DVAX
2013-12-02,18.5,18.5,17.7,18.2,18.200001,564000,5640007,-0.3,-1.62,18.04,"December 02, 13",-0.0162,DVAX
2013-11-29,17.2,17.8,16.9,17.7,17.700001,373608,3736083,0.5,2.91,17.37,"November 29, 13",0.0291,DVAX
2013-11-27,16.9,17.0,16.5,16.8,16.799999,452762,4527626,-0.1,-0.59172,16.74,"November 27, 13",-0.0059172,DVAX
2013-11-26,17.4,17.5,16.5,16.7,16.700001,806820,8068200,-0.7,-4.02,16.77,"November 26, 13",-0.0402,DVAX
2013-11-25,17.5,18.1,16.5,17.1,17.1,1300386,13003868,-0.4,-2.29,16.99,"November 25, 13",-0.0229,DVAX
2013-11-22,15.8,16.2,15.6,16.1,16.1,684064,6840648,0.3,1.9,15.88,"November 22, 13",0.019,DVAX
2013-11-21,15.3,15.6,15.1,15.3,15.3,639253,6392535,0.0,0.0,15.33,"November 21, 13",0.0,DVAX
2013-11-20,15.0,15.3,14.6,15.0,15.0,721311,7213113,0.0,0.0,14.97,"November 20, 13",0.0,DVAX
2013-11-19,14.3,14.7,13.9,14.5,14.5,1297493,12974937,0.2,1.4,14.3,"November 19, 13",0.014,DVAX
2013-11-18,14.3,14.5,13.5,13.71,13.7,448955,4489552,-0.59,-4.13,14.0,"November 18, 13",-0.0413,DVAX
2013-11-15,13.3,13.5,13.1,13.5,13.5,164534,1645340,0.2,1.5,13.33,"November 15, 13",0.015,DVAX
2013-11-14,13.3,13.8,12.9,13.3,13.3,293143,2931433,0.0,0.0,13.43,"November 14, 13",0.0,DVAX
2013-11-13,12.7,13.3,12.5,13.2,13.2,733002,7330023,0.5,3.94,13.04,"November 13, 13",0.0394,DVAX
2013-11-12,12.2,12.7,12.101,12.7,12.7,401749,4017492,0.5,4.1,12.46,"November 12, 13",0.041,DVAX
2013-11-11,11.8,12.2,11.7,12.1,12.1,527950,5279504,0.3,2.54,11.92,"November 11, 13",0.0254,DVAX
2013-11-08,11.2,11.9,11.1,11.6,11.6,568590,5685901,0.4,3.57,11.54,"November 08, 13",0.0357,DVAX
2013-11-07,11.0,11.5,11.0,11.15,11.2,394650,3946501,0.15,1.36,11.17,"November 07, 13",0.0136,DVAX
2013-11-06,11.6,12.0,11.0,11.1,11.1,361844,3618444,-0.5,-4.31,11.3,"November 06, 13",-0.0431,DVAX
2013-11-05,11.7,11.8,11.4,11.4,11.4,230149,2301498,-0.3,-2.56,11.52,"November 05, 13",-0.0256,DVAX
2013-11-04,12.1,12.3,11.6,11.6,11.6,593990,5939904,-0.5,-4.13,11.62,"November 04, 13",-0.0413,DVAX
2013-11-01,12.1,12.4,11.8,11.8,11.8,339547,3395475,-0.3,-2.48,11.95,"November 01, 13",-0.0248,DVAX
2013-10-31,13.3,13.4,12.1,12.2,12.2,266614,2666146,-1.1,-8.27,12.52,"October 31, 13",-0.0827,DVAX
2013-10-30,13.4,13.5,12.5,12.71,12.7,217494,2174942,-0.69,-5.15,12.88,"October 30, 13",-0.0515,DVAX
2013-10-29,13.5,13.8,12.3,13.3,13.3,212958,2129588,-0.2,-1.48,13.06,"October 29, 13",-0.0148,DVAX
2013-10-28,12.3,14.3,12.3,13.5,13.5,723831,7238317,1.2,9.76,13.43,"October 28, 13",0.0976,DVAX
2013-10-25,12.7,12.9,12.0,12.6,12.6,1680049,16800491,-0.1,-0.7874,12.43,"October 25, 13",-0.007874,DVAX
2013-10-24,11.6,11.8,11.4,11.7,11.7,138384,1383842,0.1,0.86207,11.5,"October 24, 13",0.0086207,DVAX
2013-10-23,11.8,12.1,11.3,11.5,11.5,164632,1646329,-0.3,-2.54,11.54,"October 23, 13",-0.0254,DVAX
2013-10-22,11.8,11.9,11.5,11.85,11.9,168764,1687649,0.05,0.42373,11.64,"October 22, 13",0.0042373,DVAX
2013-10-21,12.8,12.9,11.7,11.7,11.7,204542,2045429,-1.1,-8.59,12.01,"October 21, 13",-0.0859,DVAX
2013-10-18,13.2,13.3,12.6,12.65,12.6,179594,1795947,-0.55,-4.17,12.89,"October 18, 13",-0.0417,DVAX
2013-10-17,12.3,13.0,12.0,12.9,12.9,377084,3770848,0.6,4.88,12.67,"October 17, 13",0.0488,DVAX
2013-10-16,11.7,12.3,11.7,12.3,12.3,127546,1275463,0.6,5.13,12.17,"October 16, 13",0.0513,DVAX
2013-10-15,11.8,11.9,11.7,11.7,11.7,55073,550736,-0.1,-0.84746,11.8,"October 15, 13",-0.0084746,DVAX
2013-10-14,11.7,11.9,11.55,11.8,11.8,102688,1026881,0.1,0.8547,11.74,"October 14, 13",0.008547,DVAX
2013-10-11,11.5,12.0,11.4,11.7,11.7,240040,2400402,0.2,1.74,11.78,"October 11, 13",0.0174,DVAX
2013-10-10,11.8,12.1,11.4,11.55,11.6,231168,2311681,-0.25,-2.12,11.62,"October 10, 13",-0.0212,DVAX
2013-10-09,12.0,12.099,11.0,11.3,11.3,314262,3142623,-0.7,-5.83,11.42,"October 09, 13",-0.0583,DVAX
2013-10-08,12.7,12.7,11.8,12.1,12.1,124901,1249014,-0.6,-4.72,12.1,"October 08, 13",-0.0472,DVAX
2013-10-07,12.7,12.801,12.7,12.8,12.8,85518,855189,0.1,0.7874,12.75,"October 07, 13",0.007874,DVAX
2013-10-04,12.2,12.9,12.2,12.8,12.8,106564,1065641,0.6,4.92,12.52,"October 04, 13",0.0492,DVAX
2013-10-03,12.5,12.501,12.2,12.2,12.2,92865,928654,-0.3,-2.4,12.28,"October 03, 13",-0.024,DVAX
2013-10-02,12.4,12.6,12.3,12.5,12.5,78353,783539,0.1,0.80645,12.5,"October 02, 13",0.0080645,DVAX
2013-10-01,11.9,12.8,11.8,12.45,12.5,133605,1336056,0.55,4.62,12.31,"October 01, 13",0.0462,DVAX
2013-09-30,12.5,12.8,11.8,11.9,11.9,244780,2447808,-0.6,-4.8,12.06,"September 30, 13",-0.048,DVAX
2013-09-27,12.5,12.906,12.5,12.7,12.7,149666,1496664,0.2,1.6,12.76,"September 27, 13",0.016,DVAX
2013-09-26,12.8,12.9,12.5,12.6,12.6,135603,1356038,-0.2,-1.56,12.63,"September 26, 13",-0.0156,DVAX
2013-09-25,12.6,13.2,12.3,12.3,12.3,417582,4175822,-0.3,-2.38,12.64,"September 25, 13",-0.0238,DVAX
2013-09-24,12.0,12.3,11.8,11.9,11.9,203687,2036874,-0.1,-0.83333,11.99,"September 24, 13",-0.0083333,DVAX
2013-09-23,12.3,12.3,11.6,11.91,11.9,357230,3572305,-0.39,-3.17,11.87,"September 23, 13",-0.0317,DVAX
2013-09-20,11.8,14.6,11.5,12.6,12.6,2145772,21457721,0.8,6.78,12.65,"September 20, 13",0.0678,DVAX
2013-09-19,12.0,12.1,11.8,11.8,11.8,179707,1797074,-0.2,-1.67,11.96,"September 19, 13",-0.0167,DVAX
2013-09-18,12.2,12.3,11.8,12.0,12.0,143423,1434237,-0.2,-1.64,12.03,"September 18, 13",-0.0164,DVAX
2013-09-17,12.1,12.2,11.9,12.2,12.2,105564,1055648,0.1,0.82645,12.09,"September 17, 13",0.0082645,DVAX
2013-09-16,12.1,12.11,11.9,12.1,12.1,162851,1628516,0.0,0.0,12.03,"September 16, 13",0.0,DVAX
2013-09-13,12.0,12.2,11.8,11.9,11.9,111337,1113379,-0.1,-0.83333,11.95,"September 13, 13",-0.0083333,DVAX
2013-09-12,11.9,12.2,11.8,11.9,11.9,141464,1414644,0.0,0.0,11.98,"September 12, 13",0.0,DVAX
2013-09-11,12.2,12.3,11.8,12.0,12.0,170521,1705218,-0.2,-1.64,12.0,"September 11, 13",-0.0164,DVAX
2013-09-10,12.5,12.5,11.8,11.9,11.9,146879,1468795,-0.6,-4.8,11.99,"September 10, 13",-0.048,DVAX
2013-09-09,11.7,12.4,11.7,12.3,12.3,98167,981674,0.6,5.13,12.1,"September 09, 13",0.0513,DVAX
2013-09-06,12.1,12.5,11.5,11.8,11.8,253784,2537842,-0.3,-2.48,11.82,"September 06, 13",-0.0248,DVAX
2013-09-05,12.8,13.1,11.7,11.9,11.9,472675,4726759,-0.9,-7.03,12.31,"September 05, 13",-0.0703,DVAX
2013-09-04,12.7,12.9,12.6,12.8,12.8,199965,1999651,0.1,0.7874,12.72,"September 04, 13",0.007874,DVAX
2013-09-03,12.7,12.8,12.5,12.8,12.8,96826,968269,0.1,0.7874,12.67,"September 03, 13",0.007874,DVAX
2013-08-30,12.5,12.8,12.4,12.7,12.7,204431,2044317,0.2,1.6,12.55,"August 30, 13",0.016,DVAX
2013-08-29,12.6,12.699,12.3,12.5,12.5,161862,1618628,-0.1,-0.79365,12.49,"August 29, 13",-0.0079365,DVAX
2013-08-28,12.8,12.901,12.3,12.6,12.6,139848,1398486,-0.2,-1.56,12.66,"August 28, 13",-0.0156,DVAX
2013-08-27,12.9,13.1,12.8,12.8,12.8,82868,828688,-0.1,-0.77519,12.94,"August 27, 13",-0.0077519,DVAX
2013-08-26,13.2,13.21,12.9,13.0,13.0,139245,1392450,-0.2,-1.52,13.07,"August 26, 13",-0.0152,DVAX
2013-08-23,13.2,13.4,13.1,13.2,13.2,29637,296379,0.0,0.0,13.19,"August 23, 13",0.0,DVAX
2013-08-22,13.1,13.3,12.975,13.2,13.2,32383,323833,0.1,0.76336,13.15,"August 22, 13",0.0076336,DVAX
2013-08-21,13.3,13.5,13.0,13.0,13.0,48495,484959,-0.3,-2.26,13.15,"August 21, 13",-0.0226,DVAX
2013-08-20,13.0,13.5,13.0,13.4,13.4,61321,613215,0.4,3.08,13.28,"August 20, 13",0.0308,DVAX
2013-08-19,12.8,13.4,12.8,13.0,13.0,82951,829511,0.2,1.56,13.06,"August 19, 13",0.0156,DVAX
2013-08-16,13.5,13.8,12.8,12.8,12.8,96542,965425,-0.7,-5.19,13.4,"August 16, 13",-0.0519,DVAX
2013-08-15,13.7,13.9,13.4,13.6,13.6,95915,959155,-0.1,-0.72993,13.69,"August 15, 13",-0.0072993,DVAX
2013-08-14,13.8,14.0,13.7,13.7,13.7,86251,862511,-0.1,-0.72464,13.85,"August 14, 13",-0.0072464,DVAX
2013-08-13,13.9,13.9,13.4,13.8,13.8,88705,887050,-0.1,-0.71942,13.68,"August 13, 13",-0.0071942,DVAX
2013-08-12,13.9,14.0,13.7,13.9,13.9,92416,924169,0.0,0.0,13.84,"August 12, 13",0.0,DVAX
2013-08-09,13.6,14.0,13.4,13.9,13.9,107702,1077027,0.3,2.21,13.82,"August 09, 13",0.0221,DVAX
2013-08-08,13.8,13.999,13.6,13.6,13.6,107015,1070158,-0.2,-1.45,13.7,"August 08, 13",-0.0145,DVAX
2013-08-07,13.5,13.7,12.8,13.5,13.5,141470,1414702,0.0,0.0,13.29,"August 07, 13",0.0,DVAX
2013-08-06,14.3,14.4,13.1,13.7,13.7,124458,1244589,-0.6,-4.2,13.91,"August 06, 13",-0.042,DVAX
2013-08-05,14.1,14.5,13.9,14.3,14.3,143550,1435505,0.2,1.42,14.22,"August 05, 13",0.0142,DVAX
2013-08-02,13.7,14.2,13.7,14.1,14.1,151800,1518001,0.4,2.92,13.97,"August 02, 13",0.0292,DVAX
2013-08-01,13.4,14.15,13.4,13.9,13.9,245079,2450795,0.5,3.73,13.81,"August 01, 13",0.0373,DVAX
2013-07-31,13.0,13.4,12.9,13.3,13.3,159381,1593810,0.3,2.31,13.18,"July 31, 13",0.0231,DVAX
2013-07-30,12.8,13.9,12.7,12.8,12.8,337338,3373382,0.0,0.0,13.26,"July 30, 13",0.0,DVAX
2013-07-29,12.6,12.8,12.5,12.6,12.6,111829,1118294,0.0,0.0,12.63,"July 29, 13",0.0,DVAX
2013-07-26,12.5,12.7,12.4,12.5,12.5,73666,736665,0.0,0.0,12.53,"July 26, 13",0.0,DVAX
2013-07-25,12.5,12.65,12.3,12.6,12.6,127221,1272214,0.1,0.8,12.53,"July 25, 13",0.008,DVAX
2013-07-24,12.4,12.6,12.4,12.5,12.5,98161,981616,0.1,0.80645,12.52,"July 24, 13",0.0080645,DVAX
2013-07-23,12.6,12.8,12.2,12.2,12.2,156789,1567892,-0.4,-3.17,12.47,"July 23, 13",-0.0317,DVAX
2013-07-22,12.5,12.7,12.3,12.5,12.5,93921,939212,0.0,0.0,12.52,"July 22, 13",0.0,DVAX
2013-07-19,12.4,12.8,12.3,12.45,12.5,143613,1436130,0.05,0.40323,12.53,"July 19, 13",0.0040323,DVAX
2013-07-18,12.6,12.9,12.2,12.4,12.4,155099,1550992,-0.2,-1.59,12.44,"July 18, 13",-0.0159,DVAX
2013-07-17,13.2,13.2,12.4,12.45,12.5,241520,2415201,-0.75,-5.68,12.62,"July 17, 13",-0.0568,DVAX
2013-07-16,13.3,13.4,12.7,13.1,13.1,219269,2192698,-0.2,-1.5,12.98,"July 16, 13",-0.015,DVAX
2013-07-15,12.7,13.3,12.7,13.2,13.2,228632,2286323,0.5,3.94,13.03,"July 15, 13",0.0394,DVAX
2013-07-12,12.8,13.1,11.9,12.7,12.7,237305,2373051,-0.1,-0.78125,12.48,"July 12, 13",-0.0078125,DVAX
2013-07-11,12.8,13.6,12.7,12.8,12.8,663451,6634516,0.0,0.0,13.08,"July 11, 13",0.0,DVAX
2013-07-10,12.0,12.6,11.5,12.5,12.5,545417,5454178,0.5,4.17,12.13,"July 10, 13",0.0417,DVAX
2013-07-09,10.8,12.4,10.603,11.65,11.7,800004,8000041,0.85,7.87,11.68,"July 09, 13",0.0787,DVAX
2013-07-08,10.9,11.0,10.55,10.6,10.6,179671,1796717,-0.3,-2.75,10.69,"July 08, 13",-0.0275,DVAX
2013-07-05,10.8,10.9,10.5,10.8,10.8,120655,1206557,0.0,0.0,10.7,"July 05, 13",0.0,DVAX
2013-07-03,10.8,10.801,10.4,10.6,10.6,105118,1051185,-0.2,-1.85,10.53,"July 03, 13",-0.0185,DVAX
2013-07-02,10.5,11.0,10.5,10.8,10.8,262023,2620238,0.3,2.86,10.76,"July 02, 13",0.0286,DVAX
2013-07-01,11.0,11.6,10.2,10.7,10.7,435111,4351115,-0.3,-2.73,10.81,"July 01, 13",-0.0273,DVAX
2013-06-28,10.4,11.0,10.1,11.0,11.0,734177,7341776,0.6,5.77,10.7,"June 28, 13",0.0577,DVAX
2013-06-27,10.2,10.9,9.8,10.8,10.8,1093980,10939806,0.6,5.88,10.0,"June 27, 13",0.0588,DVAX
2013-06-26,10.5,10.5,10.1,10.1,10.1,244580,2445800,-0.4,-3.81,10.21,"June 26, 13",-0.0381,DVAX
2013-06-25,10.6,10.8,10.3,10.4,10.4,163854,1638549,-0.2,-1.89,10.42,"June 25, 13",-0.0189,DVAX
2013-06-24,10.7,10.9,10.4,10.4,10.4,217368,2173681,-0.3,-2.8,10.62,"June 24, 13",-0.028,DVAX
2013-06-21,10.9,11.2,10.6,10.8,10.8,511169,5111690,-0.1,-0.91743,10.84,"June 21, 13",-0.0091743,DVAX
2013-06-20,11.1,11.2,10.6,10.8,10.8,479562,4795629,-0.3,-2.7,10.93,"June 20, 13",-0.027,DVAX
2013-06-19,10.4,11.4,10.15,11.3,11.3,675511,6755115,0.9,8.65,10.92,"June 19, 13",0.0865,DVAX
2013-06-18,11.1,11.3,9.9,10.4,10.4,656783,6567839,-0.7,-6.31,10.42,"June 18, 13",-0.0631,DVAX
2013-06-17,11.8,12.1,10.9,11.0,11.0,451522,4515227,-0.8,-6.78,11.26,"June 17, 13",-0.0678,DVAX
2013-06-14,12.0,12.5,11.3,11.5,11.5,556023,5560232,-0.5,-4.17,11.57,"June 14, 13",-0.0417,DVAX
2013-06-13,13.8,13.8,11.8,12.0,12.0,973508,9735081,-1.8,-13.04,12.52,"June 13, 13",-0.1304,DVAX
2013-06-12,15.0,15.1,13.7,13.8,13.8,406369,4063693,-1.2,-8.0,14.21,"June 12, 13",-0.08,DVAX
2013-06-11,14.7,15.2,14.2,14.7,14.7,817240,8172407,0.0,0.0,14.77,"June 11, 13",0.0,DVAX
2013-06-10,18.2,18.4,13.8,14.0,14.0,2786112,27861121,-4.2,-23.08,15.95,"June 10, 13",-0.2308,DVAX
2013-06-07,25.8,25.9,24.6,24.7,24.700001,157972,1579722,-1.1,-4.26,25.05,"June 07, 13",-0.0426,DVAX
2013-06-06,24.0,25.55,23.7,25.5,25.5,302354,3023547,1.5,6.25,24.98,"June 06, 13",0.0625,DVAX
2013-06-05,24.3,25.1,23.3,24.1,24.1,289620,2896201,-0.2,-0.82305,24.21,"June 05, 13",-0.0082305,DVAX
2013-06-04,25.4,25.8,24.4,24.4,24.4,167864,1678646,-1.0,-3.94,24.59,"June 04, 13",-0.0394,DVAX
2013-06-03,26.1,26.2,24.3,25.5,25.5,244216,2442169,-0.6,-2.3,25.09,"June 03, 13",-0.023,DVAX
2013-05-31,26.0,26.5,25.9,26.1,26.1,91474,914749,0.1,0.38462,26.2,"May 31, 13",0.0038462,DVAX
2013-05-30,25.6,26.5,25.4,26.4,26.4,101018,1010181,0.8,3.12,25.93,"May 30, 13",0.0312,DVAX
2013-05-29,26.4,26.8,25.0,25.5,25.5,204965,2049656,-0.9,-3.41,25.71,"May 29, 13",-0.0341,DVAX
2013-05-28,25.7,26.8,25.4,26.39,26.4,108925,1089257,0.69,2.68,26.22,"May 28, 13",0.0268,DVAX
2013-05-24,25.2,25.6,25.0,25.4,25.4,51628,516283,0.2,0.79365,25.27,"May 24, 13",0.0079365,DVAX
2013-05-23,24.7,25.45,24.1,25.3,25.299999,119674,1196748,0.6,2.43,25.0,"May 23, 13",0.0243,DVAX
2013-05-22,25.2,25.9,24.7,25.2,25.200001,205147,2051478,0.0,0.0,25.12,"May 22, 13",0.0,DVAX
2013-05-21,24.7,25.4,24.401,25.1,25.1,104213,1042134,0.4,1.62,25.0,"May 21, 13",0.0162,DVAX
2013-05-20,25.0,25.2,24.4,24.8,24.799999,181052,1810529,-0.2,-0.8,24.88,"May 20, 13",-0.008,DVAX
2013-05-17,24.9,25.5,24.3,25.1,25.1,420373,4203738,0.2,0.80321,24.83,"May 17, 13",0.0080321,DVAX
2013-05-16,24.4,25.4,24.1,24.9,24.9,200984,2009842,0.5,2.05,24.78,"May 16, 13",0.0205,DVAX
2013-05-15,24.6,24.8,23.9,24.7,24.700001,150934,1509344,0.1,0.4065,24.45,"May 15, 13",0.004065,DVAX
2013-05-14,23.4,24.85,23.25,24.6,24.6,205397,2053979,1.2,5.13,24.35,"May 14, 13",0.0513,DVAX
2013-05-13,22.7,23.4,22.6,23.3,23.299999,89890,898906,0.6,2.64,23.11,"May 13, 13",0.0264,DVAX
2013-05-10,22.3,23.0,22.0,22.6,22.6,139311,1393110,0.3,1.35,22.46,"May 10, 13",0.0135,DVAX
2013-05-09,22.2,22.5,21.8,22.0,22.0,77197,771970,-0.2,-0.9009,22.13,"May 09, 13",-0.009009,DVAX
2013-05-08,21.8,22.635,21.7,22.3,22.299999,111607,1116076,0.5,2.29,22.08,"May 08, 13",0.0229,DVAX
2013-05-07,22.7,23.6,21.7,21.9,21.9,99380,993806,-0.8,-3.52,22.57,"May 07, 13",-0.0352,DVAX
2013-05-06,22.9,23.0,22.4,22.7,22.700001,85460,854607,-0.2,-0.87336,22.68,"May 06, 13",-0.0087336,DVAX
2013-05-03,22.1,23.5,22.1,23.1,23.1,133707,1337077,1.0,4.52,23.02,"May 03, 13",0.0452,DVAX
2013-05-02,22.3,22.7,21.8,21.9,21.9,161867,1618674,-0.4,-1.79,22.19,"May 02, 13",-0.0179,DVAX
2013-05-01,23.2,23.4,22.1,22.1,22.1,176554,1765549,-1.1,-4.74,22.44,"May 01, 13",-0.0474,DVAX
2013-04-30,24.2,24.2,23.4,23.5,23.5,97048,970488,-0.7,-2.89,23.65,"April 30, 13",-0.0289,DVAX
2013-04-29,24.0,24.597,23.7,24.0,24.0,83835,838354,0.0,0.0,23.97,"April 29, 13",0.0,DVAX
2013-04-26,24.8,24.8,23.8,24.0,24.0,193019,1930191,-0.8,-3.23,24.11,"April 26, 13",-0.0323,DVAX
2013-04-25,24.8,25.451,24.8,25.0,25.0,223310,2233101,0.2,0.80645,25.17,"April 25, 13",0.0080645,DVAX
2013-04-24,24.7,25.0,24.0,24.8,24.799999,130139,1301393,0.1,0.40486,24.61,"April 24, 13",0.0040486,DVAX
2013-04-23,24.1,24.9,23.8,24.9,24.9,199296,1992967,0.8,3.32,24.5,"April 23, 13",0.0332,DVAX
2013-04-22,24.0,24.2,23.5,24.2,24.200001,178473,1784736,0.2,0.83333,23.93,"April 22, 13",0.0083333,DVAX
2013-04-19,23.5,24.0,23.0,23.9,23.9,157526,1575264,0.4,1.7,23.63,"April 19, 13",0.017,DVAX
2013-04-18,22.9,23.8,22.1,23.8,23.799999,211735,2117354,0.9,3.93,23.16,"April 18, 13",0.0393,DVAX
2013-04-17,21.5,23.55,21.1,22.9,22.9,246190,2461903,1.4,6.51,22.32,"April 17, 13",0.0651,DVAX
2013-04-16,22.3,22.699,21.0,21.5,21.5,193770,1937700,-0.8,-3.59,21.61,"April 16, 13",-0.0359,DVAX
2013-04-15,23.9,23.9,22.0,22.0,22.0,148766,1487662,-1.9,-7.95,22.57,"April 15, 13",-0.0795,DVAX
2013-04-12,24.2,24.2,23.2,24.0,24.0,167877,1678776,-0.2,-0.82645,23.72,"April 12, 13",-0.0082645,DVAX
2013-04-11,23.7,24.6,23.4,24.25,24.299999,194107,1941074,0.55,2.32,24.02,"April 11, 13",0.0232,DVAX
2013-04-10,24.2,24.7,23.6,23.65,23.700001,316170,3161706,-0.55,-2.27,24.03,"April 10, 13",-0.0227,DVAX
2013-04-09,24.0,24.7,23.6,24.1,24.1,189825,1898251,0.1,0.41667,24.14,"April 09, 13",0.0041667,DVAX
2013-04-08,23.9,24.15,22.7,24.0,24.0,216934,2169344,0.1,0.41841,23.45,"April 08, 13",0.0041841,DVAX
2013-04-05,23.0,24.1,23.0,23.9,23.9,160314,1603148,0.9,3.91,23.75,"April 05, 13",0.0391,DVAX
2013-04-04,23.2,23.85,23.0,23.6,23.6,179572,1795726,0.4,1.72,23.52,"April 04, 13",0.0172,DVAX
2013-04-03,22.4,23.8,22.4,23.6,23.6,358372,3583726,1.2,5.36,23.21,"April 03, 13",0.0536,DVAX
2013-04-02,21.6,22.8,20.9,22.6,22.6,275788,2757883,1.0,4.63,22.1,"April 02, 13",0.0463,DVAX
2013-04-01,21.8,22.0,21.1,21.5,21.5,199292,1992924,-0.3,-1.38,21.37,"April 01, 13",-0.0138,DVAX
2013-03-28,22.0,22.2,21.5,22.2,22.200001,273248,2732485,0.2,0.90909,21.98,"March 28, 13",0.0090909,DVAX
2013-03-27,21.5,21.8,21.0,21.8,21.799999,114972,1149728,0.3,1.4,21.37,"March 27, 13",0.014,DVAX
2013-03-26,21.7,22.0,21.3,21.7,21.700001,196600,1966005,0.0,0.0,21.64,"March 26, 13",0.0,DVAX
2013-03-25,22.0,22.0,20.9,21.4,21.4,154084,1540847,-0.6,-2.73,21.42,"March 25, 13",-0.0273,DVAX
2013-03-22,21.1,22.2,20.9,22.0,22.0,338842,3388429,0.9,4.27,21.74,"March 22, 13",0.0427,DVAX
2013-03-21,21.0,21.3,20.4,20.7,20.700001,124993,1249930,-0.3,-1.43,20.75,"March 21, 13",-0.0143,DVAX
2013-03-20,21.0,21.6,20.6,21.4,21.4,102111,1021115,0.4,1.9,21.16,"March 20, 13",0.019,DVAX
2013-03-19,21.0,21.4,19.8,20.9,20.9,292179,2921792,-0.1,-0.47619,20.7,"March 19, 13",-0.0047619,DVAX
2013-03-18,21.3,21.6,20.9,21.2,21.200001,136394,1363945,-0.1,-0.46948,21.26,"March 18, 13",-0.0046948,DVAX
2013-03-15,22.3,22.3,21.0,21.6,21.6,318793,3187933,-0.7,-3.14,21.56,"March 15, 13",-0.0314,DVAX
2013-03-14,21.2,22.4,20.8,22.3,22.299999,318562,3185628,1.1,5.19,21.95,"March 14, 13",0.0519,DVAX
2013-03-13,21.7,22.9,20.8,21.1,21.1,684732,6847329,-0.6,-2.76,21.86,"March 13, 13",-0.0276,DVAX
2013-03-12,19.5,21.4,19.1,21.3,21.299999,328687,3286876,1.8,9.23,20.47,"March 12, 13",0.0923,DVAX
2013-03-11,19.6,20.0,19.4,19.5,19.5,139440,1394408,-0.1,-0.5102,19.73,"March 11, 13",-0.005102,DVAX
2013-03-08,19.3,20.15,19.0,19.5,19.5,272951,2729517,0.2,1.04,19.62,"March 08, 13",0.0104,DVAX
2013-03-07,18.4,19.7,18.1,19.1,19.1,291925,2919255,0.7,3.8,19.05,"March 07, 13",0.038,DVAX
2013-03-06,18.3,18.6,18.1,18.3,18.299999,181012,1810121,0.0,0.0,18.37,"March 06, 13",0.0,DVAX
2013-03-05,18.5,18.8,18.0,18.4,18.4,177146,1771460,-0.1,-0.54054,18.35,"March 05, 13",-0.0054054,DVAX
2013-03-04,19.8,19.9,17.4,18.4,18.4,494018,4940183,-1.4,-7.07,18.52,"March 04, 13",-0.0707,DVAX
2013-03-01,20.1,20.3,19.5,19.8,19.799999,294044,2940443,-0.3,-1.49,19.82,"March 01, 13",-0.0149,DVAX
2013-02-28,19.9,20.5,19.0,20.4,20.4,418403,4184038,0.5,2.51,19.92,"February 28, 13",0.0251,DVAX
2013-02-27,21.0,21.1,19.5,20.1,20.1,590133,5901333,-0.9,-4.29,20.03,"February 27, 13",-0.0429,DVAX
2013-02-26,20.4,21.3,20.3,21.1,21.1,509196,5091967,0.7,3.43,20.89,"February 26, 13",0.0343,DVAX
2013-02-25,20.1,21.3,18.7,20.1,20.1,2209420,22094203,0.0,0.0,19.96,"February 25, 13",0.0,DVAX
2013-02-22,29.9,31.2,29.1,29.7,29.700001,659853,6598538,-0.2,-0.6689,30.31,"February 22, 13",-0.006689,DVAX
2013-02-21,27.5,30.0,27.3,29.4,29.4,572940,5729404,1.9,6.91,28.8,"February 21, 13",0.0691,DVAX
2013-02-20,29.9,30.0,27.1,27.7,27.700001,807456,8074562,-2.2,-7.36,28.19,"February 20, 13",-0.0736,DVAX
2013-02-19,31.9,32.0,29.4,29.5,29.5,623374,6233748,-2.4,-7.52,30.45,"February 19, 13",-0.0752,DVAX
2013-02-15,32.0,32.0,30.6,31.5,31.5,361748,3617483,-0.5,-1.56,31.2,"February 15, 13",-0.0156,DVAX
2013-02-14,32.4,32.4,31.6,31.7,31.700001,283005,2830055,-0.7,-2.16,32.0,"February 14, 13",-0.0216,DVAX
2013-02-13,32.8,33.0,32.1,32.2,32.200001,231700,2317000,-0.6,-1.83,32.32,"February 13, 13",-0.0183,DVAX
2013-02-12,32.5,32.5,31.7,32.2,32.200001,164912,1649127,-0.3,-0.92308,32.18,"February 12, 13",-0.0092308,DVAX
2013-02-11,32.5,32.9,31.9,31.9,31.9,384686,3846861,-0.6,-1.85,32.33,"February 11, 13",-0.0185,DVAX
2013-02-08,32.1,33.3,31.1,31.9,31.9,605766,6057666,-0.2,-0.62305,32.2,"February 08, 13",-0.0062305,DVAX
2013-02-07,31.3,32.1,30.9,31.6,31.6,262354,2623541,0.3,0.95847,31.52,"February 07, 13",0.0095847,DVAX
2013-02-06,30.8,30.8,30.2,30.6,30.6,167083,1670835,-0.2,-0.64935,30.44,"February 06, 13",-0.0064935,DVAX
2013-02-05,30.4,31.2,30.1,30.8,30.799999,336270,3362707,0.4,1.32,30.8,"February 05, 13",0.0132,DVAX
2013-02-04,30.9,31.35,29.9,30.1,30.1,319870,3198704,-0.8,-2.59,30.45,"February 04, 13",-0.0259,DVAX
2013-02-01,31.0,31.4,30.7,31.1,31.1,124858,1248588,0.1,0.32258,31.06,"February 01, 13",0.0032258,DVAX
2013-01-31,31.5,31.5,30.2,30.9,30.9,117455,1174559,-0.6,-1.9,30.7,"January 31, 13",-0.019,DVAX
2013-01-30,31.5,32.1,30.1,30.2,30.200001,283155,2831557,-1.3,-4.13,30.93,"January 30, 13",-0.0413,DVAX
2013-01-29,30.5,32.1,30.1,31.5,31.5,608404,6084046,1.0,3.28,31.24,"January 29, 13",0.0328,DVAX
2013-01-28,30.3,30.7,30.0,30.4,30.4,113713,1137131,0.1,0.33003,30.35,"January 28, 13",0.0033003,DVAX
2013-01-25,30.6,30.8,29.9,30.4,30.4,118318,1183186,-0.2,-0.65359,30.2,"January 25, 13",-0.0065359,DVAX
2013-01-24,30.6,31.1,30.0,30.5,30.5,188074,1880743,-0.1,-0.3268,30.45,"January 24, 13",-0.003268,DVAX
2013-01-23,30.9,31.15,30.2,30.6,30.6,99184,991849,-0.3,-0.97087,30.61,"January 23, 13",-0.0097087,DVAX
2013-01-22,30.8,31.2,30.301,30.8,30.799999,91901,919014,0.0,0.0,30.84,"January 22, 13",0.0,DVAX
2013-01-18,31.1,31.5,30.3,30.7,30.700001,109311,1093117,-0.4,-1.29,30.79,"January 18, 13",-0.0129,DVAX
2013-01-17,31.4,31.51,30.5,30.9,30.9,105780,1057804,-0.5,-1.59,30.96,"January 17, 13",-0.0159,DVAX
2013-01-16,30.3,31.4,30.0,31.2,31.200001,138984,1389843,0.9,2.97,30.9,"January 16, 13",0.0297,DVAX
2013-01-15,31.7,32.4,30.25,30.4,30.4,350878,3508782,-1.3,-4.1,31.07,"January 15, 13",-0.041,DVAX
2013-01-14,33.2,33.2,31.5,32.0,32.0,189994,1899948,-1.2,-3.61,32.18,"January 14, 13",-0.0361,DVAX
2013-01-11,33.4,33.5,32.6,33.0,33.0,141779,1417792,-0.4,-1.2,32.98,"January 11, 13",-0.012,DVAX
2013-01-10,33.7,33.9,32.1,33.3,33.299999,344629,3446297,-0.4,-1.19,32.85,"January 10, 13",-0.0119,DVAX
2013-01-09,30.8,33.9,30.5,33.0,33.0,514529,5145293,2.2,7.14,32.63,"January 09, 13",0.0714,DVAX
2013-01-08,29.2,30.8,29.0,30.6,30.6,218259,2182594,1.4,4.79,30.15,"January 08, 13",0.0479,DVAX
2013-01-07,28.5,29.5,28.101,29.3,29.299999,162423,1624230,0.8,2.81,28.92,"January 07, 13",0.0281,DVAX
2013-01-04,28.7,29.2,28.3,28.7,28.700001,121570,1215704,0.0,0.0,28.78,"January 04, 13",0.0,DVAX
2013-01-03,28.7,29.5,28.2,28.4,28.4,138678,1386784,-0.3,-1.05,28.9,"January 03, 13",-0.0105,DVAX
2013-01-02,29.5,30.1,28.8,29.2,29.200001,203310,2033106,-0.3,-1.02,29.26,"January 02, 13",-0.0102,DVAX
2012-12-31,27.3,28.7,26.4,28.5,28.5,281715,2817154,1.2,4.4,27.54,"December 31, 12",0.044,DVAX
2012-12-28,27.3,28.0,26.0,27.4,27.4,148495,1484958,0.1,0.3663,27.42,"December 28, 12",0.003663,DVAX
2012-12-27,28.2,28.5,26.7,27.7,27.700001,158972,1589725,-0.5,-1.77,27.56,"December 27, 12",-0.0177,DVAX
2012-12-26,27.9,28.6,27.8,28.2,28.200001,166488,1664880,0.3,1.08,28.33,"December 26, 12",0.0108,DVAX
2012-12-24,28.3,28.8,27.5,27.9,27.9,73106,731064,-0.4,-1.41,27.92,"December 24, 12",-0.0141,DVAX
2012-12-21,28.3,28.6,27.1,28.4,28.4,1335893,13358938,0.1,0.35336,28.25,"December 21, 12",0.0035336,DVAX
2012-12-20,28.6,29.3,27.8,28.4,28.4,191821,1918211,-0.2,-0.6993,28.49,"December 20, 12",-0.006993,DVAX
2012-12-19,28.5,29.6,28.5,28.7,28.700001,185946,1859469,0.2,0.70175,29.12,"December 19, 12",0.0070175,DVAX
2012-12-18,28.0,29.2,27.7,28.6,28.6,227489,2274896,0.6,2.14,28.55,"December 18, 12",0.0214,DVAX
2012-12-17,26.5,28.0,26.4,28.0,28.0,276020,2760201,1.5,5.66,27.62,"December 17, 12",0.0566,DVAX
2012-12-14,25.9,27.3,25.8,26.5,26.5,118385,1183855,0.6,2.32,26.62,"December 14, 12",0.0232,DVAX
2012-12-13,26.7,26.8,25.5,26.0,26.0,351870,3518707,-0.7,-2.62,25.77,"December 13, 12",-0.0262,DVAX
2012-12-12,26.0,27.5,26.0,26.9,26.9,231570,2315705,0.9,3.46,26.93,"December 12, 12",0.0346,DVAX
2012-12-11,25.8,26.1,24.7,26.0,26.0,394705,3947053,0.2,0.77519,25.39,"December 11, 12",0.0077519,DVAX
2012-12-10,25.0,26.6,24.5,25.7,25.700001,358000,3580009,0.7,2.8,25.64,"December 10, 12",0.028,DVAX
2012-12-07,26.5,26.7,24.7,24.95,25.0,409235,4092356,-1.55,-5.85,25.17,"December 07, 12",-0.0585,DVAX
2012-12-06,27.1,27.1,26.0,26.2,26.200001,238294,2382945,-0.9,-3.32,26.36,"December 06, 12",-0.0332,DVAX
2012-12-05,28.0,28.0,27.0,27.0,27.0,228623,2286239,-1.0,-3.57,27.41,"December 05, 12",-0.0357,DVAX
2012-12-04,28.3,28.5,27.35,27.8,27.799999,191186,1911860,-0.5,-1.77,27.84,"December 04, 12",-0.0177,DVAX
2012-12-03,28.0,28.9,27.7,28.4,28.4,419417,4194175,0.4,1.43,28.17,"December 03, 12",0.0143,DVAX
2012-11-30,28.9,29.0,27.9,28.4,28.4,140312,1403127,-0.5,-1.73,28.3,"November 30, 12",-0.0173,DVAX
2012-11-29,29.1,29.2,28.4,28.7,28.700001,155507,1555071,-0.4,-1.37,28.8,"November 29, 12",-0.0137,DVAX
2012-11-28,28.1,28.8,27.7,28.8,28.799999,255967,2559676,0.7,2.49,28.28,"November 28, 12",0.0249,DVAX
2012-11-27,28.7,29.7,27.7,28.15,28.200001,340542,3405420,-0.55,-1.92,28.65,"November 27, 12",-0.0192,DVAX
2012-11-26,27.8,28.9,27.1,28.8,28.799999,322812,3228128,1.0,3.6,28.32,"November 26, 12",0.036,DVAX
2012-11-23,29.4,29.5,27.4,27.6,27.6,256989,2569893,-1.8,-6.12,28.17,"November 23, 12",-0.0612,DVAX
2012-11-21,29.2,30.5,29.0,29.2,29.200001,583315,5833158,0.0,0.0,29.73,"November 21, 12",0.0,DVAX
2012-11-20,26.3,29.2,26.0,28.7,28.700001,1065086,10650863,2.4,9.13,28.3,"November 20, 12",0.0913,DVAX
2012-11-19,25.0,28.0,24.5,26.4,26.4,1275815,12758155,1.4,5.6,26.09,"November 19, 12",0.056,DVAX
2012-11-16,23.0,25.75,22.21,24.4,24.4,3541138,35411382,1.4,6.09,23.21,"November 16, 12",0.0609,DVAX
2012-11-15,46.3,46.3,46.3,46.3,46.299999,1187288,11872888,0.0,0.0,46.3,"November 15, 12",0.0,DVAX
2012-11-14,48.0,49.0,45.5,46.3,46.299999,787684,7876843,-1.7,-3.54,47.41,"November 14, 12",-0.0354,DVAX
2012-11-13,41.8,50.0,41.1,47.4,47.400002,1816930,18169307,5.6,13.4,46.5,"November 13, 12",0.134,DVAX
2012-11-12,42.6,43.5,41.0,41.8,41.799999,607032,6070326,-0.8,-1.88,41.81,"November 12, 12",-0.0188,DVAX
2012-11-09,40.6,42.7,40.2,41.7,41.700001,387182,3871823,1.1,2.71,41.83,"November 09, 12",0.0271,DVAX
2012-11-08,41.1,42.1,39.5,40.1,40.099998,267074,2670747,-1.0,-2.43,40.66,"November 08, 12",-0.0243,DVAX
2012-11-07,42.5,42.6,41.0,41.2,41.200001,256062,2560628,-1.3,-3.06,41.34,"November 07, 12",-0.0306,DVAX
2012-11-06,43.0,43.95,42.0,43.1,43.099998,296843,2968436,0.1,0.23256,43.25,"November 06, 12",0.0023256,DVAX
2012-11-05,41.5,43.0,40.8,42.5,42.5,249547,2495475,1.0,2.41,42.19,"November 05, 12",0.0241,DVAX
2012-11-02,42.3,42.4,40.5,40.6,40.599998,196614,1966145,-1.7,-4.02,41.16,"November 02, 12",-0.0402,DVAX
2012-11-01,41.5,43.4,41.5,42.3,42.299999,234803,2348030,0.8,1.93,42.48,"November 01, 12",0.0193,DVAX
2012-10-31,42.1,42.71,40.5,41.4,41.400002,209981,2099813,-0.7,-1.66,41.48,"October 31, 12",-0.0166,DVAX
2012-10-26,42.1,42.7,41.1,41.7,41.700001,134452,1344527,-0.4,-0.95012,41.77,"October 26, 12",-0.0095012,DVAX
2012-10-25,42.0,43.65,41.7,42.1,42.099998,337589,3375898,0.1,0.2381,42.64,"October 25, 12",0.002381,DVAX
2012-10-24,42.0,42.769,41.3,41.4,41.400002,150188,1501885,-0.6,-1.43,41.88,"October 24, 12",-0.0143,DVAX
2012-10-23,42.5,43.2,41.0,41.7,41.700001,278188,2781880,-0.8,-1.88,42.09,"October 23, 12",-0.0188,DVAX
2012-10-22,45.6,45.6,42.1,42.6,42.599998,285790,2857901,-3.0,-6.58,43.2,"October 22, 12",-0.0658,DVAX
2012-10-19,45.2,45.7,42.2,43.8,43.799999,379196,3791966,-1.4,-3.1,43.59,"October 19, 12",-0.031,DVAX
2012-10-18,47.0,47.7,45.1,45.498,45.5,234091,2340911,-1.502,-3.2,46.17,"October 18, 12",-0.032,DVAX
2012-10-17,47.5,48.7,45.0,46.999,47.0,439727,4397272,-0.501,-1.05,46.8,"October 17, 12",-0.0105,DVAX
2012-10-16,48.5,49.6,46.7,47.0,47.0,620463,6204637,-1.5,-3.09,47.9,"October 16, 12",-0.0309,DVAX
2012-10-15,49.4,50.9,49.3,50.6,50.599998,329213,3292136,1.2,2.43,50.17,"October 15, 12",0.0243,DVAX
2012-10-12,48.5,50.0,48.5,49.1,49.099998,251761,2517619,0.6,1.24,49.29,"October 12, 12",0.0124,DVAX
2012-10-11,48.2,49.0,47.8,48.8,48.799999,139920,1399207,0.6,1.24,48.57,"October 11, 12",0.0124,DVAX
2012-10-10,48.1,48.7,48.0,48.2,48.200001,109032,1090324,0.1,0.2079,48.27,"October 10, 12",0.002079,DVAX
2012-10-09,48.7,48.7,47.5,48.1,48.099998,153529,1535295,-0.6,-1.23,47.91,"October 09, 12",-0.0123,DVAX
2012-10-08,48.8,49.572,47.6,48.3,48.299999,172449,1724497,-0.5,-1.02,48.62,"October 08, 12",-0.0102,DVAX
2012-10-05,49.0,49.9,48.4,48.6,48.599998,139575,1395750,-0.4,-0.81633,49.18,"October 05, 12",-0.0081633,DVAX
2012-10-04,48.6,49.3,48.0,48.85,48.900002,118596,1185960,0.25,0.5144,48.67,"October 04, 12",0.005144,DVAX
2012-10-03,48.3,49.35,47.701,48.3,48.299999,112788,1127882,0.0,0.0,48.6,"October 03, 12",0.0,DVAX
2012-10-02,47.9,48.5,47.59,48.1,48.099998,71954,719543,0.2,0.41754,47.95,"October 02, 12",0.0041754,DVAX
2012-10-01,48.2,51.0,47.4,47.6,47.599998,86043,860434,-0.6,-1.24,47.78,"October 01, 12",-0.0124,DVAX
2012-09-28,47.5,48.8,47.0,47.6,47.599998,128898,1288982,0.1,0.21053,48.09,"September 28, 12",0.0021053,DVAX
2012-09-27,48.4,48.599,46.5,48.0,48.0,227042,2270426,-0.4,-0.82645,47.42,"September 27, 12",-0.0082645,DVAX
2012-09-26,47.8,49.0,47.8,47.95,48.0,148613,1486132,0.15,0.31381,48.17,"September 26, 12",0.0031381,DVAX
2012-09-25,48.9,49.4,47.5,47.6,47.599998,208115,2081156,-1.3,-2.66,48.46,"September 25, 12",-0.0266,DVAX
2012-09-24,48.6,49.05,48.1,48.6,48.599998,144474,1444740,0.0,0.0,48.52,"September 24, 12",0.0,DVAX
2012-09-21,48.4,49.0,47.45,48.9,48.900002,627763,6277639,0.5,1.03,48.52,"September 21, 12",0.0103,DVAX
2012-09-20,47.7,48.3,47.0,47.7,47.700001,139275,1392754,0.0,0.0,47.59,"September 20, 12",0.0,DVAX
2012-09-19,49.5,49.5,47.5,47.8,47.799999,207121,2071210,-1.7,-3.43,48.1,"September 19, 12",-0.0343,DVAX
2012-09-18,48.1,49.9,47.8,48.7,48.700001,416577,4165771,0.6,1.25,49.24,"September 18, 12",0.0125,DVAX
2012-09-17,49.1,49.699,46.9,47.7,47.700001,466879,4668794,-1.4,-2.85,47.79,"September 17, 12",-0.0285,DVAX
2012-09-14,45.3,46.2,44.4,45.5,45.5,342199,3421997,0.2,0.4415,45.48,"September 14, 12",0.004415,DVAX
2012-09-13,42.9,45.5,42.9,45.25,45.299999,207753,2077534,2.35,5.48,44.64,"September 13, 12",0.0548,DVAX
2012-09-12,42.6,44.1,42.4,43.0,43.0,94538,945385,0.4,0.93897,42.85,"September 12, 12",0.0093897,DVAX
2012-09-11,41.6,42.7,41.6,42.4,42.400002,115986,1159866,0.8,1.92,42.16,"September 11, 12",0.0192,DVAX
2012-09-10,41.7,42.0,40.7,41.4,41.400002,121925,1219254,-0.3,-0.71942,41.38,"September 10, 12",-0.0071942,DVAX
2012-09-07,41.8,42.0,41.3,41.9,41.900002,83945,839451,0.1,0.23923,41.66,"September 07, 12",0.0023923,DVAX
2012-09-06,40.9,42.0,40.6,41.5,41.5,136525,1365255,0.6,1.47,41.46,"September 06, 12",0.0147,DVAX
2012-09-05,40.4,41.15,39.7,40.6,40.599998,95602,956028,0.2,0.49505,40.49,"September 05, 12",0.0049505,DVAX
2012-09-04,39.3,40.7,38.05,40.6,40.599998,327241,3272416,1.3,3.31,40.3,"September 04, 12",0.0331,DVAX
2012-08-31,40.0,40.45,38.5,39.1,39.099998,89996,899961,-0.9,-2.25,39.37,"August 31, 12",-0.0225,DVAX
2012-08-30,38.1,39.9,37.3,39.6,39.599998,129624,1296243,1.5,3.94,39.19,"August 30, 12",0.0394,DVAX
2012-08-29,38.4,38.75,37.4,38.3,38.299999,93392,933922,-0.1,-0.26042,38.15,"August 29, 12",-0.0026042,DVAX
2012-08-28,38.0,39.9,37.6,38.3,38.299999,150477,1504778,0.3,0.78947,38.3,"August 28, 12",0.0078947,DVAX
2012-08-27,35.7,37.1,34.8,37.1,37.099998,129379,1293790,1.4,3.92,35.83,"August 27, 12",0.0392,DVAX
2012-08-24,35.6,36.2,35.2,35.4,35.400002,60420,604204,-0.2,-0.5618,35.55,"August 24, 12",-0.005618,DVAX
2012-08-23,35.8,35.9,35.1,35.7,35.700001,55037,550379,-0.1,-0.27933,35.62,"August 23, 12",-0.0027933,DVAX
2012-08-22,36.1,36.9,35.3,35.9,35.900002,62421,624212,-0.2,-0.55402,36.03,"August 22, 12",-0.0055402,DVAX
2012-08-21,36.6,36.9,35.6,36.0,36.0,67425,674253,-0.6,-1.64,36.3,"August 21, 12",-0.0164,DVAX
2012-08-20,36.6,36.8,36.1,36.6,36.599998,51494,514946,0.0,0.0,36.5,"August 20, 12",0.0,DVAX
2012-08-17,36.6,36.7,35.4,36.7,36.700001,107826,1078264,0.1,0.27322,36.14,"August 17, 12",0.0027322,DVAX
2012-08-16,38.1,38.3,36.5,36.7,36.700001,59831,598318,-1.4,-3.67,37.1,"August 16, 12",-0.0367,DVAX
2012-08-15,36.9,38.1,36.9,38.0,38.0,45824,458242,1.1,2.98,37.83,"August 15, 12",0.0298,DVAX
2012-08-14,37.1,37.9,36.3,37.1,37.099998,43984,439840,0.0,0.0,37.05,"August 14, 12",0.0,DVAX
2012-08-13,36.5,37.1,35.5,37.0,37.0,70536,705360,0.5,1.37,36.33,"August 13, 12",0.0137,DVAX
2012-08-10,38.3,38.9,36.2,36.4,36.400002,151072,1510725,-1.9,-4.96,36.84,"August 10, 12",-0.0496,DVAX
2012-08-09,38.8,39.2,38.1,38.2,38.200001,49907,499077,-0.6,-1.55,38.51,"August 09, 12",-0.0155,DVAX
2012-08-08,39.1,40.0,38.2,38.7,38.700001,65663,656632,-0.4,-1.02,38.96,"August 08, 12",-0.0102,DVAX
2012-08-07,38.1,40.0,38.1,39.3,39.299999,127847,1278479,1.2,3.15,39.41,"August 07, 12",0.0315,DVAX
2012-08-06,37.7,39.4,37.6,38.0,38.0,95935,959359,0.3,0.79576,38.6,"August 06, 12",0.0079576,DVAX
2012-08-03,37.6,38.1,36.8,37.7,37.700001,111857,1118571,0.1,0.26596,37.53,"August 03, 12",0.0026596,DVAX
2012-08-02,36.6,38.15,36.5,37.1,37.099998,153688,1536885,0.5,1.37,37.44,"August 02, 12",0.0137,DVAX
2012-08-01,39.0,39.2,35.1,36.7,36.700001,159266,1592661,-2.3,-5.9,37.08,"August 01, 12",-0.059,DVAX
2012-07-31,39.6,40.1,38.3,38.6,38.599998,76889,768894,-1.0,-2.53,38.97,"July 31, 12",-0.0253,DVAX
2012-07-30,41.9,41.9,39.6,39.6,39.599998,92426,924263,-2.3,-5.49,40.16,"July 30, 12",-0.0549,DVAX
2012-07-27,40.5,42.3,40.345,41.7,41.700001,105067,1050679,1.2,2.96,41.49,"July 27, 12",0.0296,DVAX
2012-07-26,40.2,40.6,39.8,40.45,40.5,48390,483907,0.25,0.62189,40.31,"July 26, 12",0.0062189,DVAX
2012-07-25,40.6,41.4,39.4,39.6,39.599998,68994,689948,-1.0,-2.46,39.88,"July 25, 12",-0.0246,DVAX
2012-07-24,40.3,40.9,39.7,40.35,40.400002,130564,1305644,0.05,0.12407,40.3,"July 24, 12",0.0012407,DVAX
2012-07-23,39.9,40.6,39.2,40.0,40.0,272328,2723287,0.1,0.25063,40.01,"July 23, 12",0.0025063,DVAX
2012-07-20,39.7,40.7,39.0,40.2,40.200001,153382,1533827,0.5,1.26,40.11,"July 20, 12",0.0126,DVAX
2012-07-19,42.1,42.1,39.55,40.0,40.0,90704,907048,-2.1,-4.99,40.52,"July 19, 12",-0.0499,DVAX
2012-07-18,41.5,42.5,41.4,41.7,41.700001,90257,902573,0.2,0.48193,42.0,"July 18, 12",0.0048193,DVAX
2012-07-17,42.3,42.4,41.2,41.7,41.700001,110814,1108148,-0.6,-1.42,41.87,"July 17, 12",-0.0142,DVAX
2012-07-16,41.5,42.3,40.0,41.9,41.900002,110265,1102652,0.4,0.96386,41.53,"July 16, 12",0.0096386,DVAX
2012-07-13,41.1,41.8,40.3,41.5,41.5,83738,837385,0.4,0.97324,41.11,"July 13, 12",0.0097324,DVAX
2012-07-12,41.5,41.6,39.8,40.8,40.799999,135721,1357215,-0.7,-1.69,40.47,"July 12, 12",-0.0169,DVAX
2012-07-11,43.1,43.3,41.5,41.8,41.799999,129739,1297398,-1.3,-3.02,42.2,"July 11, 12",-0.0302,DVAX
2012-07-10,44.0,44.37,43.1,43.1,43.099998,83320,833205,-0.9,-2.05,43.63,"July 10, 12",-0.0205,DVAX
2012-07-09,43.9,44.1,43.0,43.7,43.700001,96133,961338,-0.2,-0.45558,43.52,"July 09, 12",-0.0045558,DVAX
2012-07-06,43.9,44.399,43.7,43.9,43.900002,51834,518344,0.0,0.0,43.99,"July 06, 12",0.0,DVAX
2012-07-05,43.5,44.5,43.0,44.4,44.400002,153801,1538011,0.9,2.07,43.96,"July 05, 12",0.0207,DVAX
2012-07-03,44.0,44.0,43.15,43.5,43.5,79745,797455,-0.5,-1.14,43.7,"July 03, 12",-0.0114,DVAX
2012-07-02,43.4,43.9,42.1,43.8,43.799999,137215,1372155,0.4,0.92166,43.31,"July 02, 12",0.0092166,DVAX
2012-06-29,41.5,43.3,40.6,43.2,43.200001,231896,2318965,1.7,4.1,42.77,"June 29, 12",0.041,DVAX
2012-06-28,43.2,43.2,39.85,40.6,40.599998,173003,1730031,-2.6,-6.02,40.99,"June 28, 12",-0.0602,DVAX
2012-06-27,43.9,44.0,43.1,43.5,43.5,75372,753728,-0.4,-0.91116,43.63,"June 27, 12",-0.0091116,DVAX
2012-06-26,41.9,44.4,41.6,43.7,43.700001,329993,3299936,1.8,4.3,43.03,"June 26, 12",0.043,DVAX
2012-06-25,42.0,42.3,41.5,41.5,41.5,91040,910408,-0.5,-1.19,41.73,"June 25, 12",-0.0119,DVAX
2012-06-22,42.0,42.5,41.001,42.5,42.5,226981,2269813,0.5,1.19,42.29,"June 22, 12",0.0119,DVAX
2012-06-21,42.0,43.0,41.1,42.0,42.0,246449,2464490,0.0,0.0,41.87,"June 21, 12",0.0,DVAX
2012-06-20,42.1,42.6,41.0,42.0,42.0,138103,1381031,-0.1,-0.23753,41.82,"June 20, 12",-0.0023753,DVAX
2012-06-19,40.7,42.4,40.3,41.6,41.599998,280911,2809118,0.9,2.21,41.35,"June 19, 12",0.0221,DVAX
2012-06-18,39.5,41.0,38.3,40.3,40.299999,168270,1682700,0.8,2.03,40.2,"June 18, 12",0.0203,DVAX
2012-06-15,38.8,40.9,38.6,39.6,39.599998,535685,5356857,0.8,2.06,39.48,"June 15, 12",0.0206,DVAX
2012-06-14,38.0,39.0,37.3,39.0,39.0,125637,1256373,1.0,2.63,38.67,"June 14, 12",0.0263,DVAX
2012-06-13,38.0,39.1,37.5,38.2,38.200001,120240,1202404,0.2,0.52632,38.38,"June 13, 12",0.0052632,DVAX
2012-06-12,37.8,38.3,36.6,38.2,38.200001,114313,1143139,0.4,1.06,37.64,"June 12, 12",0.0106,DVAX
2012-06-11,38.8,39.188,37.6,37.8,37.799999,131697,1316973,-1.0,-2.58,38.23,"June 11, 12",-0.0258,DVAX
2012-06-08,36.2,38.5,35.8,38.3,38.299999,167136,1671361,2.1,5.8,37.0,"June 08, 12",0.058,DVAX
2012-06-07,37.0,37.3,36.0,36.3,36.299999,106717,1067170,-0.7,-1.89,36.46,"June 07, 12",-0.0189,DVAX
2012-06-06,36.6,37.3,35.7,36.5,36.5,204656,2046566,-0.1,-0.27322,36.33,"June 06, 12",-0.0027322,DVAX
2012-06-05,35.8,36.8,35.3,36.6,36.599998,131975,1319755,0.8,2.23,36.36,"June 05, 12",0.0223,DVAX
2012-06-04,36.2,36.9,35.0,36.2,36.200001,144662,1446622,0.0,0.0,36.04,"June 04, 12",0.0,DVAX
2012-06-01,36.6,37.8,35.7,36.1,36.099998,185004,1850047,-0.5,-1.37,36.49,"June 01, 12",-0.0137,DVAX
2012-05-31,36.7,38.4,36.2,37.7,37.700001,375479,3754797,1.0,2.72,37.33,"May 31, 12",0.0272,DVAX
2012-05-30,35.0,37.5,34.8,36.8,36.799999,197815,1978156,1.8,5.14,36.64,"May 30, 12",0.0514,DVAX
2012-05-29,36.6,36.8,34.7,35.2,35.200001,227725,2277255,-1.4,-3.83,35.29,"May 29, 12",-0.0383,DVAX
2012-05-25,36.1,37.0,36.0,36.4,36.400002,98025,980257,0.3,0.83102,36.47,"May 25, 12",0.0083102,DVAX
2012-05-24,35.8,36.7,35.0,36.5,36.5,114676,1146762,0.7,1.96,35.85,"May 24, 12",0.0196,DVAX
2012-05-23,35.3,36.3,33.3,36.1,36.099998,284569,2845695,0.8,2.27,34.71,"May 23, 12",0.0227,DVAX
2012-05-22,37.0,37.4,35.0,35.7,35.700001,259150,2591503,-1.3,-3.51,35.73,"May 22, 12",-0.0351,DVAX
2012-05-21,35.9,37.9,35.5,36.8,36.799999,148054,1480540,0.9,2.51,36.98,"May 21, 12",0.0251,DVAX
2012-05-18,37.4,37.6,35.7,35.9,35.900002,197509,1975097,-1.5,-4.01,36.42,"May 18, 12",-0.0401,DVAX
2012-05-17,38.1,38.7,36.2,37.6,37.599998,297265,2972659,-0.5,-1.31,37.3,"May 17, 12",-0.0131,DVAX
2012-05-16,40.3,40.5,38.0,38.1,38.099998,250769,2507693,-2.2,-5.46,39.15,"May 16, 12",-0.0546,DVAX
2012-05-15,40.3,40.8,39.7,40.0,40.0,158087,1580877,-0.3,-0.74442,40.19,"May 15, 12",-0.0074442,DVAX
2012-05-14,40.4,41.0,39.6,40.1,40.099998,157758,1577588,-0.3,-0.74257,40.48,"May 14, 12",-0.0074257,DVAX
2012-05-11,39.0,41.4,38.5,40.9,40.900002,497578,4975781,1.9,4.87,39.94,"May 11, 12",0.0487,DVAX
2012-05-10,39.8,40.2,38.1,38.9,38.900002,392702,3927021,-0.9,-2.26,38.98,"May 10, 12",-0.0226,DVAX
2012-05-09,41.5,41.6,38.5,39.4,39.400002,2640584,26405848,-2.1,-5.06,40.15,"May 09, 12",-0.0506,DVAX
2012-05-08,47.4,51.35,47.2,50.9,50.900002,207177,2071779,3.5,7.38,49.35,"May 08, 12",0.0738,DVAX
2012-05-07,46.8,48.9,46.2,47.9,47.900002,107765,1077657,1.1,2.35,48.05,"May 07, 12",0.0235,DVAX
2012-05-04,49.5,49.7,47.1,47.1,47.099998,142897,1428976,-2.4,-4.85,47.74,"May 04, 12",-0.0485,DVAX
2012-05-03,52.5,52.8,49.0,49.7,49.700001,226867,2268678,-2.8,-5.33,50.34,"May 03, 12",-0.0533,DVAX
2012-05-02,51.4,53.4,51.2,52.6,52.599998,237963,2379635,1.2,2.33,52.73,"May 02, 12",0.0233,DVAX
2012-05-01,49.8,52.3,49.7,51.6,51.599998,186984,1869847,1.8,3.61,51.44,"May 01, 12",0.0361,DVAX
2012-04-30,48.0,50.482,47.25,49.9,49.900002,363213,3632136,1.9,3.96,49.79,"April 30, 12",0.0396,DVAX
2012-04-27,48.3,50.0,47.5,47.9,47.900002,182141,1821412,-0.4,-0.82816,48.71,"April 27, 12",-0.0082816,DVAX
2012-04-26,47.1,48.0,46.9,47.6,47.599998,97731,977314,0.5,1.06,47.47,"April 26, 12",0.0106,DVAX
2012-04-25,47.2,47.7,46.5,47.1,47.099998,88607,886070,-0.1,-0.21186,47.13,"April 25, 12",-0.0021186,DVAX
2012-04-24,46.1,47.25,45.6,46.4,46.400002,127919,1279194,0.3,0.65076,46.42,"April 24, 12",0.0065076,DVAX
2012-04-23,45.3,46.8,45.0,46.3,46.299999,108463,1084633,1.0,2.21,46.05,"April 23, 12",0.0221,DVAX
2012-04-20,47.0,47.0,45.3,46.3,46.299999,64121,641211,-0.7,-1.49,46.51,"April 20, 12",-0.0149,DVAX
2012-04-19,46.9,48.2,45.5,45.8,45.799999,89460,894600,-1.1,-2.35,46.22,"April 19, 12",-0.0235,DVAX
2012-04-18,48.6,48.7,46.5,46.7,46.700001,80919,809198,-1.9,-3.91,47.19,"April 18, 12",-0.0391,DVAX
2012-04-17,47.3,49.2,47.1,48.8,48.799999,90974,909747,1.5,3.17,48.37,"April 17, 12",0.0317,DVAX
2012-04-16,47.5,49.0,46.1,46.7,46.700001,132629,1326296,-0.8,-1.68,46.87,"April 16, 12",-0.0168,DVAX
2012-04-13,47.5,48.2,45.6,47.5,47.5,105647,1056479,0.0,0.0,46.94,"April 13, 12",0.0,DVAX
2012-04-12,47.6,49.2,47.1,47.9,47.900002,178132,1781322,0.3,0.63025,48.04,"April 12, 12",0.0063025,DVAX
2012-04-11,47.1,48.6,47.0,47.9,47.900002,109967,1099676,0.8,1.7,47.77,"April 11, 12",0.017,DVAX
2012-04-10,49.4,49.9,46.4,46.4,46.400002,194478,1944787,-3.0,-6.07,47.38,"April 10, 12",-0.0607,DVAX
2012-04-09,50.3,51.2,49.0,49.1,49.099998,121257,1212570,-1.2,-2.39,49.7,"April 09, 12",-0.0239,DVAX
2012-04-05,47.9,52.4,47.9,51.5,51.5,198235,1982357,3.6,7.52,50.62,"April 05, 12",0.0752,DVAX
2012-04-04,49.6,49.9,47.7,47.9,47.900002,168640,1686403,-1.7,-3.43,48.41,"April 04, 12",-0.0343,DVAX
2012-04-03,50.0,51.4,49.0,50.2,50.200001,122601,1226013,0.2,0.4,50.53,"April 03, 12",0.004,DVAX
2012-04-02,50.2,50.9,49.1,50.1,50.099998,194822,1948223,-0.1,-0.1992,50.01,"April 02, 12",-0.001992,DVAX
2012-03-30,49.3,50.8,49.095,50.3,50.299999,337512,3375125,1.0,2.03,50.11,"March 30, 12",0.0203,DVAX
2012-03-29,48.1,49.4,48.0,49.0,49.0,220889,2208896,0.9,1.87,49.01,"March 29, 12",0.0187,DVAX
2012-03-28,47.3,48.9,47.2,48.2,48.200001,321315,3213151,0.9,1.9,48.23,"March 28, 12",0.019,DVAX
2012-03-27,47.3,47.9,46.6,47.0,47.0,148754,1487548,-0.3,-0.63425,47.34,"March 27, 12",-0.0063425,DVAX
2012-03-26,46.9,47.4,45.9,46.8,46.799999,124330,1243307,-0.1,-0.21322,46.74,"March 26, 12",-0.0021322,DVAX
2012-03-23,46.9,46.9,44.5,46.4,46.400002,95393,953930,-0.5,-1.07,45.85,"March 23, 12",-0.0107,DVAX
2012-03-22,45.9,47.1,45.3,46.9,46.900002,101313,1013130,1.0,2.18,46.23,"March 22, 12",0.0218,DVAX
2012-03-21,46.2,47.4,45.6,46.3,46.299999,94683,946832,0.1,0.21645,46.54,"March 21, 12",0.0021645,DVAX
2012-03-20,45.3,46.625,44.8,45.9,45.900002,115751,1157513,0.6,1.32,45.91,"March 20, 12",0.0132,DVAX
2012-03-19,45.0,47.7,44.4,45.5,45.5,210995,2109953,0.5,1.11,46.26,"March 19, 12",0.0111,DVAX
2012-03-16,44.6,45.8,43.6,44.9,44.900002,567824,5678244,0.3,0.67265,44.55,"March 16, 12",0.0067265,DVAX
2012-03-15,43.0,44.0,42.5,43.9,43.900002,117879,1178792,0.9,2.09,43.45,"March 15, 12",0.0209,DVAX
2012-03-14,43.3,43.5,42.5,42.9,42.900002,71873,718737,-0.4,-0.92379,43.01,"March 14, 12",-0.0092379,DVAX
2012-03-13,42.5,43.6,41.5,43.5,43.5,112432,1124324,1.0,2.35,42.9,"March 13, 12",0.0235,DVAX
2012-03-12,42.2,42.6,41.1,41.6,41.599998,133487,1334878,-0.6,-1.42,41.52,"March 12, 12",-0.0142,DVAX
2012-03-09,41.7,42.6,41.2,42.2,42.200001,106026,1060264,0.5,1.2,42.15,"March 09, 12",0.012,DVAX
2012-03-08,40.8,42.1,40.2,41.8,41.799999,72705,727059,1.0,2.45,41.67,"March 08, 12",0.0245,DVAX
2012-03-07,41.5,41.5,40.0,40.4,40.400002,152924,1529246,-1.1,-2.65,40.4,"March 07, 12",-0.0265,DVAX
2012-03-06,40.6,42.1,40.6,41.5,41.5,156316,1563161,0.9,2.22,41.49,"March 06, 12",0.0222,DVAX
2012-03-05,40.9,41.5,40.5,40.9,40.900002,97780,977809,0.0,0.0,40.9,"March 05, 12",0.0,DVAX
2012-03-02,43.8,43.9,40.9,41.2,41.200001,155936,1559361,-2.6,-5.94,41.94,"March 02, 12",-0.0594,DVAX
2012-03-01,42.0,44.9,41.3,43.9,43.900002,393250,3932506,1.9,4.52,43.59,"March 01, 12",0.0452,DVAX
2012-02-29,40.5,42.55,40.0,42.0,42.0,325140,3251409,1.5,3.7,41.96,"February 29, 12",0.037,DVAX
2012-02-28,40.6,40.7,39.6,40.4,40.400002,88290,882904,-0.2,-0.49261,40.07,"February 28, 12",-0.0049261,DVAX
2012-02-27,40.4,41.295,40.0,40.7,40.700001,45772,457727,0.3,0.74257,40.56,"February 27, 12",0.0074257,DVAX
2012-02-24,40.9,41.6,40.4,40.4,40.400002,74130,741305,-0.5,-1.22,40.95,"February 24, 12",-0.0122,DVAX
2012-02-23,40.3,41.1,39.7,40.8,40.799999,59295,592951,0.5,1.24,40.54,"February 23, 12",0.0124,DVAX
2012-02-22,40.9,40.918,39.3,40.4,40.400002,227078,2270785,-0.5,-1.22,40.05,"February 22, 12",-0.0122,DVAX
2012-02-21,41.5,41.6,40.0,41.3,41.299999,122313,1223133,-0.2,-0.48193,40.68,"February 21, 12",-0.0048193,DVAX
2012-02-17,42.6,42.6,41.3,41.4,41.400002,78774,787742,-1.2,-2.82,41.57,"February 17, 12",-0.0282,DVAX
2012-02-16,41.2,42.6,40.8,42.3,42.299999,114371,1143713,1.1,2.67,42.09,"February 16, 12",0.0267,DVAX
2012-02-15,41.0,42.0,40.2,41.3,41.299999,125745,1257459,0.3,0.73171,41.49,"February 15, 12",0.0073171,DVAX
2012-02-14,41.9,42.4,40.0,40.6,40.599998,193897,1938979,-1.3,-3.1,40.95,"February 14, 12",-0.031,DVAX
2012-02-13,41.1,42.7,40.1,42.0,42.0,229650,2296505,0.9,2.19,41.5,"February 13, 12",0.0219,DVAX
2012-02-10,41.5,41.9,39.4,40.5,40.5,181693,1816938,-1.0,-2.41,40.43,"February 10, 12",-0.0241,DVAX
2012-02-09,42.4,42.9,41.5,41.5,41.5,97963,979634,-0.9,-2.12,41.82,"February 09, 12",-0.0212,DVAX
2012-02-08,42.6,43.7,41.9,42.4,42.400002,110343,1103431,-0.2,-0.46948,42.38,"February 08, 12",-0.0046948,DVAX
2012-02-07,43.3,43.5,41.9,42.6,42.599998,157639,1576394,-0.7,-1.62,42.59,"February 07, 12",-0.0162,DVAX
2012-02-06,43.0,44.8,41.9,42.7,42.700001,192762,1927628,-0.3,-0.69767,43.12,"February 06, 12",-0.0069767,DVAX
2012-02-03,42.6,43.8,40.3,43.0,43.0,614333,6143336,0.4,0.93897,42.46,"February 03, 12",0.0093897,DVAX
2012-02-02,37.0,42.1,36.5,40.8,40.799999,1018716,10187166,3.8,10.27,39.64,"February 02, 12",0.1027,DVAX
2012-02-01,35.1,36.9,34.6,36.8,36.799999,234048,2340484,1.7,4.84,36.28,"February 01, 12",0.0484,DVAX
2012-01-31,35.8,35.8,34.1,34.8,34.799999,159999,1599993,-1.0,-2.79,34.72,"January 31, 12",-0.0279,DVAX
2012-01-30,35.3,35.9,34.6,35.4,35.400002,116428,1164283,0.1,0.28329,35.23,"January 30, 12",0.0028329,DVAX
2012-01-27,34.7,36.0,34.5,35.8,35.799999,115913,1159138,1.1,3.17,35.38,"January 27, 12",0.0317,DVAX
2012-01-26,35.5,35.9,34.4,34.9,34.900002,77457,774573,-0.6,-1.69,34.95,"January 26, 12",-0.0169,DVAX
2012-01-25,34.3,35.3,34.1,35.1,35.099998,61965,619651,0.8,2.33,34.78,"January 25, 12",0.0233,DVAX
2012-01-24,33.5,34.6,33.5,34.4,34.400002,76894,768942,0.9,2.69,34.38,"January 24, 12",0.0269,DVAX
2012-01-23,34.1,34.6,33.3,33.8,33.799999,64198,641982,-0.3,-0.87977,33.94,"January 23, 12",-0.0087977,DVAX
2012-01-20,36.0,36.0,34.0,34.2,34.200001,148759,1487591,-1.8,-5.0,34.53,"January 20, 12",-0.05,DVAX
2012-01-19,36.8,36.9,34.05,36.0,36.0,129357,1293572,-0.8,-2.17,35.84,"January 19, 12",-0.0217,DVAX
2012-01-18,35.9,37.0,35.9,36.6,36.599998,130262,1302622,0.7,1.95,36.7,"January 18, 12",0.0195,DVAX
2012-01-17,37.0,37.0,35.1,36.0,36.0,127615,1276156,-1.0,-2.7,36.12,"January 17, 12",-0.027,DVAX
2012-01-13,37.2,37.75,36.601,36.9,36.900002,156362,1563627,-0.3,-0.80645,37.14,"January 13, 12",-0.0080645,DVAX
2012-01-12,36.2,38.3,35.9,38.0,38.0,280864,2808643,1.8,4.97,37.42,"January 12, 12",0.0497,DVAX
2012-01-11,35.4,36.808,35.4,36.2,36.200001,126820,1268209,0.8,2.26,36.16,"January 11, 12",0.0226,DVAX
2012-01-10,35.5,36.3,35.0,35.4,35.400002,125689,1256890,-0.1,-0.28169,35.51,"January 10, 12",-0.0028169,DVAX
2012-01-09,33.6,36.0,33.1,35.2,35.200001,199326,1993260,1.6,4.76,34.56,"January 09, 12",0.0476,DVAX
2012-01-06,33.2,33.785,32.507,33.1,33.099998,57921,579212,-0.1,-0.3012,33.23,"January 06, 12",-0.003012,DVAX
2012-01-05,32.5,33.4,32.4,33.1,33.099998,100422,1004222,0.6,1.85,33.01,"January 05, 12",0.0185,DVAX
2012-01-04,32.7,33.2,32.5,32.8,32.799999,63575,635759,0.1,0.30581,32.92,"January 04, 12",0.0030581,DVAX
2012-01-03,33.7,33.9,32.7,32.8,32.799999,143279,1432793,-0.9,-2.67,33.0,"January 03, 12",-0.0267,DVAX
2011-12-30,32.9,33.5,32.7,33.2,33.200001,106471,1064717,0.3,0.91185,33.14,"December 30, 11",0.0091185,DVAX
2011-12-29,32.8,33.4,32.7,33.0,33.0,63938,639382,0.2,0.60976,33.09,"December 29, 11",0.0060976,DVAX
2011-12-28,33.0,33.3,32.5,32.6,32.599998,105704,1057044,-0.4,-1.21,32.89,"December 28, 11",-0.0121,DVAX
2011-12-27,33.0,33.6,32.6,32.9,32.900002,180459,1804598,-0.1,-0.30303,33.08,"December 27, 11",-0.0030303,DVAX
2011-12-23,33.3,33.3,32.6,33.0,33.0,65951,659518,-0.3,-0.9009,33.06,"December 23, 11",-0.009009,DVAX
2011-12-22,33.3,33.5,32.5,33.2,33.200001,95735,957351,-0.1,-0.3003,33.07,"December 22, 11",-0.003003,DVAX
2011-12-21,33.9,33.9,31.7,33.3,33.299999,123617,1236173,-0.6,-1.77,32.98,"December 21, 11",-0.0177,DVAX
2011-12-20,31.1,32.3,31.0,32.3,32.299999,183033,1830331,1.2,3.86,31.88,"December 20, 11",0.0386,DVAX
2011-12-19,30.0,31.6,28.901,30.2,30.200001,135952,1359522,0.2,0.66667,30.65,"December 19, 11",0.0066667,DVAX
2011-12-16,30.5,30.9,29.4,30.7,30.700001,678604,6786043,0.2,0.65574,30.58,"December 16, 11",0.0065574,DVAX
2011-12-15,31.6,31.7,30.3,30.6,30.6,131204,1312045,-1.0,-3.16,30.75,"December 15, 11",-0.0316,DVAX
2011-12-14,30.9,31.3,29.7,31.2,31.200001,118243,1182439,0.3,0.97087,30.64,"December 14, 11",0.0097087,DVAX
2011-12-13,32.0,32.3,31.0,31.3,31.299999,78665,786658,-0.7,-2.19,31.66,"December 13, 11",-0.0219,DVAX
2011-12-12,31.5,32.0,31.1,31.8,31.799999,120488,1204881,0.3,0.95238,31.47,"December 12, 11",0.0095238,DVAX
2011-12-09,30.5,32.2,30.1,32.0,32.0,177907,1779079,1.5,4.92,31.53,"December 09, 11",0.0492,DVAX
2011-12-08,30.8,31.5,30.3,30.3,30.299999,98843,988433,-0.5,-1.62,30.85,"December 08, 11",-0.0162,DVAX
2011-12-07,32.8,33.4,30.95,31.2,31.200001,206697,2066971,-1.6,-4.88,31.41,"December 07, 11",-0.0488,DVAX
2011-12-06,33.1,33.5,32.8,32.9,32.900002,198325,1983255,-0.2,-0.60423,33.05,"December 06, 11",-0.0060423,DVAX
2011-12-05,32.6,33.5,32.0,33.1,33.099998,272857,2728573,0.5,1.53,32.96,"December 05, 11",0.0153,DVAX
2011-12-02,32.4,32.5,31.701,32.0,32.0,200330,2003301,-0.4,-1.23,32.18,"December 02, 11",-0.0123,DVAX
2011-12-01,31.4,33.0,30.8,32.1,32.099998,234762,2347625,0.7,2.23,32.17,"December 01, 11",0.0223,DVAX
2011-11-30,30.5,31.2,29.8,31.1,31.1,517888,5178888,0.6,1.97,30.97,"November 30, 11",0.0197,DVAX
2011-11-29,30.3,30.3,29.7,29.8,29.799999,108487,1084875,-0.5,-1.65,29.98,"November 29, 11",-0.0165,DVAX
2011-11-28,30.1,30.7,29.4,30.0,30.0,200149,2001496,-0.1,-0.33223,29.84,"November 28, 11",-0.0033223,DVAX
2011-11-25,29.2,30.1,29.0,29.1,29.1,42542,425428,-0.1,-0.34247,29.54,"November 25, 11",-0.0034247,DVAX
2011-11-23,29.1,29.7,28.9,29.3,29.299999,89877,898770,0.2,0.68729,29.38,"November 23, 11",0.0068729,DVAX
2011-11-22,29.3,29.6,28.1,29.4,29.4,79224,792244,0.1,0.3413,29.33,"November 22, 11",0.003413,DVAX
2011-11-21,27.5,29.9,27.4,29.5,29.5,149752,1497529,2.0,7.27,29.04,"November 21, 11",0.0727,DVAX
2011-11-18,29.5,29.8,27.6,28.3,28.299999,136516,1365164,-1.2,-4.07,28.3,"November 18, 11",-0.0407,DVAX
2011-11-17,29.0,30.2,28.3,29.2,29.200001,171758,1717589,0.2,0.68966,29.35,"November 17, 11",0.0068966,DVAX
2011-11-16,27.6,29.8,27.5,29.1,29.1,185073,1850738,1.5,5.43,28.81,"November 16, 11",0.0543,DVAX
2011-11-15,27.3,28.0,26.7,28.0,28.0,66768,667680,0.7,2.56,27.66,"November 15, 11",0.0256,DVAX
2011-11-14,28.1,28.388,27.4,27.6,27.6,71973,719738,-0.5,-1.78,27.76,"November 14, 11",-0.0178,DVAX
2011-11-11,28.0,28.4,27.7,28.4,28.4,85900,859007,0.4,1.43,28.1,"November 11, 11",0.0143,DVAX
2011-11-10,28.0,28.2,27.0,27.7,27.700001,81546,815466,-0.3,-1.07,27.5,"November 10, 11",-0.0107,DVAX
2011-11-09,27.8,29.3,27.3,27.5,27.5,167889,1678890,-0.3,-1.08,28.04,"November 09, 11",-0.0108,DVAX
2011-11-08,28.3,28.8,27.6,28.6,28.6,88704,887047,0.3,1.06,28.25,"November 08, 11",0.0106,DVAX
2011-11-07,28.7,29.3,27.5,27.9,27.9,204102,2041024,-0.8,-2.79,28.51,"November 07, 11",-0.0279,DVAX
2011-11-04,27.3,29.3,27.2,29.1,29.1,168240,1682405,1.8,6.59,28.61,"November 04, 11",0.0659,DVAX
2011-11-03,26.9,28.1,26.1,27.7,27.700001,744408,7444083,0.8,2.97,27.21,"November 03, 11",0.0297,DVAX
2011-11-02,25.6,26.25,25.3,26.0,26.0,81960,819609,0.4,1.56,25.77,"November 02, 11",0.0156,DVAX
2011-11-01,26.0,26.6,25.1,25.2,25.200001,112334,1123345,-0.8,-3.08,25.75,"November 01, 11",-0.0308,DVAX
2011-10-31,28.7,28.702,27.1,27.1,27.1,173156,1731562,-1.6,-5.57,27.69,"October 31, 11",-0.0557,DVAX
2011-10-28,28.5,30.3,28.1,29.3,29.299999,200404,2004041,0.8,2.81,29.39,"October 28, 11",0.0281,DVAX
2011-10-27,28.0,29.8,26.8,28.9,28.9,274522,2745227,0.9,3.21,28.31,"October 27, 11",0.0321,DVAX
2011-10-26,28.5,28.5,23.4,27.5,27.5,482180,4821806,-1.0,-3.51,26.66,"October 26, 11",-0.0351,DVAX
2011-10-25,28.9,29.0,27.7,27.9,27.9,109961,1099618,-1.0,-3.46,28.33,"October 25, 11",-0.0346,DVAX
2011-10-24,27.7,29.1,27.3,29.1,29.1,235635,2356353,1.4,5.05,28.38,"October 24, 11",0.0505,DVAX
2011-10-21,28.0,28.3,26.4,27.6,27.6,204284,2042844,-0.4,-1.43,27.4,"October 21, 11",-0.0143,DVAX
2011-10-20,25.0,27.8,24.7,27.6,27.6,254964,2549641,2.6,10.4,26.12,"October 20, 11",0.104,DVAX
2011-10-19,23.8,25.8,23.0,25.1,25.1,171114,1711148,1.3,5.46,24.77,"October 19, 11",0.0546,DVAX
2011-10-18,22.8,24.1,22.7,23.7,23.700001,126535,1265351,0.9,3.95,23.72,"October 18, 11",0.0395,DVAX
2011-10-17,23.8,23.9,22.8,22.9,22.9,78199,781996,-0.9,-3.78,23.19,"October 17, 11",-0.0378,DVAX
2011-10-14,24.6,24.6,23.6,23.9,23.9,111441,1114419,-0.7,-2.85,23.97,"October 14, 11",-0.0285,DVAX
2011-10-13,22.2,24.5,21.8,24.4,24.4,140811,1408118,2.2,9.91,23.38,"October 13, 11",0.0991,DVAX
2011-10-12,21.9,22.5,21.35,22.4,22.4,68082,680824,0.5,2.28,22.1,"October 12, 11",0.0228,DVAX
2011-10-11,20.1,22.3,19.8,21.9,21.9,132149,1321499,1.8,8.96,21.54,"October 11, 11",0.0896,DVAX
2011-10-10,18.9,20.0,18.5,20.0,20.0,88883,888837,1.1,5.82,19.66,"October 10, 11",0.0582,DVAX
2011-10-07,19.1,19.5,18.1,18.3,18.299999,62642,626424,-0.8,-4.19,18.65,"October 07, 11",-0.0419,DVAX
2011-10-06,18.9,19.2,18.7,18.9,18.9,71802,718026,0.0,0.0,18.9,"October 06, 11",0.0,DVAX
2011-10-05,19.4,19.6,18.3,18.8,18.799999,104108,1041086,-0.6,-3.09,18.73,"October 05, 11",-0.0309,DVAX
2011-10-04,17.9,19.0,17.5,18.8,18.799999,126576,1265768,0.9,5.03,18.36,"October 04, 11",0.0503,DVAX
2011-10-03,18.1,19.4,18.0,18.2,18.200001,102260,1022606,0.1,0.55249,18.45,"October 03, 11",0.0055249,DVAX
2011-09-30,18.9,19.5,18.4,18.6,18.6,71439,714396,-0.3,-1.59,18.89,"September 30, 11",-0.0159,DVAX
2011-09-29,19.7,19.7,18.0,19.3,19.299999,65640,656408,-0.4,-2.03,18.96,"September 29, 11",-0.0203,DVAX
2011-09-28,19.8,20.3,19.1,19.1,19.1,75071,750719,-0.7,-3.54,19.41,"September 28, 11",-0.0354,DVAX
2011-09-27,20.1,20.55,19.6,19.8,19.799999,88593,885930,-0.3,-1.49,19.99,"September 27, 11",-0.0149,DVAX
2011-09-26,19.6,19.8,19.0,19.7,19.700001,122821,1228217,0.1,0.5102,19.38,"September 26, 11",0.005102,DVAX
2011-09-23,18.4,19.605,18.4,19.3,19.299999,126759,1267593,0.9,4.89,19.04,"September 23, 11",0.0489,DVAX
2011-09-22,19.6,20.2,18.1,18.4,18.4,177558,1775585,-1.2,-6.12,19.05,"September 22, 11",-0.0612,DVAX
2011-09-21,21.3,21.5,20.2,20.3,20.299999,111164,1111644,-1.0,-4.69,21.0,"September 21, 11",-0.0469,DVAX
2011-09-20,22.1,22.2,21.3,21.3,21.299999,72653,726538,-0.8,-3.62,21.57,"September 20, 11",-0.0362,DVAX
2011-09-19,23.8,23.8,21.7,21.8,21.799999,149842,1498426,-2.0,-8.4,22.61,"September 19, 11",-0.084,DVAX
2011-09-16,21.8,24.3,21.4,24.3,24.299999,240570,2405708,2.5,11.47,23.1,"September 16, 11",0.1147,DVAX
2011-09-15,21.6,21.6,21.1,21.3,21.299999,44787,447871,-0.3,-1.39,21.37,"September 15, 11",-0.0139,DVAX
2011-09-14,21.6,21.8,21.0,21.5,21.5,51998,519984,-0.1,-0.46296,21.46,"September 14, 11",-0.0046296,DVAX
2011-09-13,21.1,21.9,21.1,21.5,21.5,84079,840791,0.4,1.9,21.5,"September 13, 11",0.019,DVAX
2011-09-12,21.0,22.017,21.0,21.0,21.0,63539,635399,0.0,0.0,21.22,"September 12, 11",0.0,DVAX
2011-09-09,21.9,22.2,21.0,21.2,21.200001,73594,735942,-0.7,-3.2,21.39,"September 09, 11",-0.032,DVAX
2011-09-08,23.0,23.4,22.1,22.2,22.200001,56700,567006,-0.8,-3.48,22.67,"September 08, 11",-0.0348,DVAX
2011-09-07,23.3,23.8,22.4,23.1,23.1,115735,1157356,-0.2,-0.85837,23.09,"September 07, 11",-0.0085837,DVAX
2011-09-06,21.2,23.0,21.2,22.8,22.799999,69150,691500,1.6,7.55,22.25,"September 06, 11",0.0755,DVAX
2011-09-02,22.4,23.12,21.7,21.9,21.9,69048,690487,-0.5,-2.23,22.2,"September 02, 11",-0.0223,DVAX
2011-09-01,24.0,24.4,22.8,23.1,23.1,92131,921314,-0.9,-3.75,23.36,"September 01, 11",-0.0375,DVAX
2011-08-31,24.3,24.7,23.5,24.0,24.0,166157,1661571,-0.3,-1.23,24.05,"August 31, 11",-0.0123,DVAX
2011-08-30,22.5,24.5,22.4,23.9,23.9,112604,1126049,1.4,6.22,23.7,"August 30, 11",0.0622,DVAX
2011-08-29,22.5,23.3,22.2,22.6,22.6,171848,1718484,0.1,0.44444,22.8,"August 29, 11",0.0044444,DVAX
2011-08-26,21.1,22.6,21.0,22.2,22.200001,77608,776081,1.1,5.21,21.93,"August 26, 11",0.0521,DVAX
2011-08-25,22.8,23.2,21.1,21.4,21.4,95147,951477,-1.4,-6.14,21.85,"August 25, 11",-0.0614,DVAX
2011-08-24,22.0,22.6,21.6,22.4,22.4,91136,911367,0.4,1.82,22.2,"August 24, 11",0.0182,DVAX
2011-08-23,21.1,22.1,21.0,22.0,22.0,114018,1140183,0.9,4.27,21.55,"August 23, 11",0.0427,DVAX
2011-08-22,21.3,21.3,20.5,20.7,20.700001,100290,1002904,-0.6,-2.82,20.69,"August 22, 11",-0.0282,DVAX
2011-08-19,21.6,22.6,20.6,20.7,20.700001,151250,1512503,-0.9,-4.17,21.37,"August 19, 11",-0.0417,DVAX
2011-08-18,23.8,23.8,22.0,22.2,22.200001,117608,1176082,-1.6,-6.72,22.83,"August 18, 11",-0.0672,DVAX
2011-08-17,25.0,25.7,24.2,24.7,24.700001,113001,1130014,-0.3,-1.2,24.66,"August 17, 11",-0.012,DVAX
2011-08-16,25.5,25.9,24.7,24.7,24.700001,90452,904529,-0.8,-3.14,25.21,"August 16, 11",-0.0314,DVAX
2011-08-15,24.4,26.1,24.4,25.9,25.9,94229,942297,1.5,6.15,25.43,"August 15, 11",0.0615,DVAX
2011-08-12,24.3,24.8,23.9,24.0,24.0,65955,659553,-0.3,-1.23,24.28,"August 12, 11",-0.0123,DVAX
2011-08-11,24.5,25.0,23.5,24.2,24.200001,129146,1291461,-0.3,-1.22,24.04,"August 11, 11",-0.0122,DVAX
2011-08-10,24.0,25.4,23.55,24.3,24.299999,287477,2874772,0.3,1.25,24.73,"August 10, 11",0.0125,DVAX
2011-08-09,22.6,24.9,21.0,24.9,24.9,264102,2641022,2.3,10.18,22.53,"August 09, 11",0.1018,DVAX
2011-08-08,24.0,24.5,21.3,21.3,21.299999,213046,2130460,-2.7,-11.25,22.54,"August 08, 11",-0.1125,DVAX
2011-08-05,26.1,26.6,24.5,25.1,25.1,250800,2508004,-1.0,-3.83,25.46,"August 05, 11",-0.0383,DVAX
2011-08-04,27.8,27.8,25.7,25.7,25.700001,202660,2026605,-2.1,-7.55,26.62,"August 04, 11",-0.0755,DVAX
2011-08-03,30.1,30.1,27.7,28.2,28.200001,165221,1652219,-1.9,-6.31,28.66,"August 03, 11",-0.0631,DVAX
2011-08-02,30.4,31.5,29.9,30.1,30.1,265876,2658765,-0.3,-0.98684,30.76,"August 02, 11",-0.0098684,DVAX
2011-08-01,28.5,30.7,28.3,30.5,30.5,360109,3601099,2.0,7.02,29.56,"August 01, 11",0.0702,DVAX
2011-07-29,28.0,28.5,26.8,28.0,28.0,167584,1675842,0.0,0.0,27.99,"July 29, 11",0.0,DVAX
2011-07-28,30.5,31.0,28.2,28.4,28.4,1027860,10278607,-2.1,-6.89,29.73,"July 28, 11",-0.0689,DVAX
2011-07-27,26.0,26.0,23.9,24.3,24.299999,207025,2070254,-1.7,-6.54,24.79,"July 27, 11",-0.0654,DVAX
2011-07-26,25.3,26.2,24.9,26.0,26.0,159891,1598919,0.7,2.77,25.65,"July 26, 11",0.0277,DVAX
2011-07-25,25.3,25.4,24.7,25.1,25.1,354607,3546072,-0.2,-0.79051,25.04,"July 25, 11",-0.0079051,DVAX
2011-07-22,26.3,26.3,25.2,25.5,25.5,168784,1687845,-0.8,-3.04,25.69,"July 22, 11",-0.0304,DVAX
2011-07-21,25.1,27.7,25.1,26.3,26.299999,578232,5782322,1.2,4.78,26.58,"July 21, 11",0.0478,DVAX
2011-07-20,26.1,28.3,21.6,25.6,25.6,1620835,16208358,-0.5,-1.92,24.51,"July 20, 11",-0.0192,DVAX
2011-07-19,29.0,31.6,28.4,31.6,31.6,262698,2626984,2.6,8.97,30.45,"July 19, 11",0.0897,DVAX
2011-07-18,30.4,30.7,28.9,29.6,29.6,125383,1253832,-0.8,-2.63,29.58,"July 18, 11",-0.0263,DVAX
2011-07-15,30.7,31.0,29.85,30.2,30.200001,155050,1550501,-0.5,-1.63,30.43,"July 15, 11",-0.0163,DVAX
2011-07-14,30.9,31.5,30.4,30.6,30.6,142232,1422327,-0.3,-0.97087,30.83,"July 14, 11",-0.0097087,DVAX
2011-07-13,29.6,30.9,29.101,30.9,30.9,122291,1222912,1.3,4.39,30.29,"July 13, 11",0.0439,DVAX
2011-07-12,30.4,30.9,29.0,29.4,29.4,182464,1824648,-1.0,-3.29,29.94,"July 12, 11",-0.0329,DVAX
2011-07-11,28.9,31.1,28.601,30.5,30.5,322268,3222689,1.6,5.54,30.04,"July 11, 11",0.0554,DVAX
2011-07-08,29.5,29.7,28.45,28.9,28.9,151244,1512449,-0.6,-2.03,29.06,"July 08, 11",-0.0203,DVAX
2011-07-07,28.6,29.8,28.3,29.5,29.5,196951,1969518,0.9,3.15,29.27,"July 07, 11",0.0315,DVAX
2011-07-06,27.9,28.4,27.6,28.2,28.200001,74072,740725,0.3,1.08,28.16,"July 06, 11",0.0108,DVAX
2011-07-05,27.7,28.2,27.3,27.8,27.799999,145839,1458397,0.1,0.36101,27.83,"July 05, 11",0.0036101,DVAX
2011-07-01,27.6,27.6,26.9,27.2,27.200001,81431,814312,-0.4,-1.45,27.07,"July 01, 11",-0.0145,DVAX
2011-06-30,28.0,28.0,27.2,27.5,27.5,83252,832523,-0.5,-1.79,27.53,"June 30, 11",-0.0179,DVAX
2011-06-29,28.0,28.4,27.5,27.9,27.9,96916,969169,-0.1,-0.35714,28.01,"June 29, 11",-0.0035714,DVAX
2011-06-28,27.4,28.1,27.0,27.8,27.799999,102167,1021677,0.4,1.46,27.65,"June 28, 11",0.0146,DVAX
2011-06-27,27.2,28.2,26.6,27.4,27.4,140070,1400702,0.2,0.73529,27.57,"June 27, 11",0.0073529,DVAX
2011-06-24,26.5,27.5,25.6,27.3,27.299999,517647,5176470,0.8,3.02,27.1,"June 24, 11",0.0302,DVAX
2011-06-23,25.3,27.2,25.1,26.5,26.5,289055,2890558,1.2,4.74,26.12,"June 23, 11",0.0474,DVAX
2011-06-22,25.5,25.6,25.1,25.2,25.200001,99666,996663,-0.3,-1.18,25.35,"June 22, 11",-0.0118,DVAX
2011-06-21,25.5,25.8,25.0,25.5,25.5,126148,1261480,0.0,0.0,25.44,"June 21, 11",0.0,DVAX
2011-06-20,25.7,26.6,25.0,25.3,25.299999,187764,1877649,-0.4,-1.56,25.64,"June 20, 11",-0.0156,DVAX
2011-06-17,25.3,25.802,25.1,25.8,25.799999,107650,1076508,0.5,1.98,25.54,"June 17, 11",0.0198,DVAX
2011-06-16,25.2,25.8,24.8,25.3,25.299999,106758,1067588,0.1,0.39683,25.24,"June 16, 11",0.0039683,DVAX
2011-06-15,25.4,25.8,24.9,25.2,25.200001,68268,682680,-0.2,-0.7874,25.27,"June 15, 11",-0.007874,DVAX
2011-06-14,25.4,26.0,25.0,25.8,25.799999,90601,906016,0.4,1.57,25.62,"June 14, 11",0.0157,DVAX
2011-06-13,25.3,25.5,24.7,25.0,25.0,104494,1044947,-0.3,-1.19,25.06,"June 13, 11",-0.0119,DVAX
2011-06-10,25.0,25.3,24.5,25.1,25.1,95112,951126,0.1,0.4,24.93,"June 10, 11",0.004,DVAX
2011-06-09,25.2,26.0,24.9,25.2,25.200001,119291,1192914,0.0,0.0,25.38,"June 09, 11",0.0,DVAX
2011-06-08,25.5,25.8,25.0,25.1,25.1,111915,1119159,-0.4,-1.57,25.3,"June 08, 11",-0.0157,DVAX
2011-06-07,25.1,26.8,25.0,25.2,25.200001,196294,1962941,0.1,0.39841,25.71,"June 07, 11",0.0039841,DVAX
2011-06-06,25.7,25.9,24.9,24.9,24.9,98988,989887,-0.8,-3.11,25.11,"June 06, 11",-0.0311,DVAX
2011-06-03,25.2,27.4,25.0,25.5,25.5,245257,2452573,0.3,1.19,26.4,"June 03, 11",0.0119,DVAX
2011-06-02,25.5,25.9,25.0,25.1,25.1,71750,717509,-0.4,-1.57,25.29,"June 02, 11",-0.0157,DVAX
2011-06-01,27.6,27.6,25.5,25.5,25.5,154141,1541417,-2.1,-7.61,26.11,"June 01, 11",-0.0761,DVAX
2011-05-31,28.7,29.2,27.1,27.6,27.6,174398,1743988,-1.1,-3.83,27.8,"May 31, 11",-0.0383,DVAX
2011-05-27,26.6,29.4,26.6,28.1,28.1,295063,2950635,1.5,5.64,28.31,"May 27, 11",0.0564,DVAX
2011-05-26,25.6,27.0,25.5,26.5,26.5,123170,1231706,0.9,3.52,26.38,"May 26, 11",0.0352,DVAX
2011-05-25,24.6,25.1,24.4,25.1,25.1,51098,510987,0.5,2.03,24.79,"May 25, 11",0.0203,DVAX
2011-05-24,25.2,25.5,24.2,24.6,24.6,57791,577910,-0.6,-2.38,24.77,"May 24, 11",-0.0238,DVAX
2011-05-23,25.5,25.8,25.1,25.2,25.200001,26713,267136,-0.3,-1.18,25.37,"May 23, 11",-0.0118,DVAX
2011-05-20,25.5,26.1,25.295,26.0,26.0,41664,416649,0.5,1.96,25.76,"May 20, 11",0.0196,DVAX
2011-05-19,25.5,25.8,25.4,25.65,25.700001,24540,245400,0.15,0.58824,25.66,"May 19, 11",0.0058824,DVAX
2011-05-18,25.6,25.9,25.2,25.2,25.200001,43664,436645,-0.4,-1.56,25.46,"May 18, 11",-0.0156,DVAX
2011-05-17,25.6,25.9,25.4,25.6,25.6,59351,593517,0.0,0.0,25.65,"May 17, 11",0.0,DVAX
2011-05-16,26.4,27.3,25.6,25.8,25.799999,104660,1046602,-0.6,-2.27,26.33,"May 16, 11",-0.0227,DVAX
2011-05-13,27.1,27.5,26.3,26.7,26.700001,32256,322564,-0.4,-1.48,26.81,"May 13, 11",-0.0148,DVAX
2011-05-12,26.5,27.3,26.2,27.1,27.1,26025,260253,0.6,2.26,26.84,"May 12, 11",0.0226,DVAX
2011-05-11,26.4,27.3,26.1,26.8,26.799999,63781,637812,0.4,1.52,26.84,"May 11, 11",0.0152,DVAX
2011-05-10,25.8,26.5,25.5,26.4,26.4,67899,678995,0.6,2.33,26.16,"May 10, 11",0.0233,DVAX
2011-05-09,25.8,26.0,25.6,25.8,25.799999,46395,463955,0.0,0.0,25.79,"May 09, 11",0.0,DVAX
2011-05-06,25.9,26.5,25.5,25.8,25.799999,99943,999430,-0.1,-0.3861,25.95,"May 06, 11",-0.003861,DVAX
2011-05-05,26.1,27.0,25.8,26.1,26.1,45334,453342,0.0,0.0,26.29,"May 05, 11",0.0,DVAX
2011-05-04,26.9,27.0,26.3,26.3,26.299999,43770,437709,-0.6,-2.23,26.59,"May 04, 11",-0.0223,DVAX
2011-05-03,27.0,27.35,26.6,26.7,26.700001,38142,381425,-0.3,-1.11,26.85,"May 03, 11",-0.0111,DVAX
2011-05-02,27.9,28.2,26.9,27.0,27.0,55645,556458,-0.9,-3.23,27.45,"May 02, 11",-0.0323,DVAX
2011-04-29,27.5,28.1,26.7,27.8,27.799999,61904,619041,0.3,1.09,27.58,"April 29, 11",0.0109,DVAX
2011-04-28,27.2,27.5,26.5,27.5,27.5,36187,361874,0.3,1.1,27.14,"April 28, 11",0.011,DVAX
2011-04-27,26.8,27.2,26.5,27.2,27.200001,18373,183739,0.4,1.49,27.07,"April 27, 11",0.0149,DVAX
2011-04-26,27.3,27.8,26.5,26.7,26.700001,56899,568996,-0.6,-2.2,27.2,"April 26, 11",-0.022,DVAX
2011-04-25,27.6,27.9,27.2,27.3,27.299999,44930,449307,-0.3,-1.09,27.59,"April 25, 11",-0.0109,DVAX
2011-04-21,27.8,28.3,27.1,27.6,27.6,51319,513192,-0.2,-0.71942,27.7,"April 21, 11",-0.0071942,DVAX
2011-04-20,27.1,28.4,26.8,27.55,27.6,122690,1226907,0.45,1.66,27.52,"April 20, 11",0.0166,DVAX
2011-04-19,26.7,27.5,26.6,26.7,26.700001,51656,516560,0.0,0.0,27.07,"April 19, 11",0.0,DVAX
2011-04-18,26.2,27.2,26.2,26.7,26.700001,55625,556254,0.5,1.91,26.79,"April 18, 11",0.0191,DVAX
2011-04-15,25.6,26.7,25.6,26.5,26.5,99364,993648,0.9,3.52,26.26,"April 15, 11",0.0352,DVAX
2011-04-14,25.3,25.9,25.2,25.7,25.700001,50478,504787,0.4,1.58,25.72,"April 14, 11",0.0158,DVAX
2011-04-13,25.7,26.3,25.2,25.4,25.4,38468,384684,-0.3,-1.17,25.48,"April 13, 11",-0.0117,DVAX
2011-04-12,26.5,27.0,25.0,25.6,25.6,55697,556975,-0.9,-3.4,25.71,"April 12, 11",-0.034,DVAX
2011-04-11,27.1,27.6,26.6,26.6,26.6,21445,214459,-0.5,-1.85,26.97,"April 11, 11",-0.0185,DVAX
2011-04-08,28.0,28.25,27.0,27.2,27.200001,37509,375090,-0.8,-2.86,27.68,"April 08, 11",-0.0286,DVAX
2011-04-07,27.8,28.2,27.8,27.9,27.9,37509,375094,0.1,0.35971,28.03,"April 07, 11",0.0035971,DVAX
2011-04-06,27.5,28.7,27.5,27.9,27.9,50485,504859,0.4,1.45,28.13,"April 06, 11",0.0145,DVAX
2011-04-05,27.4,27.8,27.2,27.4,27.4,31437,314376,0.0,0.0,27.56,"April 05, 11",0.0,DVAX
2011-04-04,27.5,27.9,27.2,27.4,27.4,25431,254310,-0.1,-0.36364,27.61,"April 04, 11",-0.0036364,DVAX
2011-04-01,27.6,27.8,27.3,27.3,27.299999,30838,308386,-0.3,-1.09,27.6,"April 01, 11",-0.0109,DVAX
2011-03-31,28.0,28.1,27.5,27.6,27.6,71757,717574,-0.4,-1.43,27.79,"March 31, 11",-0.0143,DVAX
2011-03-30,28.1,28.4,27.7,28.0,28.0,22534,225342,-0.1,-0.35587,28.04,"March 30, 11",-0.0035587,DVAX
2011-03-29,27.5,28.3,27.4,27.9,27.9,31250,312508,0.4,1.45,27.89,"March 29, 11",0.0145,DVAX
2011-03-28,27.4,28.2,27.1,27.6,27.6,47721,477210,0.2,0.72993,27.42,"March 28, 11",0.0072993,DVAX
2011-03-25,26.9,28.2,26.1,27.5,27.5,74199,741996,0.6,2.23,27.4,"March 25, 11",0.0223,DVAX
2011-03-24,26.4,26.84,25.8,26.7,26.700001,29473,294734,0.3,1.14,26.45,"March 24, 11",0.0114,DVAX
2011-03-23,25.7,26.3,25.644,26.3,26.299999,21328,213288,0.6,2.33,26.04,"March 23, 11",0.0233,DVAX
2011-03-22,26.1,26.4,25.7,25.8,25.799999,23242,232424,-0.3,-1.15,25.97,"March 22, 11",-0.0115,DVAX
2011-03-21,26.2,26.485,25.8,26.1,26.1,44382,443829,-0.1,-0.38168,26.14,"March 21, 11",-0.0038168,DVAX
2011-03-18,26.0,26.3,24.8,25.9,25.9,69188,691886,-0.1,-0.38462,25.74,"March 18, 11",-0.0038462,DVAX
2011-03-17,26.5,26.7,25.6,25.8,25.799999,41527,415270,-0.7,-2.64,26.08,"March 17, 11",-0.0264,DVAX
2011-03-16,26.1,26.7,25.9,26.0,26.0,40449,404498,-0.1,-0.38314,26.16,"March 16, 11",-0.0038314,DVAX
2011-03-15,26.2,26.6,25.6,26.3,26.299999,116262,1162621,0.1,0.38168,26.12,"March 15, 11",0.0038168,DVAX
2011-03-14,27.6,28.0,27.0,27.1,27.1,44752,447526,-0.5,-1.81,27.26,"March 14, 11",-0.0181,DVAX
2011-03-11,27.8,28.4,27.3,27.8,27.799999,48552,485521,0.0,0.0,27.9,"March 11, 11",0.0,DVAX
2011-03-10,28.2,28.4,27.7,27.8,27.799999,53745,537457,-0.4,-1.42,27.97,"March 10, 11",-0.0142,DVAX
2011-03-09,28.6,28.8,28.0,28.6,28.6,34843,348432,0.0,0.0,28.45,"March 09, 11",0.0,DVAX
2011-03-08,28.5,29.1,28.3,28.6,28.6,31521,315212,0.1,0.35088,28.61,"March 08, 11",0.0035088,DVAX
2011-03-07,29.7,29.9,28.0,28.5,28.5,62659,626598,-1.2,-4.04,28.76,"March 07, 11",-0.0404,DVAX
2011-03-04,30.0,30.1,29.4,29.6,29.6,25986,259864,-0.4,-1.33,29.68,"March 04, 11",-0.0133,DVAX
2011-03-03,30.0,30.4,29.8,30.1,30.1,29832,298321,0.1,0.33333,30.07,"March 03, 11",0.0033333,DVAX
2011-03-02,29.2,30.1,29.2,29.7,29.700001,39595,395955,0.5,1.71,29.59,"March 02, 11",0.0171,DVAX
2011-03-01,30.0,30.1,29.2,29.2,29.200001,33152,331528,-0.8,-2.67,29.6,"March 01, 11",-0.0267,DVAX
2011-02-28,29.8,30.5,29.7,29.9,29.9,28638,286380,0.1,0.33557,30.08,"February 28, 11",0.0033557,DVAX
2011-02-25,29.6,29.7,29.2,29.7,29.700001,46777,467776,0.1,0.33784,29.48,"February 25, 11",0.0033784,DVAX
2011-02-24,29.5,29.9,29.15,29.6,29.6,55828,558281,0.1,0.33898,29.51,"February 24, 11",0.0033898,DVAX
2011-02-23,30.6,30.9,29.2,29.5,29.5,67120,671204,-1.1,-3.59,29.81,"February 23, 11",-0.0359,DVAX
2011-02-22,30.7,30.8,29.5,29.6,29.6,63668,636680,-1.1,-3.58,30.01,"February 22, 11",-0.0358,DVAX
2011-02-18,31.6,31.9,30.7,30.8,30.799999,32759,327595,-0.8,-2.53,31.18,"February 18, 11",-0.0253,DVAX
2011-02-17,31.2,31.6,31.1,31.3,31.299999,27778,277787,0.1,0.32051,31.3,"February 17, 11",0.0032051,DVAX
2011-02-16,31.1,32.1,31.1,31.2,31.200001,28047,280475,0.1,0.32154,31.33,"February 16, 11",0.0032154,DVAX
2011-02-15,31.8,32.4,31.0,31.1,31.1,40556,405562,-0.7,-2.2,31.36,"February 15, 11",-0.022,DVAX
2011-02-14,31.1,31.7,30.9,31.6,31.6,86983,869833,0.5,1.61,31.4,"February 14, 11",0.0161,DVAX
2011-02-11,30.7,31.7,30.7,31.0,31.0,56613,566136,0.3,0.9772,31.07,"February 11, 11",0.009772,DVAX
2011-02-10,30.2,30.9,30.2,30.5,30.5,15155,151551,0.3,0.99338,30.48,"February 10, 11",0.0099338,DVAX
2011-02-09,30.9,31.3,30.4,30.6,30.6,25629,256299,-0.3,-0.97087,30.7,"February 09, 11",-0.0097087,DVAX
2011-02-08,30.1,31.4,30.0,30.9,30.9,56247,562478,0.8,2.66,30.58,"February 08, 11",0.0266,DVAX
2011-02-07,30.5,31.6,30.3,30.6,30.6,95239,952395,0.1,0.32787,31.02,"February 07, 11",0.0032787,DVAX
2011-02-04,29.8,30.3,29.2,30.2,30.200001,19466,194664,0.4,1.34,30.06,"February 04, 11",0.0134,DVAX
2011-02-03,30.0,30.4,29.8,30.0,30.0,22987,229877,0.0,0.0,29.99,"February 03, 11",0.0,DVAX
2011-02-02,30.3,30.9,29.8,30.0,30.0,52601,526014,-0.3,-0.9901,30.18,"February 02, 11",-0.009901,DVAX
2011-02-01,30.0,30.6,29.2,30.6,30.6,69329,693292,0.6,2.0,30.03,"February 01, 11",0.02,DVAX
2011-01-31,30.0,30.1,29.4,30.0,30.0,84830,848304,0.0,0.0,29.83,"January 31, 11",0.0,DVAX
2011-01-28,32.0,32.0,30.0,30.0,30.0,66585,665859,-2.0,-6.25,30.63,"January 28, 11",-0.0625,DVAX
2011-01-27,30.9,33.0,30.5,32.3,32.299999,79747,797479,1.4,4.53,32.3,"January 27, 11",0.0453,DVAX
2011-01-26,29.8,31.3,29.3,31.2,31.200001,49854,498548,1.4,4.7,30.49,"January 26, 11",0.047,DVAX
2011-01-25,30.7,31.0,29.1,29.8,29.799999,55497,554976,-0.9,-2.93,29.79,"January 25, 11",-0.0293,DVAX
2011-01-24,32.3,32.5,30.8,30.8,30.799999,31512,315121,-1.5,-4.64,31.47,"January 24, 11",-0.0464,DVAX
2011-01-21,32.0,32.7,31.6,32.2,32.200001,69131,691319,0.2,0.625,32.31,"January 21, 11",0.00625,DVAX
2011-01-20,30.9,32.1,30.2,32.0,32.0,101548,1015484,1.1,3.56,31.47,"January 20, 11",0.0356,DVAX
2011-01-19,33.0,33.0,30.1,31.2,31.200001,115322,1153227,-1.8,-5.45,31.09,"January 19, 11",-0.0545,DVAX
2011-01-18,33.0,33.4,32.2,32.8,32.799999,60119,601193,-0.2,-0.60606,32.67,"January 18, 11",-0.0060606,DVAX
2011-01-14,33.3,33.4,32.6,33.0,33.0,58865,588652,-0.3,-0.9009,32.95,"January 14, 11",-0.009009,DVAX
2011-01-13,33.0,34.1,32.8,33.2,33.200001,131006,1310066,0.2,0.60606,33.39,"January 13, 11",0.0060606,DVAX
2011-01-12,33.9,33.9,32.5,32.9,32.900002,61287,612870,-1.0,-2.95,32.99,"January 12, 11",-0.0295,DVAX
2011-01-11,35.2,35.9,32.8,33.8,33.799999,483836,4838363,-1.4,-3.98,33.81,"January 11, 11",-0.0398,DVAX
2011-01-10,33.0,35.5,33.0,35.3,35.299999,146836,1468366,2.3,6.97,34.21,"January 10, 11",0.0697,DVAX
2011-01-07,31.3,33.2,31.3,32.7,32.700001,119171,1191715,1.4,4.47,32.24,"January 07, 11",0.0447,DVAX
2011-01-06,30.9,31.699,30.4,31.4,31.4,43832,438325,0.5,1.62,31.15,"January 06, 11",0.0162,DVAX
2011-01-05,29.9,31.2,28.7,31.2,31.200001,67219,672197,1.3,4.35,30.69,"January 05, 11",0.0435,DVAX
2011-01-04,30.7,31.5,29.5,29.9,29.9,86724,867240,-0.8,-2.61,30.33,"January 04, 11",-0.0261,DVAX
2011-01-03,32.0,32.0,30.7,30.9,30.9,200165,2001656,-1.1,-3.44,31.03,"January 03, 11",-0.0344,DVAX
2010-12-31,31.1,32.1,30.8,32.0,32.0,67812,678125,0.9,2.89,31.7,"December 31, 10",0.0289,DVAX
2010-12-30,30.6,31.6,30.2,31.0,31.0,70083,700834,0.4,1.31,30.81,"December 30, 10",0.0131,DVAX
2010-12-29,30.5,32.4,30.5,30.7,30.700001,176416,1764161,0.2,0.65574,31.46,"December 29, 10",0.0065574,DVAX
2010-12-28,30.4,30.9,30.0,30.5,30.5,140194,1401944,0.1,0.32895,30.41,"December 28, 10",0.0032895,DVAX
2010-12-27,29.8,31.0,29.51,30.4,30.4,78289,782896,0.6,2.01,30.26,"December 27, 10",0.0201,DVAX
2010-12-23,30.6,31.0,29.6,29.8,29.799999,209708,2097080,-0.8,-2.61,30.45,"December 23, 10",-0.0261,DVAX
2010-12-22,30.6,31.0,28.9,30.6,30.6,93195,931958,0.0,0.0,30.02,"December 22, 10",0.0,DVAX
2010-12-21,30.2,32.1,29.7,30.6,30.6,261102,2611029,0.4,1.32,31.02,"December 21, 10",0.0132,DVAX
2010-12-20,27.894,30.0,26.6,30.0,30.0,185248,1852484,2.106,7.55,28.52,"December 20, 10",0.0755,DVAX
2010-12-17,25.9,27.4,25.1,27.3,27.299999,391964,3919641,1.4,5.41,26.87,"December 17, 10",0.0541,DVAX
2010-12-16,25.0,26.0,23.4,26.0,26.0,103772,1037726,1.0,4.0,25.17,"December 16, 10",0.04,DVAX
2010-12-15,25.1,26.1,24.4,24.9,24.9,84158,841580,-0.2,-0.79681,25.09,"December 15, 10",-0.0079681,DVAX
2010-12-14,24.6,26.41,24.5,25.5,25.5,187651,1876519,0.9,3.66,25.59,"December 14, 10",0.0366,DVAX
2010-12-13,23.0,24.8,22.6,24.4,24.4,88212,882124,1.4,6.09,23.84,"December 13, 10",0.0609,DVAX
2010-12-10,23.2,23.9,21.2,23.0,23.0,116282,1162828,-0.2,-0.86207,22.64,"December 10, 10",-0.0086207,DVAX
2010-12-09,21.9,23.3,21.4,23.1,23.1,116777,1167779,1.2,5.48,22.58,"December 09, 10",0.0548,DVAX
2010-12-08,21.2,21.8,20.7,21.7,21.700001,91566,915660,0.5,2.36,21.15,"December 08, 10",0.0236,DVAX
2010-12-07,20.2,21.4,19.8,21.05,21.1,218875,2188753,0.85,4.21,20.64,"December 07, 10",0.0421,DVAX
2010-12-06,20.0,20.4,19.7,20.1,20.1,121097,1210970,0.1,0.5,20.03,"December 06, 10",0.005,DVAX
2010-12-03,20.2,20.4,19.8,19.9,19.9,51961,519612,-0.3,-1.49,20.09,"December 03, 10",-0.0149,DVAX
2010-12-02,20.3,20.5,20.1,20.4,20.4,23599,235998,0.1,0.49261,20.3,"December 02, 10",0.0049261,DVAX
2010-12-01,20.4,20.5,20.1,20.3,20.299999,59335,593354,-0.1,-0.4902,20.29,"December 01, 10",-0.004902,DVAX
2010-11-30,20.5,20.5,19.8,20.0,20.0,125153,1251531,-0.5,-2.44,20.1,"November 30, 10",-0.0244,DVAX
2010-11-29,20.8,21.6,19.8,20.6,20.6,253511,2535115,-0.2,-0.96154,20.66,"November 29, 10",-0.0096154,DVAX
2010-11-26,20.0,21.5,20.0,21.4,21.4,31830,318309,1.4,7.0,20.8,"November 26, 10",0.07,DVAX
2010-11-24,19.5,20.2,19.5,20.2,20.200001,47884,478840,0.7,3.59,19.95,"November 24, 10",0.0359,DVAX
2010-11-23,19.9,19.9,19.1,19.2,19.200001,188974,1889744,-0.7,-3.52,19.34,"November 23, 10",-0.0352,DVAX
2010-11-22,19.3,20.1,19.0,20.1,20.1,49752,497521,0.8,4.15,19.57,"November 22, 10",0.0415,DVAX
2010-11-19,19.6,19.8,19.2,19.5,19.5,29282,292828,-0.1,-0.5102,19.51,"November 19, 10",-0.005102,DVAX
2010-11-18,19.2,20.0,19.0,19.7,19.700001,70986,709860,0.5,2.6,19.55,"November 18, 10",0.026,DVAX
2010-11-17,19.8,20.1,18.8,19.0,19.0,92194,921942,-0.8,-4.04,19.33,"November 17, 10",-0.0404,DVAX
2010-11-16,20.4,20.5,19.8,19.8,19.799999,46106,461062,-0.6,-2.94,20.0,"November 16, 10",-0.0294,DVAX
2010-11-15,19.9,20.7,19.8,20.6,20.6,79662,796625,0.7,3.52,20.48,"November 15, 10",0.0352,DVAX
2010-11-12,20.7,21.0,19.7,19.8,19.799999,66522,665227,-0.9,-4.35,20.17,"November 12, 10",-0.0435,DVAX
2010-11-11,20.7,21.0,20.3,20.9,20.9,28727,287278,0.2,0.96618,20.82,"November 11, 10",0.0096618,DVAX
2010-11-10,21.5,21.5,20.3,20.9,20.9,90989,909895,-0.6,-2.79,20.99,"November 10, 10",-0.0279,DVAX
2010-11-09,21.3,21.6,20.6,21.3,21.299999,95918,959186,0.0,0.0,21.1,"November 09, 10",0.0,DVAX
2010-11-08,21.4,22.2,21.0,21.2,21.200001,104722,1047220,-0.2,-0.93458,21.44,"November 08, 10",-0.0093458,DVAX
2010-11-05,20.6,21.0,20.3,20.6,20.6,78946,789463,0.0,0.0,20.7,"November 05, 10",0.0,DVAX
2010-11-04,20.3,20.8,20.3,20.7,20.700001,56596,565966,0.4,1.97,20.59,"November 04, 10",0.0197,DVAX
2010-11-03,19.3,20.6,19.3,20.3,20.299999,71721,717211,1.0,5.18,19.86,"November 03, 10",0.0518,DVAX
2010-11-02,19.3,19.4,18.8,19.4,19.4,128132,1281323,0.1,0.51813,19.15,"November 02, 10",0.0051813,DVAX
2010-11-01,18.2,19.2,18.0,19.1,19.1,176456,1764561,0.9,4.95,18.7,"November 01, 10",0.0495,DVAX
2010-10-29,18.4,18.5,18.0,18.2,18.200001,51901,519013,-0.2,-1.09,18.18,"October 29, 10",-0.0109,DVAX
2010-10-28,18.0,18.6,17.6,18.3,18.299999,472872,4728726,0.3,1.67,18.17,"October 28, 10",0.0167,DVAX
2010-10-27,18.7,18.8,18.5,18.5,18.5,27902,279021,-0.2,-1.07,18.23,"October 27, 10",-0.0107,DVAX
2010-10-26,18.8,18.9,18.5,18.9,18.9,19956,199565,0.1,0.53191,18.73,"October 26, 10",0.0053191,DVAX
2010-10-25,19.5,19.5,18.8,19.0,19.0,25342,253425,-0.5,-2.56,18.91,"October 25, 10",-0.0256,DVAX
2010-10-22,19.6,19.8,18.61,18.9,18.9,57534,575345,-0.7,-3.57,19.19,"October 22, 10",-0.0357,DVAX
2010-10-21,19.5,19.7,19.2,19.2,19.200001,14834,148343,-0.3,-1.54,19.32,"October 21, 10",-0.0154,DVAX
2010-10-20,19.5,19.8,19.1,19.5,19.5,28074,280748,0.0,0.0,19.58,"October 20, 10",0.0,DVAX
2010-10-19,19.4,19.8,19.0,19.3,19.299999,60548,605482,-0.1,-0.51546,19.46,"October 19, 10",-0.0051546,DVAX
2010-10-18,19.7,19.9,19.3,19.6,19.6,32031,320318,-0.1,-0.50761,19.7,"October 18, 10",-0.0050761,DVAX
2010-10-15,19.6,19.9,19.4,19.6,19.6,57400,574006,0.0,0.0,19.57,"October 15, 10",0.0,DVAX
2010-10-14,19.1,19.4,18.881,19.2,19.200001,27546,275461,0.1,0.52356,19.13,"October 14, 10",0.0052356,DVAX
2010-10-13,18.9,19.5,18.8,19.1,19.1,40688,406883,0.2,1.06,19.15,"October 13, 10",0.0106,DVAX
2010-10-12,18.9,19.2,18.6,18.9,18.9,22094,220941,0.0,0.0,18.92,"October 12, 10",0.0,DVAX
2010-10-11,19.2,19.3,18.8,19.0,19.0,45453,454537,-0.2,-1.04,19.07,"October 11, 10",-0.0104,DVAX
2010-10-08,18.4,19.4,18.1,19.0,19.0,61319,613191,0.6,3.26,18.92,"October 08, 10",0.0326,DVAX
2010-10-07,18.4,18.8,18.3,18.5,18.5,35147,351472,0.1,0.54348,18.65,"October 07, 10",0.0054348,DVAX
2010-10-06,18.5,18.6,18.1,18.2,18.200001,33039,330398,-0.3,-1.62,18.33,"October 06, 10",-0.0162,DVAX
2010-10-05,18.3,18.8,17.5,18.6,18.6,60615,606155,0.3,1.64,18.48,"October 05, 10",0.0164,DVAX
2010-10-04,18.9,19.0,17.9,18.1,18.1,62301,623010,-0.8,-4.23,18.56,"October 04, 10",-0.0423,DVAX
2010-10-01,18.4,18.65,18.1,18.6,18.6,15771,157710,0.2,1.09,18.47,"October 01, 10",0.0109,DVAX
2010-09-30,18.8,18.8,17.7,18.3,18.299999,34676,346769,-0.5,-2.66,18.15,"September 30, 10",-0.0266,DVAX
2010-09-29,18.3,18.911,18.1,18.5,18.5,37364,373644,0.2,1.09,18.6,"September 29, 10",0.0109,DVAX
2010-09-28,17.5,18.4,17.3,18.4,18.4,56622,566228,0.9,5.14,18.04,"September 28, 10",0.0514,DVAX
2010-09-27,18.0,18.0,17.4,17.6,17.6,12763,127638,-0.4,-2.22,17.56,"September 27, 10",-0.0222,DVAX
2010-09-24,17.8,18.0,17.5,17.9,17.9,22580,225802,0.1,0.5618,17.88,"September 24, 10",0.005618,DVAX
2010-09-23,17.2,18.0,17.2,17.5,17.5,26650,266508,0.3,1.74,17.77,"September 23, 10",0.0174,DVAX
2010-09-22,17.7,17.9,17.3,17.4,17.4,17646,176463,-0.3,-1.69,17.49,"September 22, 10",-0.0169,DVAX
2010-09-21,18.6,18.6,17.5,17.7,17.700001,64581,645818,-0.9,-4.84,18.0,"September 21, 10",-0.0484,DVAX
2010-09-20,16.2,17.0,16.0,17.0,17.0,42566,425667,0.8,4.94,16.78,"September 20, 10",0.0494,DVAX
2010-09-17,16.3,16.5,15.8,16.2,16.200001,42064,420641,-0.1,-0.6135,16.21,"September 17, 10",-0.006135,DVAX
2010-09-16,16.6,16.8,16.0,16.0,16.0,21036,210366,-0.6,-3.61,16.33,"September 16, 10",-0.0361,DVAX
2010-09-15,16.5,17.0,16.5,16.7,16.700001,14094,140947,0.2,1.21,16.75,"September 15, 10",0.0121,DVAX
2010-09-14,17.0,17.0,16.3,16.5,16.5,27122,271225,-0.5,-2.94,16.57,"September 14, 10",-0.0294,DVAX
2010-09-13,17.0,17.2,16.84,16.975,17.0,33678,336786,-0.025,-0.14706,17.02,"September 13, 10",-0.0014706,DVAX
2010-09-10,17.0,17.0,16.75,16.9,16.9,15399,153999,-0.1,-0.58824,16.9,"September 10, 10",-0.0058824,DVAX
2010-09-09,17.0,17.0,16.9,16.9,16.9,16486,164860,-0.1,-0.58824,16.98,"September 09, 10",-0.0058824,DVAX
2010-09-08,16.9,17.1,16.5,16.9,16.9,9967,99672,0.0,0.0,16.87,"September 08, 10",0.0,DVAX
2010-09-07,17.0,17.2,16.7,16.8,16.799999,25386,253868,-0.2,-1.18,16.96,"September 07, 10",-0.0118,DVAX
2010-09-03,17.4,17.5,16.8,17.0,17.0,38741,387412,-0.4,-2.3,17.12,"September 03, 10",-0.023,DVAX
2010-09-02,17.2,17.3,16.7,17.2,17.200001,19099,190999,0.0,0.0,17.15,"September 02, 10",0.0,DVAX
2010-09-01,16.5,17.3,16.5,17.2,17.200001,43026,430261,0.7,4.24,17.09,"September 01, 10",0.0424,DVAX
2010-08-31,17.1,17.6,16.2,16.2,16.200001,66189,661899,-0.9,-5.26,16.61,"August 31, 10",-0.0526,DVAX
2010-08-30,17.4,17.6,17.0,17.0,17.0,27600,276000,-0.4,-2.3,17.3,"August 30, 10",-0.023,DVAX
2010-08-27,17.6,17.8,17.3,17.5,17.5,35459,354599,-0.1,-0.56818,17.52,"August 27, 10",-0.0056818,DVAX
2010-08-26,17.2,17.6,17.2,17.2,17.200001,15538,155389,0.0,0.0,17.35,"August 26, 10",0.0,DVAX
2010-08-25,17.0,17.6,17.0,17.2,17.200001,30249,302492,0.2,1.18,17.24,"August 25, 10",0.0118,DVAX
2010-08-24,18.0,18.0,17.2,17.2,17.200001,43700,437001,-0.8,-4.44,17.6,"August 24, 10",-0.0444,DVAX
2010-08-23,18.7,18.9,18.1,18.2,18.200001,23112,231129,-0.5,-2.67,18.48,"August 23, 10",-0.0267,DVAX
2010-08-20,18.0,18.7,18.0,18.6,18.6,24971,249715,0.6,3.33,18.29,"August 20, 10",0.0333,DVAX
2010-08-19,18.9,19.0,17.9,18.1,18.1,35738,357380,-0.8,-4.23,18.31,"August 19, 10",-0.0423,DVAX
2010-08-18,18.5,19.1,18.5,19.0,19.0,20930,209305,0.5,2.7,18.91,"August 18, 10",0.027,DVAX
2010-08-17,18.2,18.8,18.0,18.5,18.5,41781,417812,0.3,1.65,18.43,"August 17, 10",0.0165,DVAX
2010-08-16,17.4,18.5,17.4,17.9,17.9,22316,223168,0.5,2.87,17.88,"August 16, 10",0.0287,DVAX
2010-08-13,20.0,20.0,17.5,17.5,17.5,30858,308582,-2.5,-12.5,17.93,"August 13, 10",-0.125,DVAX
2010-08-12,18.5,18.9,17.9,18.2,18.200001,34639,346391,-0.3,-1.62,18.33,"August 12, 10",-0.0162,DVAX
2010-08-11,19.9,20.0,18.6,18.7,18.700001,54845,548454,-1.2,-6.03,19.13,"August 11, 10",-0.0603,DVAX
2010-08-10,19.9,20.4,19.9,20.2,20.200001,21515,215156,0.3,1.51,20.18,"August 10, 10",0.0151,DVAX
2010-08-09,20.1,20.1,19.9,20.1,20.1,13879,138792,0.0,0.0,20.02,"August 09, 10",0.0,DVAX
2010-08-06,19.8,20.4,19.8,20.0,20.0,20789,207890,0.2,1.01,19.99,"August 06, 10",0.0101,DVAX
2010-08-05,20.0,20.3,19.8,19.9,19.9,23275,232754,-0.1,-0.5,19.97,"August 05, 10",-0.005,DVAX
2010-08-04,20.3,20.8,19.9,20.2,20.200001,30783,307837,-0.1,-0.49261,20.19,"August 04, 10",-0.0049261,DVAX
2010-08-03,20.3,20.9,20.0,20.3,20.299999,40604,406045,0.0,0.0,20.47,"August 03, 10",0.0,DVAX
2010-08-02,21.6,21.8,19.4,20.3,20.299999,88757,887579,-1.3,-6.02,20.23,"August 02, 10",-0.0602,DVAX
2010-07-30,21.7,22.5,21.7,22.1,22.1,23323,233231,0.4,1.84,22.08,"July 30, 10",0.0184,DVAX
2010-07-29,21.6,23.4,21.6,22.1,22.1,67330,673303,0.5,2.31,22.53,"July 29, 10",0.0231,DVAX
2010-07-28,22.1,22.4,21.6,21.7,21.700001,24475,244750,-0.4,-1.81,21.84,"July 28, 10",-0.0181,DVAX
2010-07-27,22.8,22.9,21.3,22.2,22.200001,66961,669613,-0.6,-2.63,21.95,"July 27, 10",-0.0263,DVAX
2010-07-26,20.9,23.0,20.7,22.7,22.700001,127286,1272868,1.8,8.61,22.2,"July 26, 10",0.0861,DVAX
2010-07-23,20.1,20.8,20.1,20.8,20.799999,42481,424812,0.7,3.48,20.48,"July 23, 10",0.0348,DVAX
2010-07-22,19.6,20.4,19.4,20.2,20.200001,71029,710296,0.6,3.06,20.0,"July 22, 10",0.0306,DVAX
2010-07-21,19.7,19.8,19.3,19.6,19.6,19906,199060,-0.1,-0.50761,19.51,"July 21, 10",-0.0050761,DVAX
2010-07-20,19.4,19.7,19.3,19.6,19.6,16603,166031,0.2,1.03,19.54,"July 20, 10",0.0103,DVAX
2010-07-19,19.5,19.8,19.4,19.7,19.700001,14885,148858,0.2,1.03,19.6,"July 19, 10",0.0103,DVAX
2010-07-16,20.0,20.1,19.4,19.5,19.5,43658,436588,-0.5,-2.5,19.68,"July 16, 10",-0.025,DVAX
2010-07-15,19.2,20.5,18.9,20.1,20.1,27663,276638,0.9,4.69,20.13,"July 15, 10",0.0469,DVAX
2010-07-14,20.1,20.3,20.0,20.2,20.200001,35838,358387,0.1,0.49751,20.15,"July 14, 10",0.0049751,DVAX
2010-07-13,20.3,20.3,19.9,20.3,20.299999,43395,433950,0.0,0.0,20.19,"July 13, 10",0.0,DVAX
2010-07-12,20.5,20.5,19.5,19.9,19.9,47486,474860,-0.6,-2.93,19.98,"July 12, 10",-0.0293,DVAX
2010-07-09,20.1,20.5,19.4,20.4,20.4,45278,452783,0.3,1.49,20.05,"July 09, 10",0.0149,DVAX
2010-07-08,20.8,20.8,19.8,20.1,20.1,74430,744309,-0.7,-3.37,20.29,"July 08, 10",-0.0337,DVAX
2010-07-07,19.5,20.2,19.0,19.9,19.9,92364,923644,0.4,2.05,19.57,"July 07, 10",0.0205,DVAX
2010-07-06,19.2,20.3,19.2,19.3,19.299999,115303,1153037,0.1,0.52083,19.56,"July 06, 10",0.0052083,DVAX
2010-07-02,18.5,19.1,18.4,19.0,19.0,25382,253828,0.5,2.7,18.71,"July 02, 10",0.027,DVAX
2010-07-01,18.6,18.6,18.0,18.4,18.4,35640,356404,-0.2,-1.08,18.39,"July 01, 10",-0.0108,DVAX
2010-06-30,19.1,19.6,18.3,18.6,18.6,36612,366128,-0.5,-2.62,18.9,"June 30, 10",-0.0262,DVAX
2010-06-29,19.6,19.8,18.9,19.0,19.0,65556,655565,-0.6,-3.06,19.26,"June 29, 10",-0.0306,DVAX
2010-06-28,20.0,20.4,19.5,20.1,20.1,52333,523334,0.1,0.5,19.89,"June 28, 10",0.005,DVAX
2010-06-25,19.5,20.6,18.7,20.5,20.5,962354,9623548,1.0,5.13,20.23,"June 25, 10",0.0513,DVAX
2010-06-24,18.1,19.4,17.8,19.4,19.4,48684,486842,1.3,7.18,18.88,"June 24, 10",0.0718,DVAX
2010-06-23,18.7,18.7,18.3,18.3,18.299999,34324,343245,-0.4,-2.14,18.45,"June 23, 10",-0.0214,DVAX
2010-06-22,18.9,19.3,18.7,18.9,18.9,15880,158808,0.0,0.0,19.04,"June 22, 10",0.0,DVAX
2010-06-21,19.4,19.5,18.8,18.9,18.9,31465,314654,-0.5,-2.58,19.21,"June 21, 10",-0.0258,DVAX
2010-06-18,19.7,19.8,19.1,19.2,19.200001,17055,170557,-0.5,-2.54,19.42,"June 18, 10",-0.0254,DVAX
2010-06-17,19.8,19.9,19.0,19.6,19.6,21636,216362,-0.2,-1.01,19.3,"June 17, 10",-0.0101,DVAX
2010-06-16,19.4,20.5,19.0,19.5,19.5,59978,599787,0.1,0.51546,19.86,"June 16, 10",0.0051546,DVAX
2010-06-15,18.8,19.7,18.8,19.7,19.700001,78649,786499,0.9,4.79,19.14,"June 15, 10",0.0479,DVAX
2010-06-14,18.3,19.4,18.2,18.9,18.9,39937,399374,0.6,3.28,18.82,"June 14, 10",0.0328,DVAX
2010-06-11,17.7,18.4,17.2,18.2,18.200001,22474,224749,0.5,2.82,18.11,"June 11, 10",0.0282,DVAX
2010-06-10,17.3,18.1,16.8,18.1,18.1,47847,478475,0.8,4.62,17.63,"June 10, 10",0.0462,DVAX
2010-06-09,17.3,17.3,16.7,17.1,17.1,22597,225977,-0.2,-1.16,17.03,"June 09, 10",-0.0116,DVAX
2010-06-08,17.2,17.234,16.6,17.15,17.200001,38041,380411,-0.05,-0.2907,16.88,"June 08, 10",-0.002907,DVAX
2010-06-07,17.9,18.1,17.3,17.5,17.5,48562,485620,-0.4,-2.23,17.64,"June 07, 10",-0.0223,DVAX
2010-06-04,18.0,18.5,17.6,18.1,18.1,46721,467219,0.1,0.55556,18.09,"June 04, 10",0.0055556,DVAX
2010-06-03,18.0,18.9,18.0,18.4,18.4,66304,663046,0.4,2.22,18.32,"June 03, 10",0.0222,DVAX
2010-06-02,17.2,18.1,17.1,18.0,18.0,27117,271175,0.8,4.65,17.73,"June 02, 10",0.0465,DVAX
2010-06-01,18.2,18.2,17.2,17.3,17.299999,33783,337833,-0.9,-4.95,17.72,"June 01, 10",-0.0495,DVAX
2010-05-28,17.2,18.4,16.9,18.4,18.4,74977,749778,1.2,6.98,17.58,"May 28, 10",0.0698,DVAX
2010-05-27,17.1,17.6,16.6,17.3,17.299999,78751,787518,0.2,1.17,17.19,"May 27, 10",0.0117,DVAX
2010-05-26,16.1,16.999,15.8,16.1,16.1,80231,802316,0.0,0.0,16.31,"May 26, 10",0.0,DVAX
2010-05-25,16.1,16.8,15.8,16.6,16.6,47988,479882,0.5,3.11,16.2,"May 25, 10",0.0311,DVAX
2010-05-24,16.6,17.4,16.5,16.7,16.700001,32252,322522,0.1,0.60241,16.99,"May 24, 10",0.0060241,DVAX
2010-05-21,17.0,18.0,16.5,17.0,17.0,117384,1173846,0.0,0.0,17.06,"May 21, 10",0.0,DVAX
2010-05-20,19.7,19.899,17.4,17.7,17.700001,181713,1817136,-2.0,-10.15,18.6,"May 20, 10",-0.1015,DVAX
2010-05-19,19.4,20.4,19.2,20.0,20.0,221099,2210992,0.6,3.09,19.96,"May 19, 10",0.0309,DVAX
2010-05-18,19.0,19.6,18.5,19.6,19.6,58101,581015,0.6,3.16,19.02,"May 18, 10",0.0316,DVAX
2010-05-17,18.8,19.3,18.0,19.0,19.0,65356,653568,0.2,1.06,18.81,"May 17, 10",0.0106,DVAX
2010-05-14,20.0,20.0,18.7,19.1,19.1,109711,1097112,-0.9,-4.5,19.18,"May 14, 10",-0.045,DVAX
2010-05-13,20.4,20.8,19.5,20.0,20.0,305830,3058304,-0.4,-1.96,20.07,"May 13, 10",-0.0196,DVAX
2010-05-12,18.7,18.8,17.5,18.8,18.799999,88814,888144,0.1,0.53476,18.68,"May 12, 10",0.0053476,DVAX
2010-05-11,17.2,18.3,17.1,18.1,18.1,73527,735279,0.9,5.23,17.86,"May 11, 10",0.0523,DVAX
2010-05-10,17.1,17.7,16.6,17.4,17.4,54548,545485,0.3,1.75,17.12,"May 10, 10",0.0175,DVAX
2010-05-07,16.5,16.9,15.7,16.9,16.9,69775,697757,0.4,2.42,16.27,"May 07, 10",0.0242,DVAX
2010-05-06,17.4,18.8,16.0,17.3,17.299999,199105,1991052,-0.1,-0.57471,17.13,"May 06, 10",-0.0057471,DVAX
2010-05-05,16.5,17.4,15.5,16.9,16.9,64507,645076,0.4,2.42,16.73,"May 05, 10",0.0242,DVAX
2010-05-04,16.7,17.5,16.2,17.3,17.299999,66618,666187,0.6,3.59,16.57,"May 04, 10",0.0359,DVAX
2010-05-03,15.7,17.2,15.6,17.0,17.0,128133,1281339,1.3,8.28,16.58,"May 03, 10",0.0828,DVAX
2010-04-30,15.8,15.9,15.5,15.5,15.5,45429,454291,-0.3,-1.9,15.68,"April 30, 10",-0.019,DVAX
2010-04-29,15.5,16.0,15.5,15.8,15.8,56027,560279,0.3,1.94,15.8,"April 29, 10",0.0194,DVAX
2010-04-28,15.5,16.2,14.9,15.7,15.7,209725,2097251,0.2,1.29,15.62,"April 28, 10",0.0129,DVAX
2010-04-27,15.4,15.4,14.7,15.2,15.2,132699,1326995,-0.2,-1.3,15.11,"April 27, 10",-0.013,DVAX
2010-04-26,14.0,14.5,14.0,14.4,14.4,66792,667924,0.4,2.86,14.84,"April 26, 10",0.0286,DVAX
2010-04-23,14.3,14.4,14.0,14.0,14.0,19197,191977,-0.3,-2.1,14.19,"April 23, 10",-0.021,DVAX
2010-04-22,14.0,14.295,14.0,14.101,14.1,32289,322897,0.101,0.72143,14.09,"April 22, 10",0.0072143,DVAX
2010-04-21,14.2,14.4,14.0,14.1,14.1,35785,357851,-0.1,-0.70423,14.2,"April 21, 10",-0.0070423,DVAX
2010-04-20,14.7,14.7,14.2,14.5,14.5,26293,262933,-0.2,-1.36,14.43,"April 20, 10",-0.0136,DVAX
2010-04-19,14.5,14.8,14.2,14.6,14.6,35423,354230,0.1,0.68966,14.46,"April 19, 10",0.0068966,DVAX
2010-04-16,15.1,15.2,14.1,14.4,14.4,102464,1024643,-0.7,-4.64,14.66,"April 16, 10",-0.0464,DVAX
2010-04-15,17.3,17.5,15.1,15.5,15.5,493512,4935129,-1.8,-10.4,16.35,"April 15, 10",-0.104,DVAX
2010-04-14,14.8,14.8,14.2,14.5,14.5,150930,1509300,-0.3,-2.03,17.99,"April 14, 10",-0.0203,DVAX
2010-04-13,14.5,14.8,13.8,14.4,14.4,96913,969137,-0.1,-0.68966,14.41,"April 13, 10",-0.0068966,DVAX
2010-04-12,13.9,14.0,13.7,13.9,13.9,20317,203172,0.0,0.0,13.91,"April 12, 10",0.0,DVAX
2010-04-09,13.7,13.9,13.299,13.8,13.8,20078,200782,0.1,0.72993,13.7,"April 09, 10",0.0072993,DVAX
2010-04-08,13.8,13.9,13.1,13.4,13.4,18836,188367,-0.4,-2.9,13.46,"April 08, 10",-0.029,DVAX
2010-04-07,13.2,13.9,13.1,13.6,13.6,28816,288161,0.4,3.03,13.58,"April 07, 10",0.0303,DVAX
2010-04-06,13.2,13.6,13.0,13.5,13.5,16931,169318,0.3,2.27,13.34,"April 06, 10",0.0227,DVAX
2010-04-05,12.9,13.5,12.9,13.2,13.2,12788,127883,0.3,2.33,13.28,"April 05, 10",0.0233,DVAX
2010-04-01,13.0,13.3,12.8,13.1,13.1,10010,100106,0.1,0.76923,13.04,"April 01, 10",0.0076923,DVAX
2010-03-31,12.9,13.6,12.9,13.0,13.0,17384,173840,0.1,0.77519,13.31,"March 31, 10",0.0077519,DVAX
2010-03-30,13.3,13.7,12.8,12.9,12.9,32884,328845,-0.4,-3.01,13.1,"March 30, 10",-0.0301,DVAX
2010-03-29,13.4,13.9,13.0,13.4,13.4,29105,291051,0.0,0.0,13.48,"March 29, 10",0.0,DVAX
2010-03-26,13.5,14.0,13.0,13.4,13.4,54534,545348,-0.1,-0.74074,13.53,"March 26, 10",-0.0074074,DVAX
2010-03-25,14.0,14.0,13.4,13.6,13.6,35341,353412,-0.4,-2.86,13.57,"March 25, 10",-0.0286,DVAX
2010-03-24,14.5,14.6,13.6,13.7,13.7,61899,618992,-0.8,-5.52,13.96,"March 24, 10",-0.0552,DVAX
2010-03-23,14.299,14.801,13.7,14.5,14.5,127508,1275083,0.201,1.41,14.35,"March 23, 10",0.0141,DVAX
2010-03-22,12.9,13.2,11.9,12.7,12.7,92650,926505,-0.2,-1.55,12.48,"March 22, 10",-0.0155,DVAX
2010-03-19,14.7,14.7,13.2,13.2,13.2,113036,1130363,-1.5,-10.2,13.84,"March 19, 10",-0.102,DVAX
2010-03-18,14.9,14.9,14.5,14.7,14.7,11102,111025,-0.2,-1.34,14.65,"March 18, 10",-0.0134,DVAX
2010-03-17,14.8,15.0,14.499,14.9,14.9,30008,300086,0.1,0.67568,14.72,"March 17, 10",0.0067568,DVAX
2010-03-16,16.4,16.4,14.6,15.0,15.0,66178,661786,-1.4,-8.54,15.39,"March 16, 10",-0.0854,DVAX
2010-03-15,15.7,16.0,15.4,15.9,15.9,10276,102765,0.2,1.27,15.7,"March 15, 10",0.0127,DVAX
2010-03-12,16.7,16.7,15.7,15.7,15.7,20808,208086,-1.0,-5.99,15.95,"March 12, 10",-0.0599,DVAX
2010-03-11,15.0,17.2,15.0,16.4,16.4,77055,770552,1.4,9.33,16.41,"March 11, 10",0.0933,DVAX
2010-03-10,14.8,15.5,14.6,15.4,15.4,23508,235081,0.6,4.05,15.15,"March 10, 10",0.0405,DVAX
2010-03-09,14.6,15.2,14.6,14.9,14.9,17478,174786,0.3,2.05,14.94,"March 09, 10",0.0205,DVAX
2010-03-08,14.7,14.8,14.7,14.7,14.7,15139,151390,0.0,0.0,14.74,"March 08, 10",0.0,DVAX
2010-03-05,15.0,15.0,14.6,14.8,14.8,10782,107829,-0.2,-1.33,14.83,"March 05, 10",-0.0133,DVAX
2010-03-04,15.0,15.1,14.69,14.8,14.8,10811,108111,-0.2,-1.33,14.85,"March 04, 10",-0.0133,DVAX
2010-03-03,14.8,15.1,14.8,15.1,15.1,9358,93584,0.3,2.03,14.94,"March 03, 10",0.0203,DVAX
2010-03-02,14.8,15.5,14.6,15.0,15.0,20532,205326,0.2,1.35,15.02,"March 02, 10",0.0135,DVAX
2010-03-01,14.6,15.2,14.6,15.2,15.2,13876,138769,0.6,4.11,15.0,"March 01, 10",0.0411,DVAX
2010-02-26,14.8,15.0,14.6,14.6,14.6,8152,81526,-0.2,-1.35,14.79,"February 26, 10",-0.0135,DVAX
2010-02-25,15.1,15.2,14.5,14.8,14.8,21083,210839,-0.3,-1.99,14.91,"February 25, 10",-0.0199,DVAX
2010-02-24,15.3,15.3,15.0,15.0,15.0,20808,208086,-0.3,-1.96,15.08,"February 24, 10",-0.0196,DVAX
2010-02-23,15.3,15.4,15.0,15.1,15.1,13648,136483,-0.2,-1.31,15.19,"February 23, 10",-0.0131,DVAX
2010-02-22,16.0,16.0,15.2,15.3,15.3,16254,162541,-0.7,-4.37,15.48,"February 22, 10",-0.0437,DVAX
2010-02-19,15.8,16.0,15.2,15.8,15.8,25405,254055,0.0,0.0,15.66,"February 19, 10",0.0,DVAX
2010-02-18,15.3,15.9,15.0,15.8,15.8,33390,333900,0.5,3.27,15.33,"February 18, 10",0.0327,DVAX
2010-02-17,15.2,15.5,14.7,15.0,15.0,30702,307023,-0.2,-1.32,15.07,"February 17, 10",-0.0132,DVAX
2010-02-16,15.4,15.4,14.6,15.0,15.0,18234,182343,-0.4,-2.6,15.22,"February 16, 10",-0.026,DVAX
2010-02-12,14.7,15.4,14.5,15.1,15.1,14368,143685,0.4,2.72,15.18,"February 12, 10",0.0272,DVAX
2010-02-11,14.601,15.2,14.5,15.0,15.0,14563,145636,0.399,2.73,14.99,"February 11, 10",0.0273,DVAX
2010-02-10,14.6,14.9,14.5,14.5,14.5,16775,167754,-0.1,-0.68493,14.67,"February 10, 10",-0.0068493,DVAX
2010-02-09,15.7,16.0,14.5,14.9,14.9,23023,230232,-0.8,-5.1,15.06,"February 09, 10",-0.051,DVAX
2010-02-08,15.0,15.0,14.2,14.4,14.4,16925,169258,-0.6,-4.0,14.89,"February 08, 10",-0.04,DVAX
2010-02-05,15.1,15.1,14.5,14.8,14.8,21861,218618,-0.3,-1.99,14.71,"February 05, 10",-0.0199,DVAX
2010-02-04,14.8,15.25,14.7,14.7,14.7,23909,239093,-0.1,-0.67568,14.97,"February 04, 10",-0.0067568,DVAX
2010-02-03,15.4,15.5,14.6,15.1,15.1,14389,143893,-0.3,-1.95,15.03,"February 03, 10",-0.0195,DVAX
2010-02-02,14.3,16.0,14.3,15.1,15.1,17719,177192,0.8,5.59,15.22,"February 02, 10",0.0559,DVAX
2010-02-01,14.6,14.6,14.2,14.5,14.5,11110,111104,-0.1,-0.68493,14.37,"February 01, 10",-0.0068493,DVAX
2010-01-29,15.2,15.5,14.1,14.6,14.6,35068,350681,-0.6,-3.95,14.78,"January 29, 10",-0.0395,DVAX
2010-01-28,15.8,15.9,14.8,15.1,15.1,33158,331586,-0.7,-4.43,15.22,"January 28, 10",-0.0443,DVAX
2010-01-27,15.8,16.3,15.2,15.7,15.7,48579,485795,-0.1,-0.63291,15.61,"January 27, 10",-0.0063291,DVAX
2010-01-26,16.7,18.3,15.6,16.2,16.200001,366729,3667294,-0.5,-2.99,17.04,"January 26, 10",-0.0299,DVAX
2010-01-25,15.0,15.0,14.2,14.9,14.9,19397,193975,-0.1,-0.66667,14.67,"January 25, 10",-0.0066667,DVAX
2010-01-22,14.8,15.3,14.5,15.0,15.0,25368,253688,0.2,1.35,14.87,"January 22, 10",0.0135,DVAX
2010-01-21,14.9,15.2,14.7,14.899,14.9,25540,255406,-0.001,-0.00671141,14.96,"January 21, 10",-6.71141e-05,DVAX
2010-01-20,14.8,15.4,14.8,15.0,15.0,13801,138019,0.2,1.35,15.16,"January 20, 10",0.0135,DVAX
2010-01-19,15.0,15.3,14.7,15.2,15.2,8184,81846,0.2,1.33,14.97,"January 19, 10",0.0133,DVAX
2010-01-15,15.3,15.5,15.0,15.0,15.0,28891,288914,-0.3,-1.96,15.18,"January 15, 10",-0.0196,DVAX
2010-01-14,15.7,16.0,15.5,15.6,15.6,12719,127198,-0.1,-0.63694,15.72,"January 14, 10",-0.0063694,DVAX
2010-01-13,15.2,15.7,14.8,15.7,15.7,24842,248423,0.5,3.29,15.23,"January 13, 10",0.0329,DVAX
2010-01-12,16.0,16.0,15.2,15.4,15.4,24401,244012,-0.6,-3.75,15.64,"January 12, 10",-0.0375,DVAX
2010-01-11,15.7,15.9,15.5,15.9,15.9,17735,177352,0.2,1.27,15.66,"January 11, 10",0.0127,DVAX
2010-01-08,15.001,15.7,14.9,15.4,15.4,47627,476274,0.399,2.66,15.2,"January 08, 10",0.0266,DVAX
2010-01-07,15.7,15.899,14.8,15.4,15.4,30960,309605,-0.3,-1.91,15.3,"January 07, 10",-0.0191,DVAX
2010-01-06,15.6,16.3,15.4,15.899,15.9,50863,508630,0.299,1.92,15.85,"January 06, 10",0.0192,DVAX
2010-01-05,14.3,15.9,14.3,15.6,15.6,45191,451912,1.3,9.09,15.26,"January 05, 10",0.0909,DVAX
2010-01-04,14.9,14.9,14.2,14.4,14.4,19708,197081,-0.5,-3.36,14.43,"January 04, 10",-0.0336,DVAX
