date,open,high,low,close,adjClose,volume,unadjustedVolume,change,changePercent,vwap,label,changeOverTime,Symbol
2023-07-11,9.82,9.92,9.6,9.81,9.81,200692,200692,-0.01,-0.10183,9.73,"July 11, 23",-0.0010183,LFCR
2023-07-10,9.6,9.99,9.56,9.78,9.78,148460,148300,0.18,1.87,9.84,"July 10, 23",0.0187,LFCR
2023-07-07,9.37,9.79,9.37,9.56,9.56,178103,178100,0.19,2.03,9.58,"July 07, 23",0.0203,LFCR
2023-07-06,9.34,9.49,9.05,9.37,9.37,198551,198600,0.03,0.3212,9.28,"July 06, 23",0.003212,LFCR
2023-07-05,9.61,9.855,9.35,9.42,9.42,286474,286500,-0.19,-1.98,9.53,"July 05, 23",-0.0198,LFCR
2023-07-03,9.59,9.99,9.37,9.75,9.75,240065,240100,0.16,1.67,9.83,"July 03, 23",0.0167,LFCR
2023-06-30,9.86,10.07,9.61,9.67,9.67,370511,370500,-0.19,-1.93,9.83,"June 30, 23",-0.0193,LFCR
2023-06-29,9.1,9.99,9.05,9.84,9.84,354871,354900,0.74,8.13,9.74,"June 29, 23",0.0813,LFCR
2023-06-28,8.5,9.808,8.45,9.22,9.22,837666,837700,0.72,8.47,9.26,"June 28, 23",0.0847,LFCR
2023-06-27,8.39,8.42,8.21,8.29,8.29,382083,382100,-0.1,-1.19,8.32,"June 27, 23",-0.0119,LFCR
2023-06-26,8.89,8.92,8.185,8.35,8.35,410921,410900,-0.54,-6.07,8.39,"June 26, 23",-0.0607,LFCR
2023-06-23,8.58,9.198,8.51,8.91,8.91,3741803,3741800,0.33,3.85,8.92,"June 23, 23",0.0385,LFCR
2023-06-22,8.07,8.685,7.96,8.62,8.62,476976,477000,0.55,6.82,8.44,"June 22, 23",0.0682,LFCR
2023-06-21,8.19,8.19,7.98,8.05,8.05,540104,540100,-0.14,-1.71,8.05,"June 21, 23",-0.0171,LFCR
2023-06-20,8.18,8.39,7.87,8.2,8.2,876744,876700,0.02,0.2445,8.21,"June 20, 23",0.002445,LFCR
2023-06-16,8.67,8.67,8.28,8.28,8.28,483900,483900,-0.39,-4.5,8.42,"June 16, 23",-0.045,LFCR
2023-06-15,8.56,8.705,8.25,8.55,8.55,363896,363900,-0.01,-0.11682,8.51,"June 15, 23",-0.0011682,LFCR
2023-06-14,8.67,8.9,8.47,8.6,8.6,262961,263000,-0.07,-0.80738,8.6,"June 14, 23",-0.0080738,LFCR
2023-06-13,8.46,8.82,8.45,8.77,8.77,375468,375500,0.31,3.66,8.72,"June 13, 23",0.0366,LFCR
2023-06-12,8.54,8.76,8.51,8.64,8.64,445571,445600,0.1,1.17,8.65,"June 12, 23",0.0117,LFCR
2023-06-09,8.3,8.8,8.29,8.61,8.61,386753,386700,0.31,3.73,8.59,"June 09, 23",0.0373,LFCR
2023-06-08,8.36,8.554,8.27,8.375,8.38,344315,344300,0.015,0.17943,8.43,"June 08, 23",0.0017943,LFCR
2023-06-07,8.54,8.9662,7.9068,8.34,8.34,896278,896200,-0.2,-2.34,8.3,"June 07, 23",-0.0234,LFCR
2023-06-06,8.36,8.5599,8.17,8.5,8.5,401010,401000,0.14,1.67,8.46,"June 06, 23",0.0167,LFCR
2023-06-05,8.18,8.56,8.06,8.36,8.36,391310,391200,0.18,2.2,8.28,"June 05, 23",0.022,LFCR
2023-06-02,8.66,8.66,8.09,8.15,8.15,428331,428300,-0.51,-5.89,8.25,"June 02, 23",-0.0589,LFCR
2023-06-01,8.2,8.6951,8.0,8.25,8.25,537152,537200,0.05,0.60976,8.35,"June 01, 23",0.0060976,LFCR
2023-05-31,8.04,8.32,8.0,8.19,8.19,269713,269700,0.15,1.87,8.13,"May 31, 23",0.0187,LFCR
2023-05-30,7.98,8.19,7.83,8.01,8.01,273441,273400,0.03,0.37594,8.0,"May 30, 23",0.0037594,LFCR
2023-05-26,8.38,8.46,7.5,7.94,7.94,529703,529700,-0.44,-5.25,7.96,"May 26, 23",-0.0525,LFCR
2023-05-25,8.2,9.1,8.1,8.35,8.35,797629,797600,0.15,1.83,8.63,"May 25, 23",0.0183,LFCR
2023-05-24,7.83,8.66,7.38,8.36,8.36,1458598,1458600,0.53,6.77,8.19,"May 24, 23",0.0677,LFCR
2023-05-23,6.0,9.5,5.9106,8.05,8.05,15417553,15417600,2.05,34.17,8.13,"May 23, 23",0.3417,LFCR
2023-05-22,5.74,5.74,5.1425,5.36,5.36,370315,370300,-0.38,-6.62,5.42,"May 22, 23",-0.0662,LFCR
2023-05-19,5.33,5.665,5.205,5.64,5.64,265683,262100,0.31,5.82,5.51,"May 19, 23",0.0582,LFCR
2023-05-18,4.96,5.74,4.9,5.24,5.24,294927,294900,0.28,5.65,5.22,"May 18, 23",0.0565,LFCR
2023-05-17,4.53,5.04,4.43,4.98,4.98,315220,315200,0.45,9.93,4.7,"May 17, 23",0.0993,LFCR
2023-05-16,4.31,4.54,4.22,4.52,4.52,76929,75900,0.21,4.87,4.44,"May 16, 23",0.0487,LFCR
2023-05-15,4.33,4.41,4.13,4.28,4.28,146757,146800,-0.05,-1.15,4.23,"May 15, 23",-0.0115,LFCR
2023-05-12,4.42,4.42,4.13,4.3,4.3,161442,159900,-0.12,-2.71,4.24,"May 12, 23",-0.0271,LFCR
2023-05-11,4.54,4.54,4.26,4.37,4.37,155433,155400,-0.17,-3.74,4.44,"May 11, 23",-0.0374,LFCR
2023-05-10,4.42,4.55,4.33,4.51,4.51,88311,88300,0.09,2.04,4.46,"May 10, 23",0.0204,LFCR
2023-05-09,4.43,4.7199,4.22,4.4,4.4,187092,187100,-0.03,-0.6772,4.42,"May 09, 23",-0.006772,LFCR
2023-05-08,4.47,4.5,4.335,4.47,4.47,99969,100000,0.0,0.0,4.43,"May 08, 23",0.0,LFCR
2023-05-05,4.47,4.59,4.34,4.4,4.4,96053,96100,-0.07,-1.57,4.43,"May 05, 23",-0.0157,LFCR
2023-05-04,4.44,4.525,4.23,4.35,4.35,131089,131100,-0.09,-2.03,4.33,"May 04, 23",-0.0203,LFCR
2023-05-03,4.38,4.6,4.35,4.4,4.4,168207,168100,0.02,0.45662,4.49,"May 03, 23",0.0045662,LFCR
2023-05-02,4.23,4.33,4.13,4.3,4.3,156073,156100,0.07,1.65,4.23,"May 02, 23",0.0165,LFCR
2023-05-01,4.23,4.395,4.18,4.24,4.24,82659,82700,0.01,0.23641,4.24,"May 01, 23",0.0023641,LFCR
2023-04-28,4.39,4.4262,4.185,4.25,4.25,157784,157800,-0.14,-3.19,4.3,"April 28, 23",-0.0319,LFCR
2023-04-27,4.22,4.37,4.06,4.35,4.35,193409,193300,0.13,3.08,4.25,"April 27, 23",0.0308,LFCR
2023-04-26,4.3,4.39,4.2,4.22,4.22,296130,296000,-0.08,-1.86,4.25,"April 26, 23",-0.0186,LFCR
2023-04-25,4.35,4.42,4.14,4.38,4.38,292856,292900,0.03,0.68966,4.31,"April 25, 23",0.0068966,LFCR
2023-04-24,4.32,4.57,4.3,4.36,4.36,341484,341500,0.04,0.92593,4.46,"April 24, 23",0.0092593,LFCR
2023-04-21,3.89,4.4199,3.89,4.37,4.37,288320,288300,0.48,12.34,4.27,"April 21, 23",0.1234,LFCR
2023-04-20,3.78,4.05,3.78,3.93,3.93,213756,213800,0.15,3.97,3.95,"April 20, 23",0.0397,LFCR
2023-04-19,3.84,3.96,3.805,3.9,3.9,160624,160600,0.06,1.56,3.92,"April 19, 23",0.0156,LFCR
2023-04-18,3.93,3.9685,3.69,3.84,3.84,196453,196500,-0.09,-2.29,3.8,"April 18, 23",-0.0229,LFCR
2023-04-17,3.74,4.0,3.73,3.94,3.94,413866,413900,0.2,5.35,3.93,"April 17, 23",0.0535,LFCR
2023-04-14,3.93,4.105,3.695,3.83,3.83,389187,389200,-0.1,-2.54,3.91,"April 14, 23",-0.0254,LFCR
2023-04-13,3.85,4.0,3.76,3.98,3.98,173378,173400,0.13,3.38,3.88,"April 13, 23",0.0338,LFCR
2023-04-12,3.85,3.9,3.69,3.78,3.78,368860,368900,-0.07,-1.82,3.73,"April 12, 23",-0.0182,LFCR
2023-04-11,3.65,3.98,3.65,3.82,3.82,276018,276000,0.17,4.66,3.84,"April 11, 23",0.0466,LFCR
2023-04-10,3.72,3.8725,3.69,3.74,3.74,322391,322400,0.02,0.53763,3.75,"April 10, 23",0.0053763,LFCR
2023-04-06,3.81,3.865,3.61,3.83,3.83,305890,305900,0.02,0.52493,3.79,"April 06, 23",0.0052493,LFCR
2023-04-05,3.57,3.81,3.54,3.71,3.71,374433,374400,0.14,3.92,3.7,"April 05, 23",0.0392,LFCR
2023-04-04,3.6,3.62,3.4,3.5,3.5,290917,290900,-0.1,-2.78,3.48,"April 04, 23",-0.0278,LFCR
2023-04-03,3.84,3.89,3.55,3.67,3.67,392017,392000,-0.17,-4.43,3.66,"April 03, 23",-0.0443,LFCR
2023-03-31,3.82,3.965,3.715,3.775,3.78,486362,486100,-0.045,-1.18,3.83,"March 31, 23",-0.0118,LFCR
2023-03-30,3.36,3.82,3.36,3.79,3.79,500884,500900,0.43,12.8,3.68,"March 30, 23",0.128,LFCR
2023-03-29,3.32,3.42,3.18,3.37,3.37,308736,308700,0.05,1.51,3.31,"March 29, 23",0.0151,LFCR
2023-03-28,3.2,3.49,3.085,3.32,3.32,299942,299900,0.12,3.75,3.32,"March 28, 23",0.0375,LFCR
2023-03-27,3.11,3.26,3.01,3.21,3.21,492249,492200,0.1,3.22,3.16,"March 27, 23",0.0322,LFCR
2023-03-24,2.96,3.14,2.76,3.12,3.12,571857,571600,0.16,5.41,2.95,"March 24, 23",0.0541,LFCR
2023-03-23,3.22,3.31,2.89,3.04,3.04,876449,876400,-0.18,-5.59,3.06,"March 23, 23",-0.0559,LFCR
2023-03-22,3.28,3.49,3.19,3.255,3.26,1340453,1340500,-0.025,-0.7622,3.29,"March 22, 23",-0.007622,LFCR
2023-03-21,2.97,3.6,2.7,3.25,3.25,4799537,4799500,0.28,9.43,3.15,"March 21, 23",0.0943,LFCR
2023-03-20,1.81,3.14,1.8,3.1,3.1,32348198,32348200,1.29,71.27,2.6,"March 20, 23",0.7127,LFCR
2023-03-17,3.3,3.5,1.52,1.67,1.67,3948885,3935200,-1.63,-49.39,1.94,"March 17, 23",-0.4939,LFCR
2023-03-16,5.0,5.14,4.945,5.11,5.11,128084,125600,0.11,2.2,5.07,"March 16, 23",0.022,LFCR
2023-03-15,5.2,5.2,4.94,5.01,5.01,159926,159900,-0.19,-3.65,5.04,"March 15, 23",-0.0365,LFCR
2023-03-14,5.21,5.47,5.13,5.32,5.32,169023,169000,0.11,2.11,5.33,"March 14, 23",0.0211,LFCR
2023-03-13,4.64,5.28,4.58,5.04,5.04,201506,201500,0.4,8.62,5.03,"March 13, 23",0.0862,LFCR
2023-03-10,4.77,4.84,4.48,4.58,4.58,204897,204900,-0.19,-3.98,4.62,"March 10, 23",-0.0398,LFCR
2023-03-09,5.13,5.32,4.735,4.8,4.8,164467,164500,-0.33,-6.43,4.91,"March 09, 23",-0.0643,LFCR
2023-03-08,5.29,5.41,5.105,5.14,5.14,79735,79700,-0.15,-2.84,5.22,"March 08, 23",-0.0284,LFCR
2023-03-07,5.34,5.4,5.23,5.31,5.31,71504,71500,-0.03,-0.5618,5.3,"March 07, 23",-0.005618,LFCR
2023-03-06,5.6,5.65,5.16,5.31,5.31,224583,224600,-0.29,-5.18,5.32,"March 06, 23",-0.0518,LFCR
2023-03-03,5.6,5.667,5.4278,5.6,5.6,84389,84400,0.0,0.0,5.57,"March 03, 23",0.0,LFCR
2023-03-02,5.63,5.81,5.52,5.63,5.63,94562,94600,0.0,0.0,5.64,"March 02, 23",0.0,LFCR
2023-03-01,5.85,6.005,5.52,5.68,5.68,170492,170500,-0.17,-2.91,5.7,"March 01, 23",-0.0291,LFCR
2023-02-28,6.0,6.0,5.76,5.79,5.79,104310,104300,-0.21,-3.5,5.8,"February 28, 23",-0.035,LFCR
2023-02-27,5.88,6.065,5.72,5.76,5.76,71045,71000,-0.12,-2.04,5.81,"February 27, 23",-0.0204,LFCR
2023-02-24,5.86,5.91,5.77,5.85,5.85,86266,86300,-0.01,-0.17065,5.84,"February 24, 23",-0.0017065,LFCR
2023-02-23,6.05,6.05,5.92,5.98,5.98,64429,64400,-0.07,-1.16,5.98,"February 23, 23",-0.0116,LFCR
2023-02-22,6.05,6.22,5.92,5.975,5.98,134084,134100,-0.075,-1.24,6.0,"February 22, 23",-0.0124,LFCR
2023-02-21,6.25,6.33,5.85,5.97,5.97,120851,120900,-0.28,-4.48,6.08,"February 21, 23",-0.0448,LFCR
2023-02-17,6.06,6.13,5.8353,5.97,5.97,71557,71600,-0.09,-1.49,6.01,"February 17, 23",-0.0149,LFCR
2023-02-16,6.0,6.085,5.87,5.97,5.97,49103,49100,-0.03,-0.5,5.97,"February 16, 23",-0.005,LFCR
2023-02-15,5.86,6.015,5.78,5.98,5.98,42063,42100,0.12,2.05,5.95,"February 15, 23",0.0205,LFCR
2023-02-14,5.95,6.1,5.815,5.89,5.89,74486,74500,-0.06,-1.01,5.92,"February 14, 23",-0.0101,LFCR
2023-02-13,6.0,6.235,5.9,5.95,5.95,69927,69900,-0.05,-0.83333,5.98,"February 13, 23",-0.0083333,LFCR
2023-02-10,5.94,6.165,5.85,5.97,5.97,90441,90400,0.03,0.50505,5.94,"February 10, 23",0.0050505,LFCR
2023-02-09,6.27,6.335,5.88,5.93,5.93,113680,113700,-0.34,-5.42,6.01,"February 09, 23",-0.0542,LFCR
2023-02-08,6.0,6.305,5.93,6.23,6.23,159267,159300,0.23,3.83,6.16,"February 08, 23",0.0383,LFCR
2023-02-07,6.13,6.3,5.76,5.85,5.85,169375,169400,-0.28,-4.57,5.87,"February 07, 23",-0.0457,LFCR
2023-02-06,6.35,6.42,6.02,6.12,6.12,95817,95800,-0.23,-3.62,6.12,"February 06, 23",-0.0362,LFCR
2023-02-03,6.1,6.5767,6.055,6.31,6.31,118815,118800,0.21,3.44,6.38,"February 03, 23",0.0344,LFCR
2023-02-02,6.38,6.3883,6.13,6.165,6.17,71339,71300,-0.215,-3.37,6.22,"February 02, 23",-0.0337,LFCR
2023-02-01,6.28,6.37,6.01,6.28,6.28,146967,147000,0.0,0.0,6.23,"February 01, 23",0.0,LFCR
2023-01-31,6.39,6.46,5.98,6.21,6.21,197321,197300,-0.18,-2.82,6.13,"January 31, 23",-0.0282,LFCR
2023-01-30,6.56,6.59,6.39,6.4,6.4,67363,67400,-0.16,-2.44,6.44,"January 30, 23",-0.0244,LFCR
2023-01-27,6.78,6.78,6.55,6.66,6.66,88754,88800,-0.12,-1.77,6.65,"January 27, 23",-0.0177,LFCR
2023-01-26,7.065,7.065,6.75,6.83,6.83,35491,35500,-0.235,-3.33,6.85,"January 26, 23",-0.0333,LFCR
2023-01-25,6.77,7.09,6.7117,7.02,7.02,45273,45300,0.25,3.69,6.96,"January 25, 23",0.0369,LFCR
2023-01-24,6.68,6.85,6.47,6.81,6.81,65056,65100,0.13,1.95,6.72,"January 24, 23",0.0195,LFCR
2023-01-23,6.98,7.02,6.74,6.74,6.74,53319,53300,-0.24,-3.44,6.85,"January 23, 23",-0.0344,LFCR
2023-01-20,7.14,7.14,6.87,7.0,7.0,115388,115400,-0.14,-1.96,6.98,"January 20, 23",-0.0196,LFCR
2023-01-19,7.31,7.4099,6.73,7.02,7.02,77453,77500,-0.29,-3.97,7.01,"January 19, 23",-0.0397,LFCR
2023-01-18,7.22,7.33,6.95,6.99,6.99,49211,49200,-0.23,-3.19,7.07,"January 18, 23",-0.0319,LFCR
2023-01-17,7.0,7.26,7.0,7.25,7.25,70717,70700,0.25,3.57,7.19,"January 17, 23",0.0357,LFCR
2023-01-13,7.0,7.075,6.96,7.0,7.0,79402,79400,0.0,0.0,7.01,"January 13, 23",0.0,LFCR
2023-01-12,7.38,7.38,6.95,7.14,7.14,101587,101600,-0.24,-3.25,7.18,"January 12, 23",-0.0325,LFCR
2023-01-11,6.74,7.34,6.67,7.26,7.26,97722,97700,0.52,7.72,7.17,"January 11, 23",0.0772,LFCR
2023-01-10,6.23,6.65,6.0,6.64,6.64,225171,225200,0.41,6.58,6.37,"January 10, 23",0.0658,LFCR
2023-01-09,6.2,6.39,6.1191,6.35,6.35,105736,105700,0.15,2.42,6.25,"January 09, 23",0.0242,LFCR
2023-01-06,6.12,6.28,6.0101,6.13,6.13,302819,302800,0.01,0.1634,6.08,"January 06, 23",0.001634,LFCR
2023-01-05,6.26,6.3,5.94,6.07,6.07,228128,228100,-0.19,-3.04,6.06,"January 05, 23",-0.0304,LFCR
2023-01-04,6.39,6.56,6.33,6.38,6.38,26406,26400,-0.01,-0.15649,6.42,"January 04, 23",-0.0015649,LFCR
2023-01-03,6.6,6.69,6.27,6.35,6.35,65121,65100,-0.25,-3.79,6.43,"January 03, 23",-0.0379,LFCR
2022-12-30,6.82,6.9,6.39,6.48,6.48,105806,105800,-0.34,-4.99,6.57,"December 30, 22",-0.0499,LFCR
2022-12-29,6.87,6.99,6.75,6.91,6.91,67613,67600,0.04,0.58224,6.85,"December 29, 22",0.0058224,LFCR
2022-12-28,6.77,7.005,6.77,6.89,6.89,68097,68100,0.12,1.77,6.89,"December 28, 22",0.0177,LFCR
2022-12-27,6.975,6.975,6.715,6.76,6.76,24764,24800,-0.215,-3.08,6.79,"December 27, 22",-0.0308,LFCR
2022-12-23,7.07,7.14,6.78,6.93,6.93,41096,41100,-0.14,-1.98,6.93,"December 23, 22",-0.0198,LFCR
2022-12-22,7.06,7.27,6.82,7.08,7.08,61029,61000,0.02,0.28329,7.05,"December 22, 22",0.0028329,LFCR
2022-12-21,6.7969,7.16,6.73,7.1,7.1,95034,95000,0.3031,4.46,7.07,"December 21, 22",0.0446,LFCR
2022-12-20,6.71,7.06,6.66,6.83,6.83,57409,57400,0.12,1.79,6.83,"December 20, 22",0.0179,LFCR
2022-12-19,6.6,6.8,6.48,6.71,6.71,86042,86000,0.11,1.67,6.68,"December 19, 22",0.0167,LFCR
2022-12-16,6.51,6.99,6.23,6.57,6.57,283939,283900,0.06,0.92166,6.5,"December 16, 22",0.0092166,LFCR
2022-12-15,7.15,7.31,6.64,6.74,6.74,116505,116500,-0.41,-5.73,6.86,"December 15, 22",-0.0573,LFCR
2022-12-14,7.63,7.6571,7.14,7.23,7.23,144939,144900,-0.4,-5.24,7.29,"December 14, 22",-0.0524,LFCR
2022-12-13,7.87,8.03,7.57,7.63,7.63,107600,107600,-0.24,-3.05,7.76,"December 13, 22",-0.0305,LFCR
2022-12-12,7.705,7.78,7.52,7.64,7.64,56298,56300,-0.065,-0.84361,7.67,"December 12, 22",-0.0084361,LFCR
2022-12-09,8.19,8.3678,7.71,7.76,7.76,31321,31300,-0.43,-5.25,7.87,"December 09, 22",-0.0525,LFCR
2022-12-08,7.87,8.29,7.87,8.08,8.08,30812,30800,0.21,2.67,8.09,"December 08, 22",0.0267,LFCR
2022-12-07,8.05,8.13,7.91,7.98,7.98,44251,44300,-0.07,-0.86957,8.0,"December 07, 22",-0.0086957,LFCR
2022-12-06,7.85,8.1,7.83,8.04,8.04,105852,105900,0.19,2.42,8.01,"December 06, 22",0.0242,LFCR
2022-12-05,8.1,8.26,7.81,7.9,7.9,81844,81800,-0.2,-2.47,7.93,"December 05, 22",-0.0247,LFCR
2022-12-02,8.16,8.445,8.04,8.13,8.13,77683,77700,-0.03,-0.36765,8.16,"December 02, 22",-0.0036765,LFCR
2022-12-01,8.53,8.58,8.265,8.28,8.28,31274,31300,-0.25,-2.93,8.36,"December 01, 22",-0.0293,LFCR
2022-11-30,8.73,8.73,8.39,8.51,8.51,43874,43900,-0.22,-2.52,8.53,"November 30, 22",-0.0252,LFCR
2022-11-29,8.27,8.75,8.14,8.67,8.67,70020,70000,0.4,4.84,8.43,"November 29, 22",0.0484,LFCR
2022-11-28,8.34,8.36,8.02,8.32,8.32,164016,164000,-0.02,-0.23981,8.22,"November 28, 22",-0.0023981,LFCR
2022-11-25,8.45,8.46,8.265,8.37,8.37,22534,22500,-0.08,-0.94675,8.39,"November 25, 22",-0.0094675,LFCR
2022-11-23,8.37,8.6,8.36,8.53,8.53,31996,32000,0.16,1.91,8.5,"November 23, 22",0.0191,LFCR
2022-11-22,8.71,8.71,8.3,8.38,8.38,92062,92100,-0.33,-3.79,8.44,"November 22, 22",-0.0379,LFCR
2022-11-21,8.84,8.86,8.57,8.73,8.73,41428,41400,-0.11,-1.24,8.69,"November 21, 22",-0.0124,LFCR
2022-11-18,9.06,9.18,8.84,8.84,8.84,60379,60400,-0.22,-2.43,8.93,"November 18, 22",-0.0243,LFCR
2022-11-17,8.97,9.074,8.74,8.85,8.85,54121,54100,-0.12,-1.34,8.87,"November 17, 22",-0.0134,LFCR
2022-11-16,8.84,9.152,8.8,8.97,8.97,48240,48200,0.13,1.47,8.99,"November 16, 22",0.0147,LFCR
2022-11-15,9.05,9.3915,8.7535,9.21,9.21,45614,45600,0.16,1.77,9.13,"November 15, 22",0.0177,LFCR
2022-11-14,9.01,9.01,8.71,8.76,8.76,72100,72100,-0.25,-2.77,8.83,"November 14, 22",-0.0277,LFCR
2022-11-11,9.12,9.12,8.94,9.08,9.08,57300,57300,-0.04,-0.4386,9.05,"November 11, 22",-0.004386,LFCR
2022-11-10,9.01,9.08,8.84,9.03,9.03,57000,57000,0.02,0.22198,8.98,"November 10, 22",0.0022198,LFCR
2022-11-09,8.91,8.95,8.57,8.65,8.65,22800,22800,-0.26,-2.92,8.72,"November 09, 22",-0.0292,LFCR
2022-11-08,9.05,9.06,8.93,8.95,8.95,32100,32100,-0.1,-1.1,8.98,"November 08, 22",-0.011,LFCR
2022-11-07,9.03,9.18,8.95,9.03,9.03,29400,29400,0.0,0.0,9.05,"November 07, 22",0.0,LFCR
2022-11-04,9.26,9.26,8.99,9.05,9.05,36500,36500,-0.21,-2.27,9.1,"November 04, 22",-0.0227,LFCR
2022-11-03,9.0,9.25,8.97,9.13,9.13,44000,44000,0.13,1.44,9.12,"November 03, 22",0.0144,LFCR
2022-11-02,9.56,9.66,9.12,9.16,9.16,48000,48000,-0.4,-4.18,9.31,"November 02, 22",-0.0418,LFCR
2022-11-01,9.85,9.99,9.65,9.68,9.68,48700,48700,-0.17,-1.73,9.77,"November 01, 22",-0.0173,LFCR
2022-10-31,9.86,10.5,9.84,9.95,9.95,150500,150500,0.09,0.91278,10.1,"October 31, 22",0.0091278,LFCR
2022-10-28,9.27,10.0,9.21,9.91,9.91,71300,71300,0.64,6.9,9.71,"October 28, 22",0.069,LFCR
2022-10-27,8.74,9.35,8.74,9.2,9.2,73200,73200,0.46,5.26,9.1,"October 27, 22",0.0526,LFCR
2022-10-26,8.53,8.76,8.5,8.56,8.56,48300,48300,0.03,0.3517,8.61,"October 26, 22",0.003517,LFCR
2022-10-25,8.13,8.66,8.13,8.48,8.48,56300,56300,0.35,4.31,8.42,"October 25, 22",0.0431,LFCR
2022-10-24,8.08,8.16,8.06,8.12,8.12,334700,334700,0.04,0.49505,8.11,"October 24, 22",0.0049505,LFCR
2022-10-21,8.16,8.28,8.07,8.09,8.09,43300,43300,-0.07,-0.85784,8.15,"October 21, 22",-0.0085784,LFCR
2022-10-20,8.14,8.15,8.0,8.09,8.09,36900,36900,-0.05,-0.61425,8.08,"October 20, 22",-0.0061425,LFCR
2022-10-19,8.3,8.3,8.0,8.06,8.06,53100,53100,-0.24,-2.89,8.12,"October 19, 22",-0.0289,LFCR
2022-10-18,8.4,8.61,8.23,8.28,8.28,48900,48900,-0.12,-1.43,8.37,"October 18, 22",-0.0143,LFCR
2022-10-17,8.28,8.69,8.23,8.28,8.28,51300,51300,0.0,0.0,8.4,"October 17, 22",0.0,LFCR
2022-10-14,8.21,8.3,8.11,8.18,8.18,50400,50400,-0.03,-0.36541,8.2,"October 14, 22",-0.0036541,LFCR
2022-10-13,7.98,8.35,7.98,8.24,8.24,61900,61900,0.26,3.26,8.19,"October 13, 22",0.0326,LFCR
2022-10-12,8.18,8.24,8.03,8.06,8.06,54100,54100,-0.12,-1.47,8.11,"October 12, 22",-0.0147,LFCR
2022-10-11,8.01,8.32,7.88,8.23,8.23,116900,116900,0.22,2.75,8.14,"October 11, 22",0.0275,LFCR
2022-10-10,8.32,8.32,8.02,8.05,8.05,65400,65400,-0.27,-3.25,8.13,"October 10, 22",-0.0325,LFCR
2022-10-07,8.57,8.6,8.21,8.24,8.24,78700,78700,-0.33,-3.85,8.35,"October 07, 22",-0.0385,LFCR
2022-10-06,8.69,8.93,8.29,8.71,8.71,79800,79800,0.02,0.23015,8.64,"October 06, 22",0.0023015,LFCR
2022-10-05,8.98,8.98,8.58,8.7,8.7,78600,78600,-0.28,-3.12,8.75,"October 05, 22",-0.0312,LFCR
2022-10-04,9.07,9.36,9.07,9.14,9.14,65400,65400,0.07,0.77178,9.19,"October 04, 22",0.0077178,LFCR
2022-10-03,8.95,9.2,8.95,9.08,9.08,47200,47200,0.13,1.45,9.08,"October 03, 22",0.0145,LFCR
2022-09-30,8.85,9.12,8.85,8.89,8.89,38700,38700,0.04,0.45198,8.95,"September 30, 22",0.0045198,LFCR
2022-09-29,9.03,9.03,8.77,8.89,8.89,39400,39400,-0.14,-1.55,8.9,"September 29, 22",-0.0155,LFCR
2022-09-28,8.89,9.21,8.81,9.13,9.13,73100,73100,0.24,2.7,9.05,"September 28, 22",0.027,LFCR
2022-09-27,8.6,9.04,8.6,8.8,8.8,61900,61900,0.2,2.33,8.81,"September 27, 22",0.0233,LFCR
2022-09-26,8.83,8.84,8.44,8.57,8.57,58300,58300,-0.26,-2.94,8.62,"September 26, 22",-0.0294,LFCR
2022-09-23,8.87,8.9,8.69,8.78,8.78,63900,63900,-0.09,-1.01,8.79,"September 23, 22",-0.0101,LFCR
2022-09-22,9.1,9.11,8.69,9.0,9.0,91700,91700,-0.1,-1.1,8.93,"September 22, 22",-0.011,LFCR
2022-09-21,9.29,9.31,9.12,9.16,9.16,44500,44500,-0.13,-1.4,9.2,"September 21, 22",-0.014,LFCR
2022-09-20,9.33,9.34,9.17,9.18,9.18,48900,48900,-0.15,-1.61,9.23,"September 20, 22",-0.0161,LFCR
2022-09-19,9.56,9.59,9.42,9.44,9.44,72400,72400,-0.12,-1.26,9.48,"September 19, 22",-0.0126,LFCR
2022-09-16,9.76,9.83,9.59,9.67,9.67,114000,114000,-0.09,-0.92213,9.7,"September 16, 22",-0.0092213,LFCR
2022-09-15,9.92,9.96,9.82,9.86,9.86,90300,90300,-0.06,-0.60484,9.88,"September 15, 22",-0.0060484,LFCR
2022-09-14,9.86,10.11,9.86,9.89,9.89,51100,51100,0.03,0.30426,9.95,"September 14, 22",0.0030426,LFCR
2022-09-13,10.14,10.18,9.39,9.91,9.91,47100,47100,-0.23,-2.27,9.83,"September 13, 22",-0.0227,LFCR
2022-09-12,10.13,10.33,10.13,10.32,10.32,23500,23500,0.19,1.88,10.26,"September 12, 22",0.0188,LFCR
2022-09-09,10.03,10.19,10.01,10.15,10.15,39100,39100,0.12,1.2,10.12,"September 09, 22",0.012,LFCR
2022-09-08,9.79,10.07,9.66,9.98,9.98,59500,59500,0.19,1.94,9.9,"September 08, 22",0.0194,LFCR
2022-09-07,9.83,9.96,9.82,9.91,9.91,31600,31600,0.08,0.81384,9.9,"September 07, 22",0.0081384,LFCR
2022-09-06,9.95,9.96,9.78,9.87,9.87,55500,55500,-0.08,-0.80402,9.87,"September 06, 22",-0.0080402,LFCR
2022-09-02,10.24,10.24,10.05,10.06,10.06,30300,30300,-0.18,-1.76,10.12,"September 02, 22",-0.0176,LFCR
2022-09-01,10.3,10.35,10.15,10.24,10.24,186400,186400,-0.06,-0.58252,10.25,"September 01, 22",-0.0058252,LFCR
2022-08-31,10.13,10.51,9.79,10.5,10.5,259500,259500,0.37,3.65,10.27,"August 31, 22",0.0365,LFCR
2022-08-30,10.19,10.19,9.96,10.14,10.14,41700,41700,-0.05,-0.49068,10.1,"August 30, 22",-0.0049068,LFCR
2022-08-29,10.01,10.19,10.01,10.14,10.14,32800,32800,0.13,1.3,10.11,"August 29, 22",0.013,LFCR
2022-08-26,10.6,10.67,10.19,10.19,10.19,39100,39100,-0.41,-3.87,10.35,"August 26, 22",-0.0387,LFCR
2022-08-25,10.67,10.75,10.62,10.67,10.67,31700,31700,0.0,0.0,10.68,"August 25, 22",0.0,LFCR
2022-08-24,10.73,10.79,10.62,10.66,10.66,33600,33600,-0.07,-0.65238,10.69,"August 24, 22",-0.0065238,LFCR
2022-08-23,10.72,10.81,10.53,10.67,10.67,61400,61400,-0.05,-0.46642,10.67,"August 23, 22",-0.0046642,LFCR
2022-08-22,10.88,10.95,10.76,10.78,10.78,29500,29500,-0.1,-0.91912,10.83,"August 22, 22",-0.0091912,LFCR
2022-08-19,11.07,11.15,10.77,11.05,11.05,33600,33600,-0.02,-0.18067,10.99,"August 19, 22",-0.0018067,LFCR
2022-08-18,11.15,11.22,10.97,11.16,11.16,40800,40800,0.01,0.0896861,11.12,"August 18, 22",0.000896861,LFCR
2022-08-17,11.43,11.43,10.66,11.23,11.23,121700,121700,-0.2,-1.75,11.11,"August 17, 22",-0.0175,LFCR
2022-08-16,11.57,11.83,11.41,11.56,11.56,59400,59400,-0.01,-0.08643042,11.6,"August 16, 22",-0.0008643042,LFCR
2022-08-15,11.08,11.63,11.08,11.57,11.57,51600,51600,0.49,4.42,11.43,"August 15, 22",0.0442,LFCR
2022-08-12,11.39,11.54,11.11,11.23,11.23,72800,72800,-0.16,-1.4,11.29,"August 12, 22",-0.014,LFCR
2022-08-11,11.4,11.96,11.23,11.31,11.31,134500,134500,-0.09,-0.78947,11.5,"August 11, 22",-0.0078947,LFCR
2022-08-10,10.96,11.14,10.65,11.02,11.02,38600,38600,0.06,0.54745,10.94,"August 10, 22",0.0054745,LFCR
2022-08-09,10.67,10.87,10.67,10.8,10.8,208300,208300,0.13,1.22,10.78,"August 09, 22",0.0122,LFCR
2022-08-08,10.43,10.74,10.43,10.73,10.73,44800,44800,0.3,2.88,10.63,"August 08, 22",0.0288,LFCR
2022-08-05,10.43,10.53,10.32,10.42,10.42,28300,28300,-0.01,-0.09587728,10.42,"August 05, 22",-0.0009587728,LFCR
2022-08-04,10.38,10.65,10.38,10.49,10.49,32400,32400,0.11,1.06,10.51,"August 04, 22",0.0106,LFCR
2022-08-03,10.44,10.46,10.34,10.38,10.38,36500,36500,-0.06,-0.57471,10.39,"August 03, 22",-0.0057471,LFCR
2022-08-02,10.4,10.49,10.28,10.38,10.38,46100,46100,-0.02,-0.19231,10.38,"August 02, 22",-0.0019231,LFCR
2022-08-01,10.4,10.64,10.32,10.42,10.42,40700,40700,0.02,0.19231,10.46,"August 01, 22",0.0019231,LFCR
2022-07-29,10.5,10.51,10.33,10.48,10.48,21300,21300,-0.02,-0.19048,10.44,"July 29, 22",-0.0019048,LFCR
2022-07-28,10.39,10.52,10.25,10.43,10.43,13600,13600,0.04,0.38499,10.4,"July 28, 22",0.0038499,LFCR
2022-07-27,10.36,10.41,10.19,10.3,10.3,32000,32000,-0.06,-0.57915,10.3,"July 27, 22",-0.0057915,LFCR
2022-07-26,10.19,10.39,10.14,10.3,10.3,28600,28600,0.11,1.08,10.28,"July 26, 22",0.0108,LFCR
2022-07-25,10.31,10.42,10.15,10.34,10.34,49300,49300,0.03,0.29098,10.3,"July 25, 22",0.0029098,LFCR
2022-07-22,10.44,10.99,10.28,10.29,10.29,41400,41400,-0.15,-1.44,10.52,"July 22, 22",-0.0144,LFCR
2022-07-21,10.69,10.8,10.34,10.49,10.49,36000,36000,-0.2,-1.87,10.54,"July 21, 22",-0.0187,LFCR
2022-07-20,10.5,10.9,10.3,10.74,10.74,89500,89500,0.24,2.29,10.65,"July 20, 22",0.0229,LFCR
2022-07-19,9.91,10.11,9.74,10.07,10.07,142300,142300,0.16,1.61,9.97,"July 19, 22",0.0161,LFCR
2022-07-18,10.16,10.16,9.65,9.78,9.78,79100,79100,-0.38,-3.74,9.86,"July 18, 22",-0.0374,LFCR
2022-07-15,9.91,10.04,9.82,10.04,10.04,97100,97100,0.13,1.31,9.97,"July 15, 22",0.0131,LFCR
2022-07-14,9.81,9.89,9.7,9.76,9.76,22400,22400,-0.05,-0.50968,9.78,"July 14, 22",-0.0050968,LFCR
2022-07-13,9.58,10.09,9.58,9.97,9.97,38200,38200,0.39,4.07,9.88,"July 13, 22",0.0407,LFCR
2022-07-12,9.9,9.9,9.66,9.7,9.7,55600,55600,-0.2,-2.02,9.75,"July 12, 22",-0.0202,LFCR
2022-07-11,10.12,10.12,9.75,9.86,9.86,70900,70900,-0.26,-2.57,9.91,"July 11, 22",-0.0257,LFCR
2022-07-08,10.23,10.35,10.09,10.11,10.11,93400,93400,-0.12,-1.17,10.18,"July 08, 22",-0.0117,LFCR
2022-07-07,10.26,10.6,10.12,10.32,10.32,67600,67600,0.06,0.5848,10.35,"July 07, 22",0.005848,LFCR
2022-07-06,10.12,10.33,10.12,10.27,10.27,25000,25000,0.15,1.48,10.24,"July 06, 22",0.0148,LFCR
2022-07-05,9.97,10.21,9.97,10.19,10.19,51500,51500,0.22,2.21,10.12,"July 05, 22",0.0221,LFCR
2022-07-01,10.02,10.19,9.99,10.12,10.12,46400,46400,0.1,0.998,10.1,"July 01, 22",0.00998,LFCR
2022-06-30,9.92,10.03,9.86,9.97,9.97,39500,39500,0.05,0.50403,9.95,"June 30, 22",0.0050403,LFCR
2022-06-29,10.04,10.1,9.89,10.06,10.06,33100,33100,0.02,0.1992,10.02,"June 29, 22",0.001992,LFCR
2022-06-28,10.48,10.69,10.09,10.09,10.09,26400,26400,-0.39,-3.72,10.29,"June 28, 22",-0.0372,LFCR
2022-06-27,10.91,10.91,10.45,10.48,10.48,37800,37800,-0.43,-3.94,10.61,"June 27, 22",-0.0394,LFCR
2022-06-24,10.72,11.1,10.57,10.84,10.84,105700,105700,0.12,1.12,10.84,"June 24, 22",0.0112,LFCR
2022-06-23,10.14,10.66,10.14,10.61,10.61,27100,27100,0.47,4.64,10.47,"June 23, 22",0.0464,LFCR
2022-06-22,10.08,10.31,10.08,10.19,10.19,34500,34500,0.11,1.09,10.19,"June 22, 22",0.0109,LFCR
2022-06-21,9.89,10.27,9.6,10.09,10.09,484800,484800,0.2,2.02,9.99,"June 21, 22",0.0202,LFCR
2022-06-17,9.62,9.93,9.52,9.88,9.88,140300,140300,0.26,2.7,9.78,"June 17, 22",0.027,LFCR
2022-06-16,9.46,9.61,9.34,9.57,9.57,52600,52600,0.11,1.16,9.51,"June 16, 22",0.0116,LFCR
2022-06-15,9.65,9.74,9.49,9.6,9.6,39100,39100,-0.05,-0.51813,9.61,"June 15, 22",-0.0051813,LFCR
2022-06-14,9.6,9.76,9.37,9.55,9.55,44200,44200,-0.05,-0.52083,9.56,"June 14, 22",-0.0052083,LFCR
2022-06-13,9.57,9.75,9.46,9.55,9.55,96500,96500,-0.02,-0.20899,9.59,"June 13, 22",-0.0020899,LFCR
2022-06-10,9.9,9.92,9.62,9.77,9.77,39500,39500,-0.13,-1.31,9.77,"June 10, 22",-0.0131,LFCR
2022-06-09,9.93,10.09,9.81,9.9,9.9,52700,52700,-0.03,-0.30211,9.93,"June 09, 22",-0.0030211,LFCR
2022-06-08,9.9,10.38,9.87,9.91,9.91,41000,41000,0.01,0.10101,10.05,"June 08, 22",0.0010101,LFCR
2022-06-07,10.5,10.5,9.97,10.0,10.0,61500,61500,-0.5,-4.76,10.16,"June 07, 22",-0.0476,LFCR
2022-06-06,9.64,10.28,9.63,10.17,10.17,72700,72700,0.53,5.5,10.03,"June 06, 22",0.055,LFCR
2022-06-03,9.45,9.74,9.45,9.5,9.5,40400,40400,0.05,0.5291,9.56,"June 03, 22",0.005291,LFCR
2022-06-02,9.36,9.52,9.17,9.49,9.49,32200,32200,0.13,1.39,9.39,"June 02, 22",0.0139,LFCR
2022-06-01,9.6,9.6,9.29,9.31,9.31,44400,44400,-0.29,-3.02,9.4,"June 01, 22",-0.0302,LFCR
2022-05-31,9.9,9.9,9.48,9.5,9.5,67700,67700,-0.4,-4.04,9.63,"May 31, 22",-0.0404,LFCR
2022-05-27,9.66,9.99,9.66,9.87,9.87,44100,44100,0.21,2.17,9.84,"May 27, 22",0.0217,LFCR
2022-05-26,9.55,9.91,9.51,9.71,9.71,33700,33700,0.16,1.68,9.71,"May 26, 22",0.0168,LFCR
2022-05-25,9.25,9.55,9.25,9.48,9.48,53500,53500,0.23,2.49,9.43,"May 25, 22",0.0249,LFCR
2022-05-24,9.37,9.49,9.19,9.24,9.24,49900,49900,-0.13,-1.39,9.31,"May 24, 22",-0.0139,LFCR
2022-05-23,9.13,9.59,8.8,9.45,9.45,85100,85100,0.32,3.5,9.28,"May 23, 22",0.035,LFCR
2022-05-20,9.24,9.24,9.03,9.06,9.06,73300,73300,-0.18,-1.95,9.11,"May 20, 22",-0.0195,LFCR
2022-05-19,9.01,9.34,8.77,9.17,9.17,121200,121200,0.16,1.78,9.09,"May 19, 22",0.0178,LFCR
2022-05-18,9.47,9.47,9.0,9.05,9.05,89300,89300,-0.42,-4.44,9.17,"May 18, 22",-0.0444,LFCR
2022-05-17,9.18,9.65,9.06,9.58,9.58,94600,94600,0.4,4.36,9.43,"May 17, 22",0.0436,LFCR
2022-05-16,9.15,9.25,9.04,9.06,9.06,57200,57200,-0.09,-0.98361,9.12,"May 16, 22",-0.0098361,LFCR
2022-05-13,9.03,9.43,9.03,9.2,9.2,58700,58700,0.17,1.88,9.22,"May 13, 22",0.0188,LFCR
2022-05-12,8.94,9.11,8.7,9.03,9.03,67200,67200,0.09,1.01,8.95,"May 12, 22",0.0101,LFCR
2022-05-11,8.97,9.1,8.87,8.91,8.91,98900,98900,-0.06,-0.6689,8.96,"May 11, 22",-0.006689,LFCR
2022-05-10,8.94,9.1,8.85,8.97,8.97,104400,104400,0.03,0.33557,8.97,"May 10, 22",0.0033557,LFCR
2022-05-09,8.75,9.08,8.74,8.9,8.9,116500,116500,0.15,1.71,8.91,"May 09, 22",0.0171,LFCR
2022-05-06,9.13,9.29,8.7,8.84,8.84,182600,182600,-0.29,-3.18,8.94,"May 06, 22",-0.0318,LFCR
2022-05-05,9.48,9.68,9.11,9.2,9.2,81000,81000,-0.28,-2.95,9.33,"May 05, 22",-0.0295,LFCR
2022-05-04,9.56,9.59,9.29,9.56,9.56,57700,57700,0.0,0.0,9.48,"May 04, 22",0.0,LFCR
2022-05-03,9.62,9.69,9.42,9.53,9.53,52800,52800,-0.09,-0.93555,9.55,"May 03, 22",-0.0093555,LFCR
2022-05-02,9.9,9.92,9.55,9.67,9.67,61900,61900,-0.23,-2.32,9.71,"May 02, 22",-0.0232,LFCR
2022-04-29,10.12,10.2,9.92,9.95,9.95,65100,65100,-0.17,-1.68,10.02,"April 29, 22",-0.0168,LFCR
2022-04-28,10.18,10.26,10.05,10.19,10.19,70600,70600,0.01,0.09823183,10.17,"April 28, 22",0.0009823183,LFCR
2022-04-27,10.0,10.17,9.96,10.12,10.12,61900,61900,0.12,1.2,10.08,"April 27, 22",0.012,LFCR
2022-04-26,10.05,10.19,9.94,10.0,10.0,81900,81900,-0.05,-0.49751,10.04,"April 26, 22",-0.0049751,LFCR
2022-04-25,10.26,10.27,10.04,10.14,10.14,65400,65400,-0.12,-1.17,10.15,"April 25, 22",-0.0117,LFCR
2022-04-22,10.51,10.54,10.24,10.32,10.32,71100,71100,-0.19,-1.81,10.37,"April 22, 22",-0.0181,LFCR
2022-04-21,10.58,10.61,10.48,10.5,10.5,76300,76300,-0.08,-0.75614,10.53,"April 21, 22",-0.0075614,LFCR
2022-04-20,10.45,10.65,10.42,10.58,10.58,76300,76300,0.13,1.24,10.55,"April 20, 22",0.0124,LFCR
2022-04-19,10.3,10.41,10.29,10.38,10.38,102600,102600,0.08,0.7767,10.36,"April 19, 22",0.007767,LFCR
2022-04-18,10.3,10.36,10.18,10.23,10.23,68800,68800,-0.07,-0.67961,10.26,"April 18, 22",-0.0067961,LFCR
2022-04-14,10.39,10.43,10.17,10.26,10.26,93400,93400,-0.13,-1.25,10.29,"April 14, 22",-0.0125,LFCR
2022-04-13,10.42,10.57,10.3,10.32,10.32,91700,91700,-0.1,-0.95969,10.4,"April 13, 22",-0.0095969,LFCR
2022-04-12,10.6,10.76,10.4,10.41,10.41,86500,86500,-0.19,-1.79,10.52,"April 12, 22",-0.0179,LFCR
2022-04-11,10.44,10.63,10.44,10.53,10.53,96200,96200,0.09,0.86207,10.53,"April 11, 22",0.0086207,LFCR
2022-04-08,10.68,10.68,10.47,10.5,10.5,108900,108900,-0.18,-1.69,10.55,"April 08, 22",-0.0169,LFCR
2022-04-07,10.69,10.79,10.61,10.73,10.73,71000,71000,0.04,0.37418,10.71,"April 07, 22",0.0037418,LFCR
2022-04-06,10.21,11.05,10.16,10.65,10.65,251500,251500,0.44,4.31,10.62,"April 06, 22",0.0431,LFCR
2022-04-05,11.69,11.77,11.3,11.33,11.33,93100,93100,-0.36,-3.08,11.47,"April 05, 22",-0.0308,LFCR
2022-04-04,11.62,11.66,11.53,11.61,11.61,62300,62300,-0.01,-0.08605852,11.6,"April 04, 22",-0.0008605852,LFCR
2022-04-01,11.64,11.69,11.33,11.64,11.64,69600,69600,0.0,0.0,11.55,"April 01, 22",0.0,LFCR
2022-03-31,11.38,11.6,11.38,11.58,11.58,92200,92200,0.2,1.76,11.52,"March 31, 22",0.0176,LFCR
2022-03-30,11.26,11.56,11.25,11.42,11.42,55500,55500,0.16,1.42,11.41,"March 30, 22",0.0142,LFCR
2022-03-29,11.1,11.26,11.1,11.25,11.25,52000,52000,0.15,1.35,11.2,"March 29, 22",0.0135,LFCR
2022-03-28,11.16,11.22,10.96,11.09,11.09,45600,45600,-0.07,-0.62724,11.09,"March 28, 22",-0.0062724,LFCR
2022-03-25,11.08,11.43,11.04,11.26,11.26,60800,60800,0.18,1.62,11.24,"March 25, 22",0.0162,LFCR
2022-03-24,11.07,11.12,10.97,11.07,11.07,65500,65500,0.0,0.0,11.05,"March 24, 22",0.0,LFCR
2022-03-23,11.05,11.13,10.94,11.01,11.01,91800,91800,-0.04,-0.36199,11.03,"March 23, 22",-0.0036199,LFCR
2022-03-22,10.86,11.15,10.86,11.05,11.05,82600,82600,0.19,1.75,11.02,"March 22, 22",0.0175,LFCR
2022-03-21,10.59,11.23,10.49,11.06,11.06,167900,167900,0.47,4.44,10.93,"March 21, 22",0.0444,LFCR
2022-03-18,10.71,11.41,10.38,10.42,10.42,452500,452500,-0.29,-2.71,10.74,"March 18, 22",-0.0271,LFCR
2022-03-17,11.2,11.34,10.75,10.91,10.91,199200,199200,-0.29,-2.59,11.0,"March 17, 22",-0.0259,LFCR
2022-03-16,11.55,11.66,11.24,11.31,11.31,75600,75600,-0.24,-2.08,11.4,"March 16, 22",-0.0208,LFCR
2022-03-15,11.39,11.72,11.29,11.58,11.58,56200,56200,0.19,1.67,11.53,"March 15, 22",0.0167,LFCR
2022-03-14,11.71,11.73,11.25,11.36,11.36,99800,99800,-0.35,-2.99,11.45,"March 14, 22",-0.0299,LFCR
2022-03-11,11.79,11.95,11.57,11.69,11.69,127800,127800,-0.1,-0.84818,11.74,"March 11, 22",-0.0084818,LFCR
2022-03-10,11.65,11.81,11.6,11.76,11.76,39600,39600,0.11,0.94421,11.72,"March 10, 22",0.0094421,LFCR
2022-03-09,11.67,11.99,11.67,11.82,11.82,50700,50700,0.15,1.29,11.83,"March 09, 22",0.0129,LFCR
2022-03-08,11.86,11.91,11.59,11.6,11.6,105300,105300,-0.26,-2.19,11.7,"March 08, 22",-0.0219,LFCR
2022-03-07,11.76,11.95,11.72,11.93,11.93,43900,43900,0.17,1.45,11.87,"March 07, 22",0.0145,LFCR
2022-03-04,11.62,11.77,11.62,11.74,11.74,30100,30100,0.12,1.03,11.71,"March 04, 22",0.0103,LFCR
2022-03-03,11.88,11.88,11.52,11.73,11.73,68800,68800,-0.15,-1.26,11.71,"March 03, 22",-0.0126,LFCR
2022-03-02,11.69,11.9,11.67,11.82,11.82,32200,32200,0.13,1.11,11.8,"March 02, 22",0.0111,LFCR
2022-03-01,11.56,11.78,11.53,11.6,11.6,51000,51000,0.04,0.34602,11.64,"March 01, 22",0.0034602,LFCR
2022-02-28,11.48,11.61,11.48,11.52,11.52,48900,48900,0.04,0.34843,11.54,"February 28, 22",0.0034843,LFCR
2022-02-25,11.4,11.65,11.35,11.54,11.54,25400,25400,0.14,1.23,11.51,"February 25, 22",0.0123,LFCR
2022-02-24,11.42,11.43,10.97,11.31,11.31,70600,70600,-0.11,-0.96322,11.24,"February 24, 22",-0.0096322,LFCR
2022-02-23,11.91,11.96,11.5,11.54,11.54,51000,51000,-0.37,-3.11,11.67,"February 23, 22",-0.0311,LFCR
2022-02-22,11.73,12.04,11.58,11.89,11.89,96900,96900,0.16,1.36,11.84,"February 22, 22",0.0136,LFCR
2022-02-18,11.58,11.95,11.54,11.84,11.84,112000,112000,0.26,2.25,11.78,"February 18, 22",0.0225,LFCR
2022-02-17,11.32,11.73,11.13,11.66,11.66,62000,62000,0.34,3.0,11.51,"February 17, 22",0.03,LFCR
2022-02-16,11.61,11.65,11.29,11.38,11.38,35300,35300,-0.23,-1.98,11.44,"February 16, 22",-0.0198,LFCR
2022-02-15,11.54,11.79,11.54,11.66,11.66,60400,60400,0.12,1.04,11.66,"February 15, 22",0.0104,LFCR
2022-02-14,11.28,11.54,11.08,11.52,11.52,107200,107200,0.24,2.13,11.38,"February 14, 22",0.0213,LFCR
2022-02-11,11.26,11.42,11.14,11.27,11.27,88200,88200,0.01,0.08880995,11.28,"February 11, 22",0.0008880995,LFCR
2022-02-10,11.05,11.46,10.34,11.29,11.29,199800,199800,0.24,2.17,11.03,"February 10, 22",0.0217,LFCR
2022-02-09,10.95,11.41,10.92,11.25,11.25,281800,281800,0.3,2.74,11.19,"February 09, 22",0.0274,LFCR
2022-02-08,10.75,10.99,10.75,10.95,10.95,124800,124800,0.2,1.86,10.9,"February 08, 22",0.0186,LFCR
2022-02-07,10.76,10.89,10.55,10.75,10.75,101400,101400,-0.01,-0.0929368,10.73,"February 07, 22",-0.000929368,LFCR
2022-02-04,10.79,10.87,10.49,10.69,10.69,82500,82500,-0.1,-0.92678,10.68,"February 04, 22",-0.0092678,LFCR
2022-02-03,10.8,11.05,10.75,10.78,10.78,98800,98800,-0.02,-0.18519,10.86,"February 03, 22",-0.0018519,LFCR
2022-02-02,11.03,11.09,10.77,10.97,10.97,90500,90500,-0.06,-0.54397,10.94,"February 02, 22",-0.0054397,LFCR
2022-02-01,10.74,11.22,10.57,10.95,10.95,202500,202500,0.21,1.96,10.91,"February 01, 22",0.0196,LFCR
2022-01-31,10.46,10.83,10.32,10.75,10.75,156200,156200,0.29,2.77,10.63,"January 31, 22",0.0277,LFCR
2022-01-28,10.47,10.48,10.17,10.45,10.45,79600,79600,-0.02,-0.19102,10.37,"January 28, 22",-0.0019102,LFCR
2022-01-27,10.72,10.8,10.39,10.44,10.44,98800,98800,-0.28,-2.61,10.54,"January 27, 22",-0.0261,LFCR
2022-01-26,11.05,11.16,10.56,10.62,10.62,79200,79200,-0.43,-3.89,10.78,"January 26, 22",-0.0389,LFCR
2022-01-25,10.94,11.03,10.54,10.94,10.94,153500,153500,0.0,0.0,10.84,"January 25, 22",0.0,LFCR
2022-01-24,10.73,11.16,10.66,10.98,10.98,108500,108500,0.25,2.33,10.93,"January 24, 22",0.0233,LFCR
2022-01-21,10.73,11.19,10.73,10.8,10.8,126600,126600,0.07,0.65238,10.91,"January 21, 22",0.0065238,LFCR
2022-01-20,10.63,11.13,10.54,10.84,10.84,255200,255200,0.21,1.98,10.84,"January 20, 22",0.0198,LFCR
2022-01-19,10.81,10.93,10.62,10.71,10.71,77200,77200,-0.1,-0.92507,10.75,"January 19, 22",-0.0092507,LFCR
2022-01-18,11.08,11.33,10.76,10.88,10.88,117800,117800,-0.2,-1.81,10.99,"January 18, 22",-0.0181,LFCR
2022-01-14,10.64,11.03,10.44,10.96,10.96,187900,187900,0.32,3.01,10.81,"January 14, 22",0.0301,LFCR
2022-01-13,10.38,10.82,10.35,10.7,10.7,221000,221000,0.32,3.08,10.62,"January 13, 22",0.0308,LFCR
2022-01-12,10.3,10.6,10.25,10.38,10.38,456000,456000,0.08,0.7767,10.41,"January 12, 22",0.007767,LFCR
2022-01-11,10.18,10.3,9.99,10.25,10.25,130900,130900,0.07,0.68762,10.18,"January 11, 22",0.0068762,LFCR
2022-01-10,10.32,10.37,9.96,10.07,10.07,238700,238700,-0.25,-2.42,10.13,"January 10, 22",-0.0242,LFCR
2022-01-07,10.67,10.76,10.43,10.44,10.44,178100,178100,-0.23,-2.16,10.54,"January 07, 22",-0.0216,LFCR
2022-01-06,10.41,11.9,10.19,10.76,10.76,272200,272200,0.35,3.36,10.95,"January 06, 22",0.0336,LFCR
2022-01-05,10.99,11.05,10.56,10.65,10.65,117300,117300,-0.34,-3.09,10.75,"January 05, 22",-0.0309,LFCR
2022-01-04,11.09,11.18,10.81,10.96,10.96,108800,108800,-0.13,-1.17,10.98,"January 04, 22",-0.0117,LFCR
2022-01-03,11.2,11.23,10.97,11.02,11.02,146500,146500,-0.18,-1.61,11.07,"January 03, 22",-0.0161,LFCR
2021-12-31,10.97,11.13,10.91,11.1,11.1,78500,78500,0.13,1.19,11.05,"December 31, 21",0.0119,LFCR
2021-12-30,11.23,11.23,10.96,11.03,11.03,65700,65700,-0.2,-1.78,11.07,"December 30, 21",-0.0178,LFCR
2021-12-29,11.24,11.29,11.07,11.18,11.18,123900,123900,-0.06,-0.53381,11.18,"December 29, 21",-0.0053381,LFCR
2021-12-28,11.07,11.28,10.91,11.24,11.24,56700,56700,0.17,1.54,11.14,"December 28, 21",0.0154,LFCR
2021-12-27,11.06,11.19,10.78,11.14,11.14,159200,159200,0.08,0.72333,11.04,"December 27, 21",0.0072333,LFCR
2021-12-23,10.73,11.07,10.57,11.01,11.01,124900,124900,0.28,2.61,10.88,"December 23, 21",0.0261,LFCR
2021-12-22,10.91,11.07,10.6,10.8,10.8,104200,104200,-0.11,-1.01,10.82,"December 22, 21",-0.0101,LFCR
2021-12-21,10.66,11.36,10.58,10.96,10.96,162100,162100,0.3,2.81,10.97,"December 21, 21",0.0281,LFCR
2021-12-20,10.75,10.75,10.46,10.73,10.73,125300,125300,-0.02,-0.18605,10.65,"December 20, 21",-0.0018605,LFCR
2021-12-17,10.67,10.91,10.44,10.72,10.72,163700,163700,0.05,0.4686,10.69,"December 17, 21",0.004686,LFCR
2021-12-16,11.07,11.25,10.58,10.61,10.61,147400,147400,-0.46,-4.16,10.81,"December 16, 21",-0.0416,LFCR
2021-12-15,10.55,11.31,10.55,11.05,11.05,231300,231300,0.5,4.74,10.97,"December 15, 21",0.0474,LFCR
2021-12-14,9.5,10.84,9.47,10.66,10.66,358800,358800,1.16,12.21,10.32,"December 14, 21",0.1221,LFCR
2021-12-13,9.24,9.5,9.19,9.43,9.43,77100,77100,0.19,2.06,9.37,"December 13, 21",0.0206,LFCR
2021-12-10,9.34,9.46,8.88,9.26,9.26,49300,49300,-0.08,-0.85653,9.2,"December 10, 21",-0.0085653,LFCR
2021-12-09,9.11,9.4,9.11,9.29,9.29,38600,38600,0.18,1.98,9.27,"December 09, 21",0.0198,LFCR
2021-12-08,9.11,9.37,8.98,9.19,9.19,72800,72800,0.08,0.87816,9.18,"December 08, 21",0.0087816,LFCR
2021-12-07,9.17,9.4,8.95,9.13,9.13,89300,89300,-0.04,-0.43621,9.16,"December 07, 21",-0.0043621,LFCR
2021-12-06,9.25,9.36,8.93,9.16,9.16,77100,77100,-0.09,-0.97297,9.15,"December 06, 21",-0.0097297,LFCR
2021-12-03,9.12,9.27,9.03,9.11,9.11,149500,149500,-0.01,-0.10965,9.14,"December 03, 21",-0.0010965,LFCR
2021-12-02,8.72,9.16,8.64,9.13,9.13,135000,135000,0.41,4.7,8.98,"December 02, 21",0.047,LFCR
2021-12-01,8.12,8.75,8.06,8.67,8.67,301400,301400,0.55,6.77,8.49,"December 01, 21",0.0677,LFCR
2021-11-30,8.18,8.55,7.65,7.95,7.95,1076700,1076700,-0.23,-2.81,8.05,"November 30, 21",-0.0281,LFCR
2021-11-29,8.65,8.88,8.09,8.25,8.25,293200,293200,-0.4,-4.62,8.41,"November 29, 21",-0.0462,LFCR
2021-11-26,9.0,9.05,8.44,8.67,8.67,66900,66900,-0.33,-3.67,8.72,"November 26, 21",-0.0367,LFCR
2021-11-24,9.37,9.37,9.02,9.04,9.04,141400,141400,-0.33,-3.52,9.14,"November 24, 21",-0.0352,LFCR
2021-11-23,9.49,9.52,9.36,9.43,9.43,63200,63200,-0.06,-0.63224,9.44,"November 23, 21",-0.0063224,LFCR
2021-11-22,9.57,9.59,9.35,9.46,9.46,175900,175900,-0.11,-1.15,9.47,"November 22, 21",-0.0115,LFCR
2021-11-19,9.48,9.65,9.43,9.49,9.49,171300,171300,0.01,0.10549,9.52,"November 19, 21",0.0010549,LFCR
2021-11-18,9.49,9.57,9.36,9.53,9.53,124600,124600,0.04,0.4215,9.49,"November 18, 21",0.004215,LFCR
2021-11-17,9.49,9.57,9.42,9.51,9.51,60500,60500,0.02,0.21075,9.5,"November 17, 21",0.0021075,LFCR
2021-11-16,9.49,9.68,9.45,9.54,9.54,72400,72400,0.05,0.52687,9.56,"November 16, 21",0.0052687,LFCR
2021-11-15,9.5,9.57,9.37,9.54,9.54,300300,300300,0.04,0.42105,9.49,"November 15, 21",0.0042105,LFCR
2021-11-12,9.52,9.6,9.37,9.51,9.51,81200,81200,-0.01,-0.10504,9.49,"November 12, 21",-0.0010504,LFCR
2021-11-11,9.73,9.77,9.5,9.51,9.51,37200,37200,-0.22,-2.26,9.59,"November 11, 21",-0.0226,LFCR
2021-11-10,9.8,9.84,9.62,9.67,9.67,45100,45100,-0.13,-1.33,9.71,"November 10, 21",-0.0133,LFCR
2021-11-09,9.76,9.82,9.67,9.8,9.8,77000,77000,0.04,0.40984,9.76,"November 09, 21",0.0040984,LFCR
2021-11-08,9.8,9.83,9.7,9.82,9.82,30200,30200,0.02,0.20408,9.78,"November 08, 21",0.0020408,LFCR
2021-11-05,9.42,9.8,9.42,9.74,9.74,95900,95900,0.32,3.4,9.65,"November 05, 21",0.034,LFCR
2021-11-04,9.54,9.69,9.44,9.45,9.45,51600,51600,-0.09,-0.9434,9.53,"November 04, 21",-0.009434,LFCR
2021-11-03,9.33,9.6,9.33,9.56,9.56,50100,50100,0.23,2.47,9.5,"November 03, 21",0.0247,LFCR
2021-11-02,9.48,9.59,9.32,9.39,9.39,46500,46500,-0.09,-0.94937,9.43,"November 02, 21",-0.0094937,LFCR
2021-11-01,9.69,9.71,9.33,9.52,9.52,146600,146600,-0.17,-1.75,9.52,"November 01, 21",-0.0175,LFCR
2021-10-29,9.66,9.73,9.54,9.72,9.72,60900,60900,0.06,0.62112,9.66,"October 29, 21",0.0062112,LFCR
2021-10-28,9.4,9.69,9.35,9.64,9.64,89300,89300,0.24,2.55,9.56,"October 28, 21",0.0255,LFCR
2021-10-27,9.56,9.56,9.31,9.35,9.35,92200,92200,-0.21,-2.2,9.41,"October 27, 21",-0.022,LFCR
2021-10-26,9.4,9.68,9.32,9.53,9.53,91900,91900,0.13,1.38,9.51,"October 26, 21",0.0138,LFCR
2021-10-25,9.5,9.5,9.18,9.4,9.4,91700,91700,-0.1,-1.05,9.36,"October 25, 21",-0.0105,LFCR
2021-10-22,9.54,9.73,9.4,9.5,9.5,74800,74800,-0.04,-0.41929,9.54,"October 22, 21",-0.0041929,LFCR
2021-10-21,9.47,9.75,9.41,9.68,9.68,293400,293400,0.21,2.22,9.61,"October 21, 21",0.0222,LFCR
2021-10-20,9.53,9.55,9.45,9.51,9.51,40900,40900,-0.02,-0.20986,9.5,"October 20, 21",-0.0020986,LFCR
2021-10-19,9.6,9.6,9.41,9.54,9.54,43000,43000,-0.06,-0.625,9.52,"October 19, 21",-0.00625,LFCR
2021-10-18,9.82,9.82,9.56,9.58,9.58,91800,91800,-0.24,-2.44,9.65,"October 18, 21",-0.0244,LFCR
2021-10-15,9.89,9.9,9.71,9.81,9.81,89900,89900,-0.08,-0.8089,9.81,"October 15, 21",-0.008089,LFCR
2021-10-14,9.79,10.0,9.59,9.77,9.77,81100,81100,-0.02,-0.20429,9.79,"October 14, 21",-0.0020429,LFCR
2021-10-13,9.68,10.05,9.57,9.68,9.68,185700,185700,0.0,0.0,9.77,"October 13, 21",0.0,LFCR
2021-10-12,9.47,9.65,9.4,9.63,9.63,63500,63500,0.16,1.69,9.56,"October 12, 21",0.0169,LFCR
2021-10-11,9.54,9.64,9.43,9.49,9.49,52900,52900,-0.05,-0.52411,9.52,"October 11, 21",-0.0052411,LFCR
2021-10-08,9.56,9.57,9.34,9.54,9.54,52300,52300,-0.02,-0.20921,9.48,"October 08, 21",-0.0020921,LFCR
2021-10-07,9.51,9.7,9.51,9.58,9.58,57300,57300,0.07,0.73607,9.6,"October 07, 21",0.0073607,LFCR
2021-10-06,9.37,9.66,9.26,9.42,9.42,258400,258400,0.05,0.53362,9.45,"October 06, 21",0.0053362,LFCR
2021-10-05,9.17,9.44,9.07,9.43,9.43,274700,274700,0.26,2.84,9.31,"October 05, 21",0.0284,LFCR
2021-10-04,9.2,9.36,9.09,9.14,9.14,95700,95700,-0.06,-0.65217,9.2,"October 04, 21",-0.0065217,LFCR
2021-10-01,9.22,9.46,9.09,9.19,9.19,184400,184400,-0.03,-0.32538,9.25,"October 01, 21",-0.0032538,LFCR
2021-09-30,9.06,9.93,8.69,9.22,9.22,202500,202500,0.16,1.77,9.28,"September 30, 21",0.0177,LFCR
2021-09-29,10.19,10.58,10.15,10.28,10.28,116200,116200,0.09,0.88322,10.34,"September 29, 21",0.0088322,LFCR
2021-09-28,10.29,10.37,10.15,10.2,10.2,44500,44500,-0.09,-0.87464,10.24,"September 28, 21",-0.0087464,LFCR
2021-09-27,10.27,10.51,10.19,10.34,10.34,47800,47800,0.07,0.6816,10.35,"September 27, 21",0.006816,LFCR
2021-09-24,10.59,10.62,10.16,10.22,10.22,64300,64300,-0.37,-3.49,10.33,"September 24, 21",-0.0349,LFCR
2021-09-23,10.23,10.34,10.13,10.28,10.28,46600,46600,0.05,0.48876,10.25,"September 23, 21",0.0048876,LFCR
2021-09-22,10.27,10.43,10.14,10.19,10.19,48700,48700,-0.08,-0.77897,10.25,"September 22, 21",-0.0077897,LFCR
2021-09-21,10.5,10.52,10.22,10.27,10.27,70700,70700,-0.23,-2.19,10.34,"September 21, 21",-0.0219,LFCR
2021-09-20,10.05,10.42,10.05,10.39,10.39,107900,107900,0.34,3.38,10.29,"September 20, 21",0.0338,LFCR
2021-09-17,10.29,10.38,10.14,10.19,10.19,494500,494500,-0.1,-0.97182,10.24,"September 17, 21",-0.0097182,LFCR
2021-09-16,10.2,10.33,10.04,10.24,10.24,53000,53000,0.04,0.39216,10.2,"September 16, 21",0.0039216,LFCR
2021-09-15,10.24,10.3,10.05,10.18,10.18,135400,135400,-0.06,-0.58594,10.18,"September 15, 21",-0.0058594,LFCR
2021-09-14,10.46,10.46,10.13,10.21,10.21,117800,117800,-0.25,-2.39,10.27,"September 14, 21",-0.0239,LFCR
2021-09-13,10.68,10.72,10.45,10.47,10.47,72500,72500,-0.21,-1.97,10.55,"September 13, 21",-0.0197,LFCR
2021-09-10,10.45,10.68,10.36,10.6,10.6,57200,57200,0.15,1.44,10.55,"September 10, 21",0.0144,LFCR
2021-09-09,10.55,10.57,10.39,10.45,10.45,66900,66900,-0.1,-0.94787,10.47,"September 09, 21",-0.0094787,LFCR
2021-09-08,10.4,10.58,10.31,10.58,10.58,78100,78100,0.18,1.73,10.49,"September 08, 21",0.0173,LFCR
2021-09-07,10.5,10.62,10.42,10.44,10.44,45100,45100,-0.06,-0.57143,10.49,"September 07, 21",-0.0057143,LFCR
2021-09-03,10.51,10.65,10.46,10.55,10.55,24700,24700,0.04,0.38059,10.55,"September 03, 21",0.0038059,LFCR
2021-09-02,10.5,10.61,10.35,10.55,10.55,135500,135500,0.05,0.47619,10.5,"September 02, 21",0.0047619,LFCR
2021-09-01,10.83,10.83,10.34,10.48,10.48,149900,149900,-0.35,-3.23,10.55,"September 01, 21",-0.0323,LFCR
2021-08-31,10.76,10.87,10.7,10.83,10.83,77600,77600,0.07,0.65056,10.8,"August 31, 21",0.0065056,LFCR
2021-08-30,10.83,10.96,10.79,10.81,10.81,39000,39000,-0.02,-0.18467,10.85,"August 30, 21",-0.0018467,LFCR
2021-08-27,10.65,10.91,10.65,10.87,10.87,162900,162900,0.22,2.07,10.81,"August 27, 21",0.0207,LFCR
2021-08-26,10.71,10.82,10.56,10.62,10.62,157000,157000,-0.09,-0.84034,10.67,"August 26, 21",-0.0084034,LFCR
2021-08-25,10.82,10.87,10.69,10.74,10.74,62900,62900,-0.08,-0.73937,10.77,"August 25, 21",-0.0073937,LFCR
2021-08-24,10.77,10.88,10.74,10.84,10.84,35900,35900,0.07,0.64995,10.82,"August 24, 21",0.0064995,LFCR
2021-08-23,10.87,11.01,10.67,10.79,10.79,46600,46600,-0.08,-0.73597,10.82,"August 23, 21",-0.0073597,LFCR
2021-08-20,10.52,10.91,10.52,10.88,10.88,46600,46600,0.36,3.42,10.77,"August 20, 21",0.0342,LFCR
2021-08-19,10.63,10.7,10.48,10.57,10.57,141000,141000,-0.06,-0.56444,10.58,"August 19, 21",-0.0056444,LFCR
2021-08-18,10.86,10.86,10.66,10.69,10.69,91000,91000,-0.17,-1.57,10.74,"August 18, 21",-0.0157,LFCR
2021-08-17,10.85,10.93,10.74,10.82,10.82,107800,107800,-0.03,-0.2765,10.83,"August 17, 21",-0.002765,LFCR
2021-08-16,10.69,10.99,10.58,10.86,10.86,54300,54300,0.17,1.59,10.81,"August 16, 21",0.0159,LFCR
2021-08-13,10.83,10.83,10.7,10.72,10.72,47600,47600,-0.11,-1.02,10.75,"August 13, 21",-0.0102,LFCR
2021-08-12,11.15,11.15,10.8,10.84,10.84,69400,69400,-0.31,-2.78,10.93,"August 12, 21",-0.0278,LFCR
2021-08-11,11.04,11.51,11.03,11.17,11.17,92400,92400,0.13,1.18,11.24,"August 11, 21",0.0118,LFCR
2021-08-10,11.0,11.04,10.84,10.99,10.99,35400,35400,-0.01,-0.09090909,10.96,"August 10, 21",-0.0009090909,LFCR
2021-08-09,10.96,11.08,10.8,10.99,10.99,73700,73700,0.03,0.27372,10.96,"August 09, 21",0.0027372,LFCR
2021-08-06,10.62,10.89,10.58,10.76,10.76,92400,92400,0.14,1.32,10.74,"August 06, 21",0.0132,LFCR
2021-08-05,10.58,10.63,10.49,10.58,10.58,93900,93900,0.0,0.0,10.57,"August 05, 21",0.0,LFCR
2021-08-04,10.69,10.75,10.44,10.52,10.52,209300,209300,-0.17,-1.59,10.57,"August 04, 21",-0.0159,LFCR
2021-08-03,10.59,10.88,10.56,10.8,10.8,225100,225100,0.21,1.98,10.75,"August 03, 21",0.0198,LFCR
2021-08-02,10.88,11.04,10.55,10.64,10.64,134400,134400,-0.24,-2.21,10.74,"August 02, 21",-0.0221,LFCR
2021-07-30,11.38,11.53,10.93,10.94,10.94,77700,77700,-0.44,-3.87,11.13,"July 30, 21",-0.0387,LFCR
2021-07-29,12.4,12.64,11.11,11.31,11.31,433000,433000,-1.09,-8.79,11.69,"July 29, 21",-0.0879,LFCR
2021-07-28,12.25,12.53,12.0,12.44,12.44,566100,566100,0.19,1.55,12.32,"July 28, 21",0.0155,LFCR
2021-07-27,11.75,12.58,11.75,12.14,12.14,234000,234000,0.39,3.32,12.16,"July 27, 21",0.0332,LFCR
2021-07-26,11.88,12.11,11.7,11.89,11.89,119200,119200,0.01,0.08417508,11.9,"July 26, 21",0.0008417508,LFCR
2021-07-23,11.33,11.86,11.24,11.82,11.82,76500,76500,0.49,4.32,11.64,"July 23, 21",0.0432,LFCR
2021-07-22,12.09,12.26,11.34,11.36,11.36,103800,103800,-0.73,-6.04,11.65,"July 22, 21",-0.0604,LFCR
2021-07-21,12.25,12.62,11.89,12.11,12.11,434500,434500,-0.14,-1.14,12.21,"July 21, 21",-0.0114,LFCR
2021-07-20,12.0,12.34,11.91,12.17,12.17,131100,131100,0.17,1.42,12.14,"July 20, 21",0.0142,LFCR
2021-07-19,11.5,12.05,11.3,11.96,11.96,197400,197400,0.46,4.0,11.77,"July 19, 21",0.04,LFCR
2021-07-16,11.63,11.69,11.45,11.59,11.59,116100,116100,-0.04,-0.34394,11.58,"July 16, 21",-0.0034394,LFCR
2021-07-15,11.25,11.58,11.12,11.51,11.51,146000,146000,0.26,2.31,11.4,"July 15, 21",0.0231,LFCR
2021-07-14,11.36,11.36,11.19,11.27,11.27,96900,96900,-0.09,-0.79225,11.27,"July 14, 21",-0.0079225,LFCR
2021-07-13,11.2,11.37,11.16,11.32,11.32,145000,145000,0.12,1.07,11.28,"July 13, 21",0.0107,LFCR
2021-07-12,11.39,11.43,11.16,11.25,11.25,61200,61200,-0.14,-1.23,11.28,"July 12, 21",-0.0123,LFCR
2021-07-09,11.35,11.47,11.3,11.44,11.44,79900,79900,0.09,0.79295,11.4,"July 09, 21",0.0079295,LFCR
2021-07-08,11.18,11.36,11.16,11.31,11.31,104300,104300,0.13,1.16,11.28,"July 08, 21",0.0116,LFCR
2021-07-07,11.17,11.31,11.15,11.25,11.25,113600,113600,0.08,0.7162,11.24,"July 07, 21",0.007162,LFCR
2021-07-06,11.21,11.21,10.96,11.15,11.15,124900,124900,-0.06,-0.53524,11.11,"July 06, 21",-0.0053524,LFCR
2021-07-02,11.27,11.29,11.11,11.22,11.22,72400,72400,-0.05,-0.44366,11.21,"July 02, 21",-0.0044366,LFCR
2021-07-01,11.27,11.41,11.06,11.24,11.24,84400,84400,-0.03,-0.26619,11.24,"July 01, 21",-0.0026619,LFCR
2021-06-30,10.87,11.28,10.87,11.25,11.25,136500,136500,0.38,3.5,11.13,"June 30, 21",0.035,LFCR
2021-06-29,10.82,11.03,10.75,10.95,10.95,88000,88000,0.13,1.2,10.91,"June 29, 21",0.012,LFCR
2021-06-28,11.13,11.13,10.72,10.8,10.8,116000,116000,-0.33,-2.96,10.88,"June 28, 21",-0.0296,LFCR
2021-06-25,11.2,11.45,10.87,11.1,11.1,314200,314200,-0.1,-0.89286,11.14,"June 25, 21",-0.0089286,LFCR
2021-06-24,11.0,11.3,10.9,11.25,11.25,66300,66300,0.25,2.27,11.15,"June 24, 21",0.0227,LFCR
2021-06-23,10.94,11.19,10.93,10.98,10.98,141500,141500,0.04,0.36563,11.03,"June 23, 21",0.0036563,LFCR
2021-06-22,11.2,11.51,10.71,10.94,10.94,237700,237700,-0.26,-2.32,11.05,"June 22, 21",-0.0232,LFCR
2021-06-21,11.48,11.6,11.28,11.29,11.29,242300,242300,-0.19,-1.66,11.39,"June 21, 21",-0.0166,LFCR
2021-06-18,11.48,11.64,11.33,11.47,11.47,298800,298800,-0.01,-0.08710801,11.48,"June 18, 21",-0.0008710801,LFCR
2021-06-17,11.56,11.7,11.33,11.53,11.53,187900,187900,-0.03,-0.25952,11.52,"June 17, 21",-0.0025952,LFCR
2021-06-16,11.54,11.61,11.3,11.51,11.51,275000,275000,-0.03,-0.25997,11.47,"June 16, 21",-0.0025997,LFCR
2021-06-15,11.72,11.85,11.44,11.54,11.54,81700,81700,-0.18,-1.54,11.61,"June 15, 21",-0.0154,LFCR
2021-06-14,12.15,12.15,11.67,11.71,11.71,60000,60000,-0.44,-3.62,11.84,"June 14, 21",-0.0362,LFCR
2021-06-11,12.26,12.26,11.95,12.06,12.06,101000,101000,-0.2,-1.63,12.09,"June 11, 21",-0.0163,LFCR
2021-06-10,12.29,12.31,12.06,12.08,12.08,33100,33100,-0.21,-1.71,12.15,"June 10, 21",-0.0171,LFCR
2021-06-09,12.7,12.7,12.24,12.29,12.29,45600,45600,-0.41,-3.23,12.41,"June 09, 21",-0.0323,LFCR
2021-06-08,12.77,12.88,12.66,12.71,12.71,154700,154700,-0.06,-0.46985,12.75,"June 08, 21",-0.0046985,LFCR
2021-06-07,12.74,12.84,12.48,12.78,12.78,83200,83200,0.04,0.31397,12.7,"June 07, 21",0.0031397,LFCR
2021-06-04,12.41,12.85,12.29,12.75,12.75,170600,170600,0.34,2.74,12.63,"June 04, 21",0.0274,LFCR
2021-06-03,12.32,12.47,12.2,12.31,12.31,116800,116800,-0.01,-0.08116883,12.33,"June 03, 21",-0.0008116883,LFCR
2021-06-02,12.44,12.46,11.93,12.44,12.44,128700,128700,0.0,0.0,12.28,"June 02, 21",0.0,LFCR
2021-06-01,11.98,11.99,11.56,11.64,11.64,89100,89100,-0.34,-2.84,11.73,"June 01, 21",-0.0284,LFCR
2021-05-28,11.44,12.01,11.41,11.97,11.97,148500,148500,0.53,4.63,11.8,"May 28, 21",0.0463,LFCR
2021-05-27,11.8,11.88,11.35,11.37,11.37,399400,399400,-0.43,-3.64,11.53,"May 27, 21",-0.0364,LFCR
2021-05-26,11.52,11.77,11.33,11.73,11.73,94000,94000,0.21,1.82,11.61,"May 26, 21",0.0182,LFCR
2021-05-25,11.86,11.86,11.52,11.54,11.54,118700,118700,-0.32,-2.7,11.64,"May 25, 21",-0.027,LFCR
2021-05-24,12.18,12.18,11.9,11.91,11.91,82600,82600,-0.27,-2.22,12.0,"May 24, 21",-0.0222,LFCR
2021-05-21,12.1,12.33,12.03,12.22,12.22,64100,64100,0.12,0.99174,12.19,"May 21, 21",0.0099174,LFCR
2021-05-20,12.1,12.25,11.96,12.17,12.17,74200,74200,0.07,0.57851,12.13,"May 20, 21",0.0057851,LFCR
2021-05-19,12.14,12.15,11.83,12.07,12.07,82700,82700,-0.07,-0.57661,12.02,"May 19, 21",-0.0057661,LFCR
2021-05-18,12.34,12.41,12.04,12.09,12.09,84200,84200,-0.25,-2.03,12.18,"May 18, 21",-0.0203,LFCR
2021-05-17,12.21,12.49,12.08,12.39,12.39,82800,82800,0.18,1.47,12.32,"May 17, 21",0.0147,LFCR
2021-05-14,11.89,12.2,11.65,12.17,12.17,93100,93100,0.28,2.35,12.01,"May 14, 21",0.0235,LFCR
2021-05-13,11.67,11.86,11.44,11.76,11.76,59100,59100,0.09,0.77121,11.69,"May 13, 21",0.0077121,LFCR
2021-05-12,11.64,11.82,11.54,11.66,11.66,59700,59700,0.02,0.17182,11.67,"May 12, 21",0.0017182,LFCR
2021-05-11,11.9,12.06,11.59,11.65,11.65,63300,63300,-0.25,-2.1,11.77,"May 11, 21",-0.021,LFCR
2021-05-10,12.56,12.56,12.0,12.02,12.02,84000,84000,-0.54,-4.3,12.19,"May 10, 21",-0.043,LFCR
2021-05-07,12.37,12.56,12.12,12.52,12.52,123200,123200,0.15,1.21,12.4,"May 07, 21",0.0121,LFCR
2021-05-06,12.02,12.41,11.83,12.41,12.41,182200,182200,0.39,3.24,12.22,"May 06, 21",0.0324,LFCR
2021-05-05,11.53,12.03,11.49,11.95,11.95,120400,120400,0.42,3.64,11.82,"May 05, 21",0.0364,LFCR
2021-05-04,11.65,11.66,11.5,11.55,11.55,74100,74100,-0.1,-0.85837,11.57,"May 04, 21",-0.0085837,LFCR
2021-05-03,11.44,11.72,11.35,11.69,11.69,77000,77000,0.25,2.19,11.59,"May 03, 21",0.0219,LFCR
2021-04-30,11.36,11.42,11.18,11.32,11.32,121200,121200,-0.04,-0.35211,11.31,"April 30, 21",-0.0035211,LFCR
2021-04-29,11.38,11.48,11.25,11.47,11.47,79300,79300,0.09,0.79086,11.4,"April 29, 21",0.0079086,LFCR
2021-04-28,11.39,11.39,11.24,11.35,11.35,70500,70500,-0.04,-0.35119,11.33,"April 28, 21",-0.0035119,LFCR
2021-04-27,11.28,11.41,11.24,11.4,11.4,118400,118400,0.12,1.06,11.35,"April 27, 21",0.0106,LFCR
2021-04-26,11.73,11.73,11.17,11.27,11.27,92100,92100,-0.46,-3.92,11.39,"April 26, 21",-0.0392,LFCR
2021-04-23,11.67,11.75,11.35,11.65,11.65,106600,106600,-0.02,-0.17138,11.58,"April 23, 21",-0.0017138,LFCR
2021-04-22,11.26,11.37,11.2,11.31,11.31,113800,113800,0.05,0.44405,11.29,"April 22, 21",0.0044405,LFCR
2021-04-21,10.95,11.19,10.95,11.17,11.17,76500,76500,0.22,2.01,11.1,"April 21, 21",0.0201,LFCR
2021-04-20,11.26,11.61,10.74,10.9,10.9,115900,115900,-0.36,-3.2,11.08,"April 20, 21",-0.032,LFCR
2021-04-19,11.24,11.42,10.9,10.97,10.97,127500,127500,-0.27,-2.4,11.1,"April 19, 21",-0.024,LFCR
2021-04-16,11.65,11.74,11.03,11.2,11.2,169500,169500,-0.45,-3.86,11.32,"April 16, 21",-0.0386,LFCR
2021-04-15,10.86,11.35,10.75,11.3,11.3,285200,285200,0.44,4.05,11.13,"April 15, 21",0.0405,LFCR
2021-04-14,10.45,10.75,10.45,10.55,10.55,88500,88500,0.1,0.95694,10.58,"April 14, 21",0.0095694,LFCR
2021-04-13,10.1,10.46,10.04,10.4,10.4,144700,144700,0.3,2.97,10.3,"April 13, 21",0.0297,LFCR
2021-04-12,9.88,10.15,9.79,10.06,10.06,417400,417400,0.18,1.82,10.0,"April 12, 21",0.0182,LFCR
2021-04-09,10.0,10.06,9.48,9.91,9.91,400700,400700,-0.09,-0.9,9.82,"April 09, 21",-0.009,LFCR
2021-04-08,9.38,10.18,9.27,10.02,10.02,755700,755700,0.64,6.82,9.82,"April 08, 21",0.0682,LFCR
2021-04-07,11.24,11.24,10.88,10.95,10.95,133100,133100,-0.29,-2.58,11.02,"April 07, 21",-0.0258,LFCR
2021-04-06,11.06,11.32,11.05,11.18,11.18,114300,114300,0.12,1.08,11.18,"April 06, 21",0.0108,LFCR
2021-04-05,10.76,11.11,10.66,10.99,10.99,215300,215300,0.23,2.14,10.92,"April 05, 21",0.0214,LFCR
2021-04-01,10.65,10.87,10.58,10.63,10.63,150200,150200,-0.02,-0.18779,10.69,"April 01, 21",-0.0018779,LFCR
2021-03-31,10.59,10.78,10.53,10.6,10.6,159500,159500,0.01,0.09442871,10.64,"March 31, 21",0.0009442871,LFCR
2021-03-30,10.51,10.6,10.32,10.55,10.55,166600,166600,0.04,0.38059,10.49,"March 30, 21",0.0038059,LFCR
2021-03-29,10.8,11.01,10.51,10.52,10.52,70300,70300,-0.28,-2.59,10.68,"March 29, 21",-0.0259,LFCR
2021-03-26,10.82,10.95,10.61,10.82,10.82,110200,110200,0.0,0.0,10.79,"March 26, 21",0.0,LFCR
2021-03-25,10.45,10.73,10.23,10.7,10.7,479500,479500,0.25,2.39,10.55,"March 25, 21",0.0239,LFCR
2021-03-24,10.87,10.87,10.34,10.44,10.44,78500,78500,-0.43,-3.96,10.55,"March 24, 21",-0.0396,LFCR
2021-03-23,11.15,11.15,10.71,10.75,10.75,60600,60600,-0.4,-3.59,10.87,"March 23, 21",-0.0359,LFCR
2021-03-22,11.55,11.55,11.05,11.16,11.16,55900,55900,-0.39,-3.38,11.25,"March 22, 21",-0.0338,LFCR
2021-03-19,11.36,11.47,11.22,11.41,11.41,233300,233300,0.05,0.44014,11.37,"March 19, 21",0.0044014,LFCR
2021-03-18,11.63,11.78,11.3,11.36,11.36,47400,47400,-0.27,-2.32,11.48,"March 18, 21",-0.0232,LFCR
2021-03-17,11.58,11.8,11.47,11.63,11.63,52900,52900,0.05,0.43178,11.63,"March 17, 21",0.0043178,LFCR
2021-03-16,11.85,11.86,11.45,11.67,11.67,54800,54800,-0.18,-1.52,11.66,"March 16, 21",-0.0152,LFCR
2021-03-15,12.06,12.06,11.73,11.83,11.83,57900,57900,-0.23,-1.91,11.87,"March 15, 21",-0.0191,LFCR
2021-03-12,12.17,12.22,11.95,12.09,12.09,47700,47700,-0.08,-0.65735,12.09,"March 12, 21",-0.0065735,LFCR
2021-03-11,12.05,12.22,11.83,12.22,12.22,84100,84100,0.17,1.41,12.09,"March 11, 21",0.0141,LFCR
2021-03-10,11.88,12.09,11.54,11.95,11.95,64500,64500,0.07,0.58923,11.86,"March 10, 21",0.0058923,LFCR
2021-03-09,11.33,11.9,11.32,11.86,11.86,78600,78600,0.53,4.68,11.69,"March 09, 21",0.0468,LFCR
2021-03-08,11.2,11.32,10.88,11.16,11.16,93000,93000,-0.04,-0.35714,11.12,"March 08, 21",-0.0035714,LFCR
2021-03-05,11.21,11.21,10.93,11.12,11.12,95700,95700,-0.09,-0.80285,11.09,"March 05, 21",-0.0080285,LFCR
2021-03-04,11.37,11.48,10.99,11.07,11.07,64900,64900,-0.3,-2.64,11.18,"March 04, 21",-0.0264,LFCR
2021-03-03,11.24,11.47,10.91,11.35,11.35,50300,50300,0.11,0.97865,11.24,"March 03, 21",0.0097865,LFCR
2021-03-02,11.21,11.43,11.16,11.21,11.21,51100,51100,0.0,0.0,11.27,"March 02, 21",0.0,LFCR
2021-03-01,11.3,11.41,11.19,11.23,11.23,58800,58800,-0.07,-0.61947,11.28,"March 01, 21",-0.0061947,LFCR
2021-02-26,11.64,11.72,11.15,11.15,11.15,83300,83300,-0.49,-4.21,11.34,"February 26, 21",-0.0421,LFCR
2021-02-25,11.67,11.86,11.57,11.64,11.64,110500,110500,-0.03,-0.25707,11.69,"February 25, 21",-0.0025707,LFCR
2021-02-24,11.29,11.78,11.1,11.75,11.75,128200,128200,0.46,4.07,11.54,"February 24, 21",0.0407,LFCR
2021-02-23,11.56,11.56,10.99,11.25,11.25,87500,87500,-0.31,-2.68,11.27,"February 23, 21",-0.0268,LFCR
2021-02-22,11.37,11.63,11.27,11.56,11.56,50100,50100,0.19,1.67,11.49,"February 22, 21",0.0167,LFCR
2021-02-19,11.46,11.6,11.28,11.36,11.36,70400,70400,-0.1,-0.8726,11.41,"February 19, 21",-0.008726,LFCR
2021-02-18,11.74,11.74,11.36,11.44,11.44,96100,96100,-0.3,-2.56,11.51,"February 18, 21",-0.0256,LFCR
2021-02-17,11.99,12.07,11.64,11.74,11.74,70400,70400,-0.25,-2.09,11.82,"February 17, 21",-0.0209,LFCR
2021-02-16,12.07,12.19,11.82,12.05,12.05,185800,185800,-0.02,-0.1657,12.02,"February 16, 21",-0.001657,LFCR
2021-02-12,11.77,12.08,11.74,11.97,11.97,105900,105900,0.2,1.7,11.93,"February 12, 21",0.017,LFCR
2021-02-11,11.95,12.1,11.75,12.02,12.02,100700,100700,0.07,0.58577,11.96,"February 11, 21",0.0058577,LFCR
2021-02-10,12.11,12.19,11.53,11.93,11.93,117400,117400,-0.18,-1.49,11.88,"February 10, 21",-0.0149,LFCR
2021-02-09,11.43,12.19,11.35,12.01,12.01,188200,188200,0.58,5.07,11.85,"February 09, 21",0.0507,LFCR
2021-02-08,10.94,11.13,10.91,11.11,11.11,76700,76700,0.17,1.55,11.05,"February 08, 21",0.0155,LFCR
2021-02-05,11.21,11.21,10.81,10.95,10.95,56300,56300,-0.26,-2.32,10.99,"February 05, 21",-0.0232,LFCR
2021-02-04,11.0,11.15,10.83,11.13,11.13,50100,50100,0.13,1.18,11.04,"February 04, 21",0.0118,LFCR
2021-02-03,10.79,11.03,10.79,11.01,11.01,87900,87900,0.22,2.04,10.94,"February 03, 21",0.0204,LFCR
2021-02-02,10.56,11.0,10.48,10.86,10.86,113900,113900,0.3,2.84,10.78,"February 02, 21",0.0284,LFCR
2021-02-01,10.64,10.85,10.5,10.52,10.52,49600,49600,-0.12,-1.13,10.62,"February 01, 21",-0.0113,LFCR
2021-01-29,10.64,10.72,10.55,10.66,10.66,79000,79000,0.02,0.18797,10.64,"January 29, 21",0.0018797,LFCR
2021-01-28,10.86,10.88,10.44,10.68,10.68,113400,113400,-0.18,-1.66,10.67,"January 28, 21",-0.0166,LFCR
2021-01-27,10.78,10.94,10.55,10.77,10.77,110600,110600,-0.01,-0.09276438,10.75,"January 27, 21",-0.0009276438,LFCR
2021-01-26,11.45,11.59,10.77,10.97,10.97,154400,154400,-0.48,-4.19,11.11,"January 26, 21",-0.0419,LFCR
2021-01-25,11.27,11.56,11.15,11.35,11.35,135900,135900,0.08,0.70985,11.35,"January 25, 21",0.0070985,LFCR
2021-01-22,11.62,11.79,11.23,11.32,11.32,121100,121100,-0.3,-2.58,11.45,"January 22, 21",-0.0258,LFCR
2021-01-21,11.86,11.92,11.61,11.69,11.69,281800,281800,-0.17,-1.43,11.74,"January 21, 21",-0.0143,LFCR
2021-01-20,12.03,12.24,11.6,11.79,11.79,263000,263000,-0.24,-2.0,11.88,"January 20, 21",-0.02,LFCR
2021-01-19,10.85,11.2,10.7,11.18,11.18,264600,264600,0.33,3.04,11.03,"January 19, 21",0.0304,LFCR
2021-01-15,10.98,11.04,10.7,10.83,10.83,84600,84600,-0.15,-1.37,10.86,"January 15, 21",-0.0137,LFCR
2021-01-14,10.92,11.2,10.86,11.02,11.02,141200,141200,0.1,0.91575,11.03,"January 14, 21",0.0091575,LFCR
2021-01-13,10.54,10.96,10.39,10.83,10.83,198800,198800,0.29,2.75,10.73,"January 13, 21",0.0275,LFCR
2021-01-12,10.94,10.94,10.41,10.55,10.55,97400,97400,-0.39,-3.56,10.63,"January 12, 21",-0.0356,LFCR
2021-01-11,10.61,10.94,10.61,10.94,10.94,86000,86000,0.33,3.11,10.83,"January 11, 21",0.0311,LFCR
2021-01-08,10.88,11.0,10.6,10.74,10.74,118600,118600,-0.14,-1.29,10.78,"January 08, 21",-0.0129,LFCR
2021-01-07,11.23,11.23,10.24,10.8,10.8,254100,254100,-0.43,-3.83,10.76,"January 07, 21",-0.0383,LFCR
2021-01-06,11.2,11.66,11.04,11.27,11.27,221600,221600,0.07,0.625,11.32,"January 06, 21",0.00625,LFCR
2021-01-05,11.09,11.41,11.03,11.04,11.04,226400,226400,-0.05,-0.45086,11.16,"January 05, 21",-0.0045086,LFCR
2021-01-04,10.89,11.18,10.81,11.09,11.09,90800,90800,0.2,1.84,11.03,"January 04, 21",0.0184,LFCR
2020-12-31,10.61,10.91,10.58,10.85,10.85,150500,150500,0.24,2.26,10.78,"December 31, 20",0.0226,LFCR
2020-12-30,10.54,10.72,10.41,10.6,10.6,151600,151600,0.06,0.56926,10.58,"December 30, 20",0.0056926,LFCR
2020-12-29,10.63,10.72,10.45,10.47,10.47,67900,67900,-0.16,-1.51,10.55,"December 29, 20",-0.0151,LFCR
2020-12-28,10.16,10.63,10.16,10.58,10.58,137300,137300,0.42,4.13,10.46,"December 28, 20",0.0413,LFCR
2020-12-24,10.22,10.4,10.05,10.13,10.13,45200,45200,-0.09,-0.88063,10.19,"December 24, 20",-0.0088063,LFCR
2020-12-23,10.24,10.39,10.21,10.25,10.25,99300,99300,0.01,0.09765625,10.28,"December 23, 20",0.0009765625,LFCR
2020-12-22,10.53,10.92,10.2,10.23,10.23,165800,165800,-0.3,-2.85,10.45,"December 22, 20",-0.0285,LFCR
2020-12-21,10.73,10.93,10.45,10.51,10.51,228300,228300,-0.22,-2.05,10.63,"December 21, 20",-0.0205,LFCR
2020-12-18,11.11,11.11,10.9,10.94,10.94,563000,563000,-0.17,-1.53,10.98,"December 18, 20",-0.0153,LFCR
2020-12-17,11.02,11.27,10.92,11.03,11.03,258900,258900,0.01,0.0907441,11.07,"December 17, 20",0.000907441,LFCR
2020-12-16,11.41,11.41,10.92,10.99,10.99,108700,108700,-0.42,-3.68,11.11,"December 16, 20",-0.0368,LFCR
2020-12-15,11.74,11.74,11.3,11.34,11.34,70200,70200,-0.4,-3.41,11.46,"December 15, 20",-0.0341,LFCR
2020-12-14,11.71,11.89,11.63,11.64,11.64,72500,72500,-0.07,-0.59778,11.72,"December 14, 20",-0.0059778,LFCR
2020-12-11,11.71,11.81,11.41,11.77,11.77,218100,218100,0.06,0.51238,11.66,"December 11, 20",0.0051238,LFCR
2020-12-10,11.7,11.82,11.41,11.76,11.76,69700,69700,0.06,0.51282,11.66,"December 10, 20",0.0051282,LFCR
2020-12-09,11.31,11.72,11.18,11.7,11.7,94800,94800,0.39,3.45,11.53,"December 09, 20",0.0345,LFCR
2020-12-08,10.95,11.27,10.95,11.22,11.22,54300,54300,0.27,2.47,11.15,"December 08, 20",0.0247,LFCR
2020-12-07,11.14,11.15,10.97,11.04,11.04,88700,88700,-0.1,-0.89767,11.05,"December 07, 20",-0.0089767,LFCR
2020-12-04,11.03,11.17,10.81,11.1,11.1,145300,145300,0.07,0.63463,11.03,"December 04, 20",0.0063463,LFCR
2020-12-03,10.78,11.1,10.69,10.94,10.94,93400,93400,0.16,1.48,10.91,"December 03, 20",0.0148,LFCR
2020-12-02,10.5,10.84,10.31,10.75,10.75,92400,92400,0.25,2.38,10.63,"December 02, 20",0.0238,LFCR
2020-12-01,10.45,10.67,10.12,10.5,10.5,136300,136300,0.05,0.47847,10.43,"December 01, 20",0.0047847,LFCR
2020-11-30,10.3,10.45,9.99,10.35,10.35,170600,170600,0.05,0.48544,10.26,"November 30, 20",0.0048544,LFCR
2020-11-27,10.52,10.65,10.2,10.32,10.32,35500,35500,-0.2,-1.9,10.39,"November 27, 20",-0.019,LFCR
2020-11-25,10.35,10.73,10.27,10.56,10.56,190600,190600,0.21,2.03,10.52,"November 25, 20",0.0203,LFCR
2020-11-24,10.24,10.49,10.18,10.41,10.41,84800,84800,0.17,1.66,10.36,"November 24, 20",0.0166,LFCR
2020-11-23,10.21,10.27,10.1,10.21,10.21,80600,80600,0.0,0.0,10.19,"November 23, 20",0.0,LFCR
2020-11-20,10.19,10.26,10.0,10.21,10.21,105400,105400,0.02,0.19627,10.16,"November 20, 20",0.0019627,LFCR
2020-11-19,10.12,10.33,9.95,10.3,10.3,81200,81200,0.18,1.78,10.19,"November 19, 20",0.0178,LFCR
2020-11-18,10.3,10.46,10.15,10.17,10.17,102600,102600,-0.13,-1.26,10.26,"November 18, 20",-0.0126,LFCR
2020-11-17,10.21,10.34,10.06,10.25,10.25,71200,71200,0.04,0.39177,10.22,"November 17, 20",0.0039177,LFCR
2020-11-16,9.98,10.3,9.97,10.21,10.21,128300,128300,0.23,2.3,10.16,"November 16, 20",0.023,LFCR
2020-11-13,9.76,9.94,9.62,9.85,9.85,73700,73700,0.09,0.92213,9.8,"November 13, 20",0.0092213,LFCR
2020-11-12,9.78,9.81,9.55,9.66,9.66,121900,121900,-0.12,-1.23,9.67,"November 12, 20",-0.0123,LFCR
2020-11-11,9.72,9.88,9.51,9.73,9.73,280400,280400,0.01,0.10288,9.71,"November 11, 20",0.0010288,LFCR
2020-11-10,9.42,9.71,9.2,9.63,9.63,252900,252900,0.21,2.23,9.51,"November 10, 20",0.0223,LFCR
2020-11-09,9.89,10.14,9.27,9.3,9.3,183000,183000,-0.59,-5.97,9.57,"November 09, 20",-0.0597,LFCR
2020-11-06,9.78,9.78,9.32,9.44,9.44,160100,160100,-0.34,-3.48,9.51,"November 06, 20",-0.0348,LFCR
2020-11-05,9.75,9.88,9.65,9.71,9.71,77400,77400,-0.04,-0.41026,9.75,"November 05, 20",-0.0041026,LFCR
2020-11-04,9.89,10.12,9.61,9.74,9.74,235800,235800,-0.15,-1.52,9.82,"November 04, 20",-0.0152,LFCR
2020-11-03,9.81,10.01,9.69,9.97,9.97,64500,64500,0.16,1.63,9.89,"November 03, 20",0.0163,LFCR
2020-11-02,9.71,9.78,9.6,9.64,9.64,138700,138700,-0.07,-0.72091,9.67,"November 02, 20",-0.0072091,LFCR
2020-10-30,9.69,9.69,9.53,9.61,9.61,113500,113500,-0.08,-0.82559,9.61,"October 30, 20",-0.0082559,LFCR
2020-10-29,9.69,9.8,9.54,9.71,9.71,90600,90600,0.02,0.2064,9.68,"October 29, 20",0.002064,LFCR
2020-10-28,9.96,10.2,9.56,9.76,9.76,109000,109000,-0.2,-2.01,9.84,"October 28, 20",-0.0201,LFCR
2020-10-27,10.09,10.37,10.07,10.15,10.15,157500,157500,0.06,0.59465,10.2,"October 27, 20",0.0059465,LFCR
2020-10-26,10.2,10.2,9.95,10.15,10.15,88900,88900,-0.05,-0.4902,10.1,"October 26, 20",-0.004902,LFCR
2020-10-23,10.09,10.36,9.99,10.25,10.25,78100,78100,0.16,1.59,10.2,"October 23, 20",0.0159,LFCR
2020-10-22,9.97,10.12,9.97,10.0,10.0,102400,102400,0.03,0.3009,10.03,"October 22, 20",0.003009,LFCR
2020-10-21,10.2,10.3,9.9,9.96,9.96,120100,120100,-0.24,-2.35,10.05,"October 21, 20",-0.0235,LFCR
2020-10-20,10.17,10.33,10.0,10.21,10.21,215800,215800,0.04,0.39331,10.18,"October 20, 20",0.0039331,LFCR
2020-10-19,10.49,10.56,10.06,10.09,10.09,79900,79900,-0.4,-3.81,10.24,"October 19, 20",-0.0381,LFCR
2020-10-16,10.46,10.73,10.3,10.43,10.43,340900,340900,-0.03,-0.28681,10.49,"October 16, 20",-0.0028681,LFCR
2020-10-15,10.35,10.77,10.27,10.36,10.36,152200,152200,0.01,0.09661836,10.47,"October 15, 20",0.0009661836,LFCR
2020-10-14,10.36,10.48,10.17,10.42,10.42,335900,335900,0.06,0.57915,10.36,"October 14, 20",0.0057915,LFCR
2020-10-13,10.15,10.38,10.04,10.28,10.28,53400,53400,0.13,1.28,10.23,"October 13, 20",0.0128,LFCR
2020-10-12,10.12,10.34,10.03,10.24,10.24,69800,69800,0.12,1.19,10.2,"October 12, 20",0.0119,LFCR
2020-10-09,9.97,10.13,9.95,10.06,10.06,61000,61000,0.09,0.90271,10.05,"October 09, 20",0.0090271,LFCR
2020-10-08,10.1,10.15,9.7,9.88,9.88,495700,495700,-0.22,-2.18,9.91,"October 08, 20",-0.0218,LFCR
2020-10-07,9.5,10.44,9.37,10.1,10.1,298600,298600,0.6,6.32,9.97,"October 07, 20",0.0632,LFCR
2020-10-06,10.14,10.69,10.0,10.52,10.52,295800,295800,0.38,3.75,10.4,"October 06, 20",0.0375,LFCR
2020-10-05,9.5,10.03,9.5,9.98,9.98,163800,163800,0.48,5.05,9.84,"October 05, 20",0.0505,LFCR
2020-10-02,9.55,9.6,9.33,9.43,9.43,131400,131400,-0.12,-1.26,9.45,"October 02, 20",-0.0126,LFCR
2020-10-01,9.81,9.81,9.41,9.62,9.62,71200,71200,-0.19,-1.94,9.61,"October 01, 20",-0.0194,LFCR
2020-09-30,9.67,9.91,9.61,9.72,9.72,62500,62500,0.05,0.51706,9.75,"September 30, 20",0.0051706,LFCR
2020-09-29,9.58,9.74,9.34,9.68,9.68,78000,78000,0.1,1.04,9.59,"September 29, 20",0.0104,LFCR
2020-09-28,9.42,9.75,9.38,9.64,9.64,116500,116500,0.22,2.34,9.59,"September 28, 20",0.0234,LFCR
2020-09-25,9.18,9.48,9.15,9.34,9.34,219600,219600,0.16,1.74,9.32,"September 25, 20",0.0174,LFCR
2020-09-24,9.42,9.43,9.14,9.18,9.18,183800,183800,-0.24,-2.55,9.25,"September 24, 20",-0.0255,LFCR
2020-09-23,9.7,9.76,9.3,9.36,9.36,194300,194300,-0.34,-3.51,9.47,"September 23, 20",-0.0351,LFCR
2020-09-22,9.56,9.73,9.45,9.67,9.67,73300,73300,0.11,1.15,9.62,"September 22, 20",0.0115,LFCR
2020-09-21,9.9,10.3,9.32,9.51,9.51,97600,97600,-0.39,-3.94,9.71,"September 21, 20",-0.0394,LFCR
2020-09-18,9.79,10.04,9.58,10.01,10.01,311800,311800,0.22,2.25,9.88,"September 18, 20",0.0225,LFCR
2020-09-17,9.82,9.82,9.53,9.68,9.68,201900,201900,-0.14,-1.43,9.68,"September 17, 20",-0.0143,LFCR
2020-09-16,9.74,9.93,9.72,9.82,9.82,69200,69200,0.08,0.82136,9.82,"September 16, 20",0.0082136,LFCR
2020-09-15,9.79,9.96,9.7,9.73,9.73,135800,135800,-0.06,-0.61287,9.8,"September 15, 20",-0.0061287,LFCR
2020-09-14,9.72,9.84,9.56,9.72,9.72,173000,173000,0.0,0.0,9.71,"September 14, 20",0.0,LFCR
2020-09-11,9.68,9.7,9.5,9.68,9.68,146300,146300,0.0,0.0,9.63,"September 11, 20",0.0,LFCR
2020-09-10,9.6,9.83,9.6,9.69,9.69,48900,48900,0.09,0.9375,9.71,"September 10, 20",0.009375,LFCR
2020-09-09,9.62,9.77,9.4,9.64,9.64,123600,123600,0.02,0.2079,9.6,"September 09, 20",0.002079,LFCR
2020-09-08,10.11,10.11,9.61,9.62,9.62,66800,66800,-0.49,-4.85,9.78,"September 08, 20",-0.0485,LFCR
2020-09-04,10.26,10.49,10.09,10.2,10.2,48200,48200,-0.06,-0.5848,10.26,"September 04, 20",-0.005848,LFCR
2020-09-03,10.44,10.44,10.15,10.19,10.19,70900,70900,-0.25,-2.39,10.26,"September 03, 20",-0.0239,LFCR
2020-09-02,10.39,10.46,10.26,10.39,10.39,201200,201200,0.0,0.0,10.37,"September 02, 20",0.0,LFCR
2020-09-01,10.21,10.56,10.21,10.41,10.41,94900,94900,0.2,1.96,10.39,"September 01, 20",0.0196,LFCR
2020-08-31,10.33,10.33,10.12,10.24,10.24,186700,186700,-0.09,-0.87125,10.23,"August 31, 20",-0.0087125,LFCR
2020-08-28,10.43,10.63,10.12,10.31,10.31,87300,87300,-0.12,-1.15,10.35,"August 28, 20",-0.0115,LFCR
2020-08-27,10.52,10.69,10.28,10.33,10.33,233600,233600,-0.19,-1.81,10.43,"August 27, 20",-0.0181,LFCR
2020-08-26,10.44,10.53,10.26,10.43,10.43,79500,79500,-0.01,-0.09578544,10.41,"August 26, 20",-0.0009578544,LFCR
2020-08-25,10.6,10.6,10.22,10.5,10.5,84400,84400,-0.1,-0.9434,10.44,"August 25, 20",-0.009434,LFCR
2020-08-24,9.74,10.62,9.74,10.45,10.45,119800,119800,0.71,7.29,10.27,"August 24, 20",0.0729,LFCR
2020-08-21,9.61,9.74,9.53,9.61,9.61,177600,177600,0.0,0.0,9.63,"August 21, 20",0.0,LFCR
2020-08-20,9.73,9.89,9.41,9.69,9.69,92900,92900,-0.04,-0.4111,9.66,"August 20, 20",-0.004111,LFCR
2020-08-19,9.41,9.87,9.18,9.83,9.83,266600,266600,0.42,4.46,9.63,"August 19, 20",0.0446,LFCR
2020-08-18,9.48,9.6,9.14,9.48,9.48,152600,152600,0.0,0.0,9.41,"August 18, 20",0.0,LFCR
2020-08-17,9.71,9.84,9.39,9.53,9.53,169600,169600,-0.18,-1.85,9.59,"August 17, 20",-0.0185,LFCR
2020-08-14,9.35,9.99,9.35,9.74,9.74,198100,198100,0.39,4.17,9.69,"August 14, 20",0.0417,LFCR
2020-08-13,9.17,9.56,9.04,9.41,9.41,145100,145100,0.24,2.62,9.34,"August 13, 20",0.0262,LFCR
2020-08-12,10.75,10.76,9.06,9.16,9.16,360000,360000,-1.59,-14.79,9.66,"August 12, 20",-0.1479,LFCR
2020-08-11,10.71,10.93,10.71,10.8,10.8,377500,377500,0.09,0.84034,10.81,"August 11, 20",0.0084034,LFCR
2020-08-10,10.19,10.77,9.1,10.7,10.7,198700,198700,0.51,5.0,10.19,"August 10, 20",0.05,LFCR
2020-08-07,10.25,10.4,9.71,10.32,10.32,89600,89600,0.07,0.68293,10.14,"August 07, 20",0.0068293,LFCR
2020-08-06,10.07,10.33,10.07,10.29,10.29,61100,61100,0.22,2.18,10.23,"August 06, 20",0.0218,LFCR
2020-08-05,9.89,10.15,9.75,10.11,10.11,159300,159300,0.22,2.22,10.0,"August 05, 20",0.0222,LFCR
2020-08-04,9.62,9.89,9.57,9.86,9.86,83600,83600,0.24,2.49,9.77,"August 04, 20",0.0249,LFCR
2020-08-03,9.43,9.68,9.17,9.6,9.6,103500,103500,0.17,1.8,9.48,"August 03, 20",0.018,LFCR
2020-07-31,9.58,9.65,9.28,9.44,9.44,157300,157300,-0.14,-1.46,9.46,"July 31, 20",-0.0146,LFCR
2020-07-30,9.82,9.88,9.62,9.66,9.66,143000,143000,-0.16,-1.63,9.72,"July 30, 20",-0.0163,LFCR
2020-07-29,9.78,10.03,9.71,9.93,9.93,132200,132200,0.15,1.53,9.89,"July 29, 20",0.0153,LFCR
2020-07-28,9.5,9.87,9.5,9.81,9.81,139200,139200,0.31,3.26,9.73,"July 28, 20",0.0326,LFCR
2020-07-27,9.41,9.51,9.38,9.49,9.49,463400,463400,0.08,0.85016,9.46,"July 27, 20",0.0085016,LFCR
2020-07-24,9.35,9.46,9.34,9.46,9.46,185100,185100,0.11,1.18,9.42,"July 24, 20",0.0118,LFCR
2020-07-23,9.26,9.56,8.55,9.4,9.4,173800,173800,0.14,1.51,9.17,"July 23, 20",0.0151,LFCR
2020-07-22,9.32,9.4,9.15,9.25,9.25,167300,167300,-0.07,-0.75107,9.27,"July 22, 20",-0.0075107,LFCR
2020-07-21,9.13,9.41,9.13,9.39,9.39,133600,133600,0.26,2.85,9.31,"July 21, 20",0.0285,LFCR
2020-07-20,9.12,9.38,9.04,9.14,9.14,118600,118600,0.02,0.2193,9.19,"July 20, 20",0.002193,LFCR
2020-07-17,9.02,9.38,9.02,9.2,9.2,119200,119200,0.18,2.0,9.2,"July 17, 20",0.02,LFCR
2020-07-16,8.83,9.2,8.33,9.15,9.15,218100,218100,0.32,3.62,8.89,"July 16, 20",0.0362,LFCR
2020-07-15,8.86,8.97,8.75,8.89,8.89,251700,251700,0.03,0.3386,8.87,"July 15, 20",0.003386,LFCR
2020-07-14,8.22,8.79,8.18,8.74,8.74,188900,188900,0.52,6.33,8.57,"July 14, 20",0.0633,LFCR
2020-07-13,8.04,8.34,7.95,8.2,8.2,161100,161100,0.16,1.99,8.16,"July 13, 20",0.0199,LFCR
2020-07-10,7.77,8.08,7.71,8.04,8.04,154700,154700,0.27,3.47,7.94,"July 10, 20",0.0347,LFCR
2020-07-09,7.85,8.03,7.59,7.78,7.78,186600,186600,-0.07,-0.89172,7.8,"July 09, 20",-0.0089172,LFCR
2020-07-08,8.1,8.18,7.92,7.97,7.97,202800,202800,-0.13,-1.6,8.02,"July 08, 20",-0.016,LFCR
2020-07-07,7.85,8.22,7.72,8.1,8.1,214000,214000,0.25,3.18,8.01,"July 07, 20",0.0318,LFCR
2020-07-06,7.71,7.95,7.64,7.9,7.9,163800,163800,0.19,2.46,7.83,"July 06, 20",0.0246,LFCR
2020-07-02,7.87,7.95,7.48,7.59,7.59,272500,272500,-0.28,-3.56,7.67,"July 02, 20",-0.0356,LFCR
2020-07-01,8.11,8.17,7.67,7.74,7.74,432000,432000,-0.37,-4.56,7.86,"July 01, 20",-0.0456,LFCR
2020-06-30,9.0,9.02,7.75,7.96,7.96,655300,655300,-1.04,-11.56,8.24,"June 30, 20",-0.1156,LFCR
2020-06-29,9.73,9.96,9.61,9.8,9.8,319100,319100,0.07,0.71942,9.79,"June 29, 20",0.0071942,LFCR
2020-06-26,9.72,10.01,9.55,9.62,9.62,225900,225900,-0.1,-1.03,9.73,"June 26, 20",-0.0103,LFCR
2020-06-25,9.91,10.06,9.68,9.78,9.78,102800,102800,-0.13,-1.31,9.84,"June 25, 20",-0.0131,LFCR
2020-06-24,9.9,10.02,9.77,9.96,9.96,137300,137300,0.06,0.60606,9.92,"June 24, 20",0.0060606,LFCR
2020-06-23,10.07,10.18,9.95,10.0,10.0,119900,119900,-0.07,-0.69513,10.04,"June 23, 20",-0.0069513,LFCR
2020-06-22,10.02,10.21,9.94,10.0,10.0,184300,184300,-0.02,-0.1996,10.05,"June 22, 20",-0.001996,LFCR
2020-06-19,10.02,10.09,9.83,10.02,10.02,275500,275500,0.0,0.0,9.98,"June 19, 20",0.0,LFCR
2020-06-18,9.77,10.06,9.77,10.01,10.01,413900,413900,0.24,2.46,9.95,"June 18, 20",0.0246,LFCR
2020-06-17,10.36,10.37,9.93,9.95,9.95,116600,116600,-0.41,-3.96,10.08,"June 17, 20",-0.0396,LFCR
2020-06-16,10.42,10.54,10.28,10.38,10.38,73800,73800,-0.04,-0.38388,10.4,"June 16, 20",-0.0038388,LFCR
2020-06-15,10.15,10.23,9.96,10.17,10.17,119400,119400,0.02,0.19704,10.12,"June 15, 20",0.0019704,LFCR
2020-06-12,10.31,10.48,10.0,10.41,10.41,203400,203400,0.1,0.96993,10.3,"June 12, 20",0.0096993,LFCR
2020-06-11,10.71,10.85,10.02,10.04,10.04,104000,104000,-0.67,-6.26,10.3,"June 11, 20",-0.0626,LFCR
2020-06-10,11.04,11.37,10.97,11.0,11.0,110600,110600,-0.04,-0.36232,11.11,"June 10, 20",-0.0036232,LFCR
2020-06-09,11.0,11.12,10.74,10.95,10.95,176600,176600,-0.05,-0.45455,10.94,"June 09, 20",-0.0045455,LFCR
2020-06-08,11.64,11.68,11.03,11.03,11.03,128600,128600,-0.61,-5.24,11.25,"June 08, 20",-0.0524,LFCR
2020-06-05,11.08,11.56,10.99,11.53,11.53,109900,109900,0.45,4.06,11.36,"June 05, 20",0.0406,LFCR
2020-06-04,10.86,10.99,10.75,10.9,10.9,71500,71500,0.04,0.36832,10.88,"June 04, 20",0.0036832,LFCR
2020-06-03,11.07,11.11,10.74,10.94,10.94,60100,60100,-0.13,-1.17,10.93,"June 03, 20",-0.0117,LFCR
2020-06-02,10.91,10.98,10.71,10.89,10.89,66100,66100,-0.02,-0.18332,10.86,"June 02, 20",-0.0018332,LFCR
2020-06-01,10.76,11.06,10.69,10.84,10.84,81200,81200,0.08,0.74349,10.86,"June 01, 20",0.0074349,LFCR
2020-05-29,10.92,11.0,10.46,10.67,10.67,122700,122700,-0.25,-2.29,10.71,"May 29, 20",-0.0229,LFCR
2020-05-28,11.32,11.55,10.97,10.99,10.99,140600,140600,-0.33,-2.92,11.17,"May 28, 20",-0.0292,LFCR
2020-05-27,10.94,11.28,10.71,11.2,11.2,94700,94700,0.26,2.38,11.06,"May 27, 20",0.0238,LFCR
2020-05-26,10.45,10.91,10.27,10.77,10.77,114800,114800,0.32,3.06,10.65,"May 26, 20",0.0306,LFCR
2020-05-22,10.19,10.19,9.96,10.11,10.11,49700,49700,-0.08,-0.78508,10.09,"May 22, 20",-0.0078508,LFCR
2020-05-21,10.25,10.39,10.18,10.19,10.19,67600,67600,-0.06,-0.58537,10.25,"May 21, 20",-0.0058537,LFCR
2020-05-20,10.13,10.4,10.04,10.3,10.3,74200,74200,0.17,1.68,10.25,"May 20, 20",0.0168,LFCR
2020-05-19,10.27,10.39,9.95,9.97,9.97,73900,73900,-0.3,-2.92,10.1,"May 19, 20",-0.0292,LFCR
2020-05-18,10.16,10.4,10.0,10.3,10.3,156300,156300,0.14,1.38,10.23,"May 18, 20",0.0138,LFCR
2020-05-15,9.95,10.04,9.82,9.86,9.86,88800,88800,-0.09,-0.90452,9.91,"May 15, 20",-0.0090452,LFCR
2020-05-14,10.32,10.47,9.78,9.91,9.91,113500,113500,-0.41,-3.97,10.05,"May 14, 20",-0.0397,LFCR
2020-05-13,10.8,10.99,10.36,10.5,10.5,80100,80100,-0.3,-2.78,10.62,"May 13, 20",-0.0278,LFCR
2020-05-12,10.89,11.03,10.68,10.75,10.75,113700,113700,-0.14,-1.29,10.82,"May 12, 20",-0.0129,LFCR
2020-05-11,10.64,11.04,10.39,10.91,10.91,140200,140200,0.27,2.54,10.78,"May 11, 20",0.0254,LFCR
2020-05-08,10.51,11.36,10.44,10.73,10.73,121100,121100,0.22,2.09,10.84,"May 08, 20",0.0209,LFCR
2020-05-07,10.46,10.7,10.26,10.34,10.34,110400,110400,-0.12,-1.15,10.43,"May 07, 20",-0.0115,LFCR
2020-05-06,10.64,10.75,10.39,10.44,10.44,75000,75000,-0.2,-1.88,10.53,"May 06, 20",-0.0188,LFCR
2020-05-05,11.0,11.15,10.65,10.68,10.68,91800,91800,-0.32,-2.91,10.83,"May 05, 20",-0.0291,LFCR
2020-05-04,11.0,11.46,10.71,10.98,10.98,111900,111900,-0.02,-0.18182,11.05,"May 04, 20",-0.0018182,LFCR
2020-05-01,11.05,11.28,10.95,11.09,11.09,174600,174600,0.04,0.36199,11.11,"May 01, 20",0.0036199,LFCR
2020-04-30,11.45,11.45,10.97,11.15,11.15,128400,128400,-0.3,-2.62,11.19,"April 30, 20",-0.0262,LFCR
2020-04-29,11.37,11.75,11.12,11.54,11.54,195900,195900,0.17,1.5,11.47,"April 29, 20",0.015,LFCR
2020-04-28,11.06,11.24,10.56,11.14,11.14,139300,139300,0.08,0.72333,10.98,"April 28, 20",0.0072333,LFCR
2020-04-27,10.35,11.05,10.25,10.86,10.86,221800,221800,0.51,4.93,10.72,"April 27, 20",0.0493,LFCR
2020-04-24,10.61,10.61,10.16,10.28,10.28,128900,128900,-0.33,-3.11,10.35,"April 24, 20",-0.0311,LFCR
2020-04-23,10.48,10.89,10.36,10.61,10.61,180900,180900,0.13,1.24,10.62,"April 23, 20",0.0124,LFCR
2020-04-22,10.25,10.53,10.12,10.44,10.44,197600,197600,0.19,1.85,10.36,"April 22, 20",0.0185,LFCR
2020-04-21,9.84,10.51,9.56,10.16,10.16,370100,370100,0.32,3.25,10.08,"April 21, 20",0.0325,LFCR
2020-04-20,9.56,10.02,9.4,9.67,9.67,196400,196400,0.11,1.15,9.7,"April 20, 20",0.0115,LFCR
2020-04-17,9.66,10.08,9.49,9.73,9.73,301200,301200,0.07,0.72464,9.77,"April 17, 20",0.0072464,LFCR
2020-04-16,9.75,9.93,9.4,9.5,9.5,178400,178400,-0.25,-2.56,9.61,"April 16, 20",-0.0256,LFCR
2020-04-15,9.67,9.86,9.53,9.74,9.74,228600,228600,0.07,0.72389,9.71,"April 15, 20",0.0072389,LFCR
2020-04-14,9.78,10.18,9.78,9.92,9.92,208900,208900,0.14,1.43,9.96,"April 14, 20",0.0143,LFCR
2020-04-13,10.1,10.22,9.53,9.6,9.6,127100,127100,-0.5,-4.95,9.78,"April 13, 20",-0.0495,LFCR
2020-04-09,10.03,10.21,9.98,10.13,10.13,238100,238100,0.1,0.99701,10.11,"April 09, 20",0.0099701,LFCR
2020-04-08,9.95,10.22,9.77,9.92,9.92,157700,157700,-0.03,-0.30151,9.97,"April 08, 20",-0.0030151,LFCR
2020-04-07,9.9,10.16,9.63,9.8,9.8,166100,166100,-0.1,-1.01,9.86,"April 07, 20",-0.0101,LFCR
2020-04-06,9.98,10.2,9.63,9.76,9.76,227500,227500,-0.22,-2.2,9.86,"April 06, 20",-0.022,LFCR
2020-04-03,9.63,10.02,9.34,9.79,9.79,197100,197100,0.16,1.66,9.72,"April 03, 20",0.0166,LFCR
2020-04-02,9.74,10.0,9.25,9.66,9.66,277900,277900,-0.08,-0.82136,9.64,"April 02, 20",-0.0082136,LFCR
2020-04-01,9.12,9.84,8.35,9.77,9.77,413300,413300,0.65,7.13,9.32,"April 01, 20",0.0713,LFCR
2020-03-31,8.56,9.08,8.5,8.69,8.69,302900,302900,0.13,1.52,8.76,"March 31, 20",0.0152,LFCR
2020-03-30,7.94,8.47,7.64,8.47,8.47,168600,168600,0.53,6.68,8.19,"March 30, 20",0.0668,LFCR
2020-03-27,7.75,8.09,7.61,7.85,7.85,171500,171500,0.1,1.29,7.85,"March 27, 20",0.0129,LFCR
2020-03-26,7.74,7.85,7.58,7.84,7.84,206000,206000,0.1,1.29,7.76,"March 26, 20",0.0129,LFCR
2020-03-25,8.08,8.09,7.53,7.69,7.69,233700,233700,-0.39,-4.83,7.77,"March 25, 20",-0.0483,LFCR
2020-03-24,8.43,8.54,7.9,8.1,8.1,193900,193900,-0.33,-3.91,8.18,"March 24, 20",-0.0391,LFCR
2020-03-23,8.47,8.82,7.8,8.12,8.12,197000,197000,-0.35,-4.13,8.25,"March 23, 20",-0.0413,LFCR
2020-03-20,8.69,8.93,7.97,8.41,8.41,314200,314200,-0.28,-3.22,8.44,"March 20, 20",-0.0322,LFCR
2020-03-19,8.66,9.04,8.21,8.47,8.47,135200,135200,-0.19,-2.19,8.57,"March 19, 20",-0.0219,LFCR
2020-03-18,9.06,9.09,8.47,8.67,8.67,229600,229600,-0.39,-4.3,8.74,"March 18, 20",-0.043,LFCR
2020-03-17,8.9,9.42,8.74,9.33,9.33,229000,229000,0.43,4.83,9.16,"March 17, 20",0.0483,LFCR
2020-03-16,9.09,9.25,8.09,8.81,8.81,214000,214000,-0.28,-3.08,8.72,"March 16, 20",-0.0308,LFCR
2020-03-13,9.26,9.71,8.95,9.63,9.63,365700,365700,0.37,4.0,9.43,"March 13, 20",0.04,LFCR
2020-03-12,9.23,9.48,8.85,9.0,9.0,239100,239100,-0.23,-2.49,9.11,"March 12, 20",-0.0249,LFCR
2020-03-11,9.59,9.61,9.41,9.54,9.54,177900,177900,-0.05,-0.52138,9.52,"March 11, 20",-0.0052138,LFCR
2020-03-10,9.56,9.84,9.39,9.74,9.74,141200,141200,0.18,1.88,9.66,"March 10, 20",0.0188,LFCR
2020-03-09,9.6,9.6,9.3,9.4,9.4,163300,163300,-0.2,-2.08,9.43,"March 09, 20",-0.0208,LFCR
2020-03-06,9.57,9.99,9.5,9.95,9.95,148200,148200,0.38,3.97,9.81,"March 06, 20",0.0397,LFCR
2020-03-05,9.91,9.92,9.6,9.79,9.79,167700,167700,-0.12,-1.21,9.77,"March 05, 20",-0.0121,LFCR
2020-03-04,10.04,10.16,9.87,10.05,10.05,80800,80800,0.01,0.09960159,10.03,"March 04, 20",0.0009960159,LFCR
2020-03-03,10.34,10.34,9.78,9.87,9.87,295100,295100,-0.47,-4.55,10.0,"March 03, 20",-0.0455,LFCR
2020-03-02,10.25,10.46,10.16,10.38,10.38,149700,149700,0.13,1.27,10.33,"March 02, 20",0.0127,LFCR
2020-02-28,11.05,11.12,10.09,10.26,10.26,438400,438400,-0.79,-7.15,10.49,"February 28, 20",-0.0715,LFCR
2020-02-27,11.2,11.34,11.1,11.25,11.25,374400,374400,0.05,0.44643,11.23,"February 27, 20",0.0044643,LFCR
2020-02-26,11.39,11.53,11.22,11.26,11.26,83200,83200,-0.13,-1.14,11.34,"February 26, 20",-0.0114,LFCR
2020-02-25,11.64,11.81,11.3,11.34,11.34,63000,63000,-0.3,-2.58,11.48,"February 25, 20",-0.0258,LFCR
2020-02-24,11.41,11.69,11.37,11.64,11.64,109200,109200,0.23,2.02,11.57,"February 24, 20",0.0202,LFCR
2020-02-21,11.67,11.72,11.52,11.62,11.62,105600,105600,-0.05,-0.42845,11.62,"February 21, 20",-0.0042845,LFCR
2020-02-20,11.65,11.84,11.54,11.65,11.65,165600,165600,0.0,0.0,11.68,"February 20, 20",0.0,LFCR
2020-02-19,11.61,11.82,11.59,11.68,11.68,128600,128600,0.07,0.60293,11.7,"February 19, 20",0.0060293,LFCR
2020-02-18,11.43,11.84,11.43,11.57,11.57,174900,174900,0.14,1.22,11.61,"February 18, 20",0.0122,LFCR
2020-02-14,11.42,11.48,11.35,11.45,11.45,57700,57700,0.03,0.2627,11.43,"February 14, 20",0.002627,LFCR
2020-02-13,11.33,11.49,11.26,11.38,11.38,210400,210400,0.05,0.44131,11.38,"February 13, 20",0.0044131,LFCR
2020-02-12,11.44,11.49,11.26,11.33,11.33,139600,139600,-0.11,-0.96154,11.36,"February 12, 20",-0.0096154,LFCR
2020-02-11,11.72,11.72,11.35,11.37,11.37,80100,80100,-0.35,-2.99,11.48,"February 11, 20",-0.0299,LFCR
2020-02-10,11.54,11.78,11.47,11.66,11.66,74100,74100,0.12,1.04,11.64,"February 10, 20",0.0104,LFCR
2020-02-07,11.58,11.64,11.42,11.55,11.55,65800,65800,-0.03,-0.25907,11.54,"February 07, 20",-0.0025907,LFCR
2020-02-06,11.45,11.8,11.45,11.62,11.62,99500,99500,0.17,1.48,11.62,"February 06, 20",0.0148,LFCR
2020-02-05,11.31,11.53,11.31,11.51,11.51,97000,97000,0.2,1.77,11.45,"February 05, 20",0.0177,LFCR
2020-02-04,11.37,11.42,11.2,11.3,11.3,136100,136100,-0.07,-0.61566,11.31,"February 04, 20",-0.0061566,LFCR
2020-02-03,11.24,11.44,11.23,11.33,11.33,76100,76100,0.09,0.80071,11.33,"February 03, 20",0.0080071,LFCR
2020-01-31,11.21,11.3,11.15,11.2,11.2,86300,86300,-0.01,-0.08920607,11.22,"January 31, 20",-0.0008920607,LFCR
2020-01-30,11.3,11.38,11.11,11.23,11.23,86300,86300,-0.07,-0.61947,11.24,"January 30, 20",-0.0061947,LFCR
2020-01-29,11.45,11.45,11.32,11.36,11.36,38200,38200,-0.09,-0.78603,11.38,"January 29, 20",-0.0078603,LFCR
2020-01-28,11.37,11.55,11.31,11.44,11.44,82600,82600,0.07,0.61566,11.43,"January 28, 20",0.0061566,LFCR
2020-01-27,11.3,11.45,11.3,11.37,11.37,86400,86400,0.07,0.61947,11.37,"January 27, 20",0.0061947,LFCR
2020-01-24,11.45,11.53,11.41,11.42,11.42,61300,61300,-0.03,-0.26201,11.45,"January 24, 20",-0.0026201,LFCR
2020-01-23,11.55,11.55,11.31,11.42,11.42,174500,174500,-0.13,-1.13,11.43,"January 23, 20",-0.0113,LFCR
2020-01-22,11.41,11.69,11.36,11.61,11.61,50300,50300,0.2,1.75,11.55,"January 22, 20",0.0175,LFCR
2020-01-21,11.32,11.44,11.29,11.39,11.39,177900,177900,0.07,0.61837,11.37,"January 21, 20",0.0061837,LFCR
2020-01-17,11.4,11.5,11.2,11.36,11.36,226900,226900,-0.04,-0.35088,11.35,"January 17, 20",-0.0035088,LFCR
2020-01-16,11.16,11.21,11.0,11.12,11.12,201000,201000,-0.04,-0.35842,11.11,"January 16, 20",-0.0035842,LFCR
2020-01-15,11.07,11.16,10.98,11.09,11.09,251700,251700,0.02,0.18067,11.08,"January 15, 20",0.0018067,LFCR
2020-01-14,11.02,11.11,10.91,11.06,11.06,167500,167500,0.04,0.36298,11.03,"January 14, 20",0.0036298,LFCR
2020-01-13,10.51,11.07,10.48,11.01,11.01,203900,203900,0.5,4.76,10.85,"January 13, 20",0.0476,LFCR
2020-01-10,10.5,10.55,10.23,10.46,10.46,300700,300700,-0.04,-0.38095,10.41,"January 10, 20",-0.0038095,LFCR
2020-01-09,10.22,10.51,10.22,10.45,10.45,137700,137700,0.23,2.25,10.39,"January 09, 20",0.0225,LFCR
2020-01-08,10.16,10.39,10.0,10.28,10.28,350500,350500,0.12,1.18,10.22,"January 08, 20",0.0118,LFCR
2020-01-07,10.0,10.15,10.0,10.12,10.12,263300,263300,0.12,1.2,10.09,"January 07, 20",0.012,LFCR
2020-01-06,9.88,10.08,9.78,10.03,10.03,300400,300400,0.15,1.52,9.96,"January 06, 20",0.0152,LFCR
2020-01-03,9.5,10.9,9.48,10.03,10.03,1102600,1102600,0.53,5.58,10.14,"January 03, 20",0.0558,LFCR
2020-01-02,11.43,11.43,10.68,11.17,11.17,278700,278700,-0.26,-2.27,11.09,"January 02, 20",-0.0227,LFCR
2019-12-31,11.17,11.43,11.17,11.31,11.31,68600,68600,0.14,1.25,11.3,"December 31, 19",0.0125,LFCR
2019-12-30,11.47,11.49,11.09,11.17,11.17,144400,144400,-0.3,-2.62,11.25,"December 30, 19",-0.0262,LFCR
2019-12-27,11.52,11.83,11.42,11.47,11.47,71700,71700,-0.05,-0.43403,11.57,"December 27, 19",-0.0043403,LFCR
2019-12-26,11.57,11.7,11.48,11.61,11.61,33600,33600,0.04,0.34572,11.6,"December 26, 19",0.0034572,LFCR
2019-12-24,11.38,11.7,11.38,11.57,11.57,34700,34700,0.19,1.67,11.55,"December 24, 19",0.0167,LFCR
2019-12-23,11.58,11.58,11.31,11.37,11.37,79400,79400,-0.21,-1.81,11.42,"December 23, 19",-0.0181,LFCR
2019-12-20,11.77,11.87,11.49,11.56,11.56,259100,259100,-0.21,-1.78,11.64,"December 20, 19",-0.0178,LFCR
2019-12-19,11.93,12.09,11.74,11.77,11.77,82300,82300,-0.16,-1.34,11.87,"December 19, 19",-0.0134,LFCR
2019-12-18,11.63,11.91,11.6,11.89,11.89,61100,61100,0.26,2.24,11.8,"December 18, 19",0.0224,LFCR
2019-12-17,11.35,11.67,11.28,11.57,11.57,217700,217700,0.22,1.94,11.51,"December 17, 19",0.0194,LFCR
2019-12-16,11.44,11.63,11.33,11.37,11.37,54000,54000,-0.07,-0.61189,11.44,"December 16, 19",-0.0061189,LFCR
2019-12-13,11.52,11.6,11.36,11.42,11.42,51500,51500,-0.1,-0.86806,11.46,"December 13, 19",-0.0086806,LFCR
2019-12-12,11.48,11.65,11.48,11.55,11.55,55100,55100,0.07,0.60976,11.56,"December 12, 19",0.0060976,LFCR
2019-12-11,11.18,11.55,11.18,11.53,11.53,117900,117900,0.35,3.13,11.42,"December 11, 19",0.0313,LFCR
2019-12-10,11.3,11.42,11.16,11.18,11.18,45700,45700,-0.12,-1.06,11.25,"December 10, 19",-0.0106,LFCR
2019-12-09,11.08,11.36,10.98,11.33,11.33,150300,150300,0.25,2.26,11.22,"December 09, 19",0.0226,LFCR
2019-12-06,11.21,11.29,11.08,11.11,11.11,91500,91500,-0.1,-0.89206,11.16,"December 06, 19",-0.0089206,LFCR
2019-12-05,11.33,11.38,11.12,11.18,11.18,89000,89000,-0.15,-1.32,11.23,"December 05, 19",-0.0132,LFCR
2019-12-04,11.4,11.49,11.21,11.26,11.26,90500,90500,-0.14,-1.23,11.32,"December 04, 19",-0.0123,LFCR
2019-12-03,11.31,11.34,11.14,11.3,11.3,51200,51200,-0.01,-0.08841733,11.26,"December 03, 19",-0.0008841733,LFCR
2019-12-02,11.49,11.5,11.31,11.36,11.36,70100,70100,-0.13,-1.13,11.39,"December 02, 19",-0.0113,LFCR
2019-11-29,11.25,11.47,11.1,11.46,11.46,29900,29900,0.21,1.87,11.34,"November 29, 19",0.0187,LFCR
2019-11-27,11.36,11.4,11.14,11.33,11.33,36700,36700,-0.03,-0.26408,11.29,"November 27, 19",-0.0026408,LFCR
2019-11-26,11.37,11.57,11.29,11.32,11.32,108400,108400,-0.05,-0.43975,11.39,"November 26, 19",-0.0043975,LFCR
2019-11-25,11.2,11.35,11.06,11.33,11.33,150300,150300,0.13,1.16,11.25,"November 25, 19",0.0116,LFCR
2019-11-22,11.23,11.29,11.1,11.24,11.24,28500,28500,0.01,0.0890472,11.21,"November 22, 19",0.000890472,LFCR
2019-11-21,10.97,11.16,10.94,11.15,11.15,65700,65700,0.18,1.64,11.08,"November 21, 19",0.0164,LFCR
2019-11-20,11.03,11.06,10.91,10.99,10.99,102400,102400,-0.04,-0.36265,10.99,"November 20, 19",-0.0036265,LFCR
2019-11-19,11.21,11.26,11.07,11.1,11.1,85700,85700,-0.11,-0.98127,11.14,"November 19, 19",-0.0098127,LFCR
2019-11-18,10.92,11.18,10.88,11.14,11.14,100300,100300,0.22,2.01,11.07,"November 18, 19",0.0201,LFCR
2019-11-15,11.08,11.08,10.87,10.91,10.91,73500,73500,-0.17,-1.53,10.95,"November 15, 19",-0.0153,LFCR
2019-11-14,10.9,11.08,10.83,11.01,11.01,73800,73800,0.11,1.01,10.97,"November 14, 19",0.0101,LFCR
2019-11-13,10.62,10.98,10.58,10.88,10.88,74400,74400,0.26,2.45,10.81,"November 13, 19",0.0245,LFCR
2019-11-12,10.39,10.69,10.27,10.68,10.68,64500,64500,0.29,2.79,10.55,"November 12, 19",0.0279,LFCR
2019-11-11,10.75,10.85,10.4,10.42,10.42,56300,56300,-0.33,-3.07,10.56,"November 11, 19",-0.0307,LFCR
2019-11-08,10.73,10.94,10.72,10.9,10.9,80100,80100,0.17,1.58,10.85,"November 08, 19",0.0158,LFCR
2019-11-07,11.0,11.0,9.62,10.83,10.83,86700,86700,-0.17,-1.55,10.48,"November 07, 19",-0.0155,LFCR
2019-11-06,10.7,10.96,10.7,10.8,10.8,124500,124500,0.1,0.93458,10.82,"November 06, 19",0.0093458,LFCR
2019-11-05,10.25,10.73,10.25,10.7,10.7,127600,127600,0.45,4.39,10.56,"November 05, 19",0.0439,LFCR
2019-11-04,10.08,10.3,10.02,10.29,10.29,96500,96500,0.21,2.08,10.2,"November 04, 19",0.0208,LFCR
2019-11-01,9.9,10.11,9.9,10.04,10.04,89900,89900,0.14,1.41,10.02,"November 01, 19",0.0141,LFCR
2019-10-31,9.65,9.87,9.55,9.85,9.85,85700,85700,0.2,2.07,9.76,"October 31, 19",0.0207,LFCR
2019-10-30,9.68,9.74,9.52,9.7,9.7,77800,77800,0.02,0.20661,9.65,"October 30, 19",0.0020661,LFCR
2019-10-29,9.48,9.78,9.45,9.73,9.73,85600,85600,0.25,2.64,9.65,"October 29, 19",0.0264,LFCR
2019-10-28,9.33,9.5,9.3,9.47,9.47,71200,71200,0.14,1.5,9.42,"October 28, 19",0.015,LFCR
2019-10-25,9.28,9.4,9.21,9.32,9.32,71800,71800,0.04,0.43103,9.31,"October 25, 19",0.0043103,LFCR
2019-10-24,9.31,9.4,9.15,9.33,9.33,116200,116200,0.02,0.21482,9.29,"October 24, 19",0.0021482,LFCR
2019-10-23,9.37,9.37,9.21,9.33,9.33,60000,60000,-0.04,-0.42689,9.3,"October 23, 19",-0.0042689,LFCR
2019-10-22,9.5,9.54,9.32,9.39,9.39,88000,88000,-0.11,-1.16,9.42,"October 22, 19",-0.0116,LFCR
2019-10-21,9.4,9.77,9.4,9.54,9.54,102000,102000,0.14,1.49,9.57,"October 21, 19",0.0149,LFCR
2019-10-18,9.2,9.48,9.2,9.4,9.4,233900,233900,0.2,2.17,9.36,"October 18, 19",0.0217,LFCR
2019-10-17,9.28,9.28,9.03,9.27,9.27,120100,120100,-0.01,-0.10776,9.19,"October 17, 19",-0.0010776,LFCR
2019-10-16,9.01,9.24,9.0,9.18,9.18,169000,169000,0.17,1.89,9.14,"October 16, 19",0.0189,LFCR
2019-10-15,9.19,9.22,9.03,9.09,9.09,145500,145500,-0.1,-1.09,9.11,"October 15, 19",-0.0109,LFCR
2019-10-14,9.4,9.49,9.06,9.19,9.19,244000,244000,-0.21,-2.23,9.25,"October 14, 19",-0.0223,LFCR
2019-10-11,9.64,9.71,9.44,9.46,9.46,243500,243500,-0.18,-1.87,9.54,"October 11, 19",-0.0187,LFCR
2019-10-10,10.1,10.1,9.55,9.59,9.59,147600,147600,-0.51,-5.05,9.75,"October 10, 19",-0.0505,LFCR
2019-10-09,10.01,10.23,9.94,10.16,10.16,209900,209900,0.15,1.5,10.11,"October 09, 19",0.015,LFCR
2019-10-08,9.99,10.06,9.82,9.89,9.89,167100,167100,-0.1,-1.0,9.92,"October 08, 19",-0.01,LFCR
2019-10-07,10.15,10.19,9.99,10.1,10.1,164300,164300,-0.05,-0.49261,10.09,"October 07, 19",-0.0049261,LFCR
2019-10-04,10.2,10.53,10.03,10.21,10.21,359000,359000,0.01,0.09803922,10.26,"October 04, 19",0.0009803922,LFCR
2019-10-03,10.41,10.7,10.14,10.2,10.2,229700,229700,-0.21,-2.02,10.35,"October 03, 19",-0.0202,LFCR
2019-10-02,10.75,11.38,10.17,10.48,10.48,345400,345400,-0.27,-2.51,10.68,"October 02, 19",-0.0251,LFCR
2019-10-01,10.9,11.1,10.69,10.76,10.76,109600,109600,-0.14,-1.28,10.85,"October 01, 19",-0.0128,LFCR
2019-09-30,10.64,10.98,10.55,10.87,10.87,121300,121300,0.23,2.16,10.8,"September 30, 19",0.0216,LFCR
2019-09-27,10.71,10.79,10.57,10.65,10.65,103300,103300,-0.06,-0.56022,10.67,"September 27, 19",-0.0056022,LFCR
2019-09-26,10.98,10.98,10.58,10.72,10.72,84800,84800,-0.26,-2.37,10.76,"September 26, 19",-0.0237,LFCR
2019-09-25,10.79,11.12,10.76,11.03,11.03,71500,71500,0.24,2.22,10.97,"September 25, 19",0.0222,LFCR
2019-09-24,10.89,10.9,10.7,10.76,10.76,127600,127600,-0.13,-1.19,10.79,"September 24, 19",-0.0119,LFCR
2019-09-23,10.68,10.97,10.65,10.86,10.86,183900,183900,0.18,1.69,10.83,"September 23, 19",0.0169,LFCR
2019-09-20,11.0,11.06,10.45,10.76,10.76,290800,290800,-0.24,-2.18,10.76,"September 20, 19",-0.0218,LFCR
2019-09-19,11.44,11.45,10.97,10.99,10.99,148400,148400,-0.45,-3.93,11.14,"September 19, 19",-0.0393,LFCR
2019-09-18,11.73,11.78,11.34,11.36,11.36,194500,194500,-0.37,-3.15,11.49,"September 18, 19",-0.0315,LFCR
2019-09-17,11.81,11.85,11.68,11.73,11.73,68000,68000,-0.08,-0.67739,11.75,"September 17, 19",-0.0067739,LFCR
2019-09-16,12.32,12.41,11.78,11.87,11.87,109400,109400,-0.45,-3.65,12.02,"September 16, 19",-0.0365,LFCR
2019-09-13,12.37,12.46,12.17,12.36,12.36,77800,77800,-0.01,-0.08084074,12.33,"September 13, 19",-0.0008084074,LFCR
2019-09-12,12.2,12.35,12.02,12.31,12.31,103900,103900,0.11,0.90164,12.23,"September 12, 19",0.0090164,LFCR
2019-09-11,11.65,12.16,11.65,12.16,12.16,129700,129700,0.51,4.38,11.99,"September 11, 19",0.0438,LFCR
2019-09-10,11.26,11.77,11.2,11.6,11.6,67400,67400,0.34,3.02,11.52,"September 10, 19",0.0302,LFCR
2019-09-09,11.21,11.34,11.07,11.28,11.28,142300,142300,0.07,0.62444,11.23,"September 09, 19",0.0062444,LFCR
2019-09-06,11.13,11.31,10.9,11.21,11.21,53700,53700,0.08,0.71878,11.14,"September 06, 19",0.0071878,LFCR
2019-09-05,11.17,11.34,11.04,11.11,11.11,98900,98900,-0.06,-0.53715,11.16,"September 05, 19",-0.0053715,LFCR
2019-09-04,11.21,11.25,11.04,11.15,11.15,93100,93100,-0.06,-0.53524,11.15,"September 04, 19",-0.0053524,LFCR
2019-09-03,11.17,11.3,10.28,11.2,11.2,172700,172700,0.03,0.26858,10.93,"September 03, 19",0.0026858,LFCR
2019-08-30,10.97,11.05,10.95,10.99,10.99,65700,65700,0.02,0.18232,11.0,"August 30, 19",0.0018232,LFCR
2019-08-29,10.95,11.09,10.95,11.01,11.01,44900,44900,0.06,0.54795,11.02,"August 29, 19",0.0054795,LFCR
2019-08-28,10.84,10.97,10.84,10.94,10.94,58700,58700,0.1,0.92251,10.92,"August 28, 19",0.0092251,LFCR
2019-08-27,11.1,11.1,10.82,10.86,10.86,83900,83900,-0.24,-2.16,10.93,"August 27, 19",-0.0216,LFCR
2019-08-26,10.99,11.11,10.81,11.11,11.11,69700,69700,0.12,1.09,11.01,"August 26, 19",0.0109,LFCR
2019-08-23,11.09,11.09,9.73,10.9,10.9,155700,155700,-0.19,-1.71,10.57,"August 23, 19",-0.0171,LFCR
2019-08-22,11.06,11.12,10.96,10.97,10.97,98200,98200,-0.09,-0.81374,11.02,"August 22, 19",-0.0081374,LFCR
2019-08-21,10.98,11.07,10.86,11.05,11.05,95300,95300,0.07,0.63752,10.99,"August 21, 19",0.0063752,LFCR
2019-08-20,11.07,11.07,10.87,10.92,10.92,36800,36800,-0.15,-1.36,10.95,"August 20, 19",-0.0136,LFCR
2019-08-19,10.96,11.11,10.83,11.11,11.11,44000,44000,0.15,1.37,11.02,"August 19, 19",0.0137,LFCR
2019-08-16,10.49,10.9,10.39,10.88,10.88,200800,200800,0.39,3.72,10.72,"August 16, 19",0.0372,LFCR
2019-08-15,10.55,10.55,10.24,10.43,10.43,76400,76400,-0.12,-1.14,10.41,"August 15, 19",-0.0114,LFCR
2019-08-14,10.66,10.66,10.33,10.51,10.51,190200,190200,-0.15,-1.41,10.5,"August 14, 19",-0.0141,LFCR
2019-08-13,10.99,11.02,10.71,10.77,10.77,83400,83400,-0.22,-2.0,10.83,"August 13, 19",-0.02,LFCR
2019-08-12,11.17,11.19,10.99,11.09,11.09,51100,51100,-0.08,-0.7162,11.09,"August 12, 19",-0.007162,LFCR
2019-08-09,11.34,11.4,11.06,11.23,11.23,64100,64100,-0.11,-0.97002,11.23,"August 09, 19",-0.0097002,LFCR
2019-08-08,10.93,11.44,10.93,11.4,11.4,146900,146900,0.47,4.3,11.26,"August 08, 19",0.043,LFCR
2019-08-07,10.81,10.91,10.72,10.87,10.87,95300,95300,0.06,0.55504,10.83,"August 07, 19",0.0055504,LFCR
2019-08-06,10.74,10.87,10.54,10.81,10.81,136300,136300,0.07,0.65177,10.74,"August 06, 19",0.0065177,LFCR
2019-08-05,10.5,10.62,10.37,10.56,10.56,294800,294800,0.06,0.57143,10.52,"August 05, 19",0.0057143,LFCR
2019-08-02,10.83,10.92,10.49,10.5,10.5,124700,124700,-0.33,-3.05,10.64,"August 02, 19",-0.0305,LFCR
2019-08-01,11.09,11.46,10.87,10.92,10.92,187400,187400,-0.17,-1.53,11.08,"August 01, 19",-0.0153,LFCR
2019-07-31,11.2,11.51,10.9,11.17,11.17,436200,436200,-0.03,-0.26786,11.19,"July 31, 19",-0.0026786,LFCR
2019-07-30,10.52,10.89,10.47,10.83,10.83,128800,128800,0.31,2.95,10.73,"July 30, 19",0.0295,LFCR
2019-07-29,10.65,10.69,10.46,10.62,10.62,127700,127700,-0.03,-0.28169,10.59,"July 29, 19",-0.0028169,LFCR
2019-07-26,10.88,10.91,10.57,10.66,10.66,85800,85800,-0.22,-2.02,10.71,"July 26, 19",-0.0202,LFCR
2019-07-25,10.76,11.06,10.6,10.87,10.87,121900,121900,0.11,1.02,10.84,"July 25, 19",0.0102,LFCR
2019-07-24,10.58,10.82,10.58,10.76,10.76,114200,114200,0.18,1.7,10.72,"July 24, 19",0.017,LFCR
2019-07-23,10.78,10.91,10.45,10.66,10.66,220200,220200,-0.12,-1.11,10.67,"July 23, 19",-0.0111,LFCR
2019-07-22,10.54,10.75,10.4,10.74,10.74,108100,108100,0.2,1.9,10.63,"July 22, 19",0.019,LFCR
2019-07-19,10.65,10.7,10.47,10.5,10.5,125800,125800,-0.15,-1.41,10.56,"July 19, 19",-0.0141,LFCR
2019-07-18,10.67,10.8,10.54,10.72,10.72,83200,83200,0.05,0.4686,10.69,"July 18, 19",0.004686,LFCR
2019-07-17,10.5,10.69,10.42,10.63,10.63,94600,94600,0.13,1.24,10.58,"July 17, 19",0.0124,LFCR
2019-07-16,10.58,10.65,10.42,10.53,10.53,125600,125600,-0.05,-0.47259,10.53,"July 16, 19",-0.0047259,LFCR
2019-07-15,10.49,10.59,10.37,10.57,10.57,85200,85200,0.08,0.76263,10.51,"July 15, 19",0.0076263,LFCR
2019-07-12,10.43,10.61,10.42,10.51,10.51,76400,76400,0.08,0.76702,10.51,"July 12, 19",0.0076702,LFCR
2019-07-11,10.45,10.6,10.37,10.42,10.42,114200,114200,-0.03,-0.28708,10.46,"July 11, 19",-0.0028708,LFCR
2019-07-10,10.26,10.51,10.23,10.5,10.5,112500,112500,0.24,2.34,10.41,"July 10, 19",0.0234,LFCR
2019-07-09,10.32,10.44,10.18,10.29,10.29,87600,87600,-0.03,-0.2907,10.3,"July 09, 19",-0.002907,LFCR
2019-07-08,10.19,10.41,10.14,10.35,10.35,87200,87200,0.16,1.57,10.3,"July 08, 19",0.0157,LFCR
2019-07-05,9.91,10.29,9.91,10.24,10.24,105000,105000,0.33,3.33,10.15,"July 05, 19",0.0333,LFCR
2019-07-03,9.69,10.04,9.6,9.99,9.99,84400,84400,0.3,3.1,9.88,"July 03, 19",0.031,LFCR
2019-07-02,9.71,10.12,9.48,9.66,9.66,194400,194400,-0.05,-0.51493,9.75,"July 02, 19",-0.0051493,LFCR
2019-07-01,9.42,9.79,9.42,9.67,9.67,168600,168600,0.25,2.65,9.63,"July 01, 19",0.0265,LFCR
2019-06-28,9.46,9.74,9.35,9.37,9.37,337900,337900,-0.09,-0.95137,9.49,"June 28, 19",-0.0095137,LFCR
2019-06-27,9.4,9.49,9.3,9.46,9.46,99300,99300,0.06,0.6383,9.42,"June 27, 19",0.006383,LFCR
2019-06-26,9.55,9.68,9.27,9.39,9.39,136900,136900,-0.16,-1.68,9.45,"June 26, 19",-0.0168,LFCR
2019-06-25,9.49,9.7,9.47,9.56,9.56,213900,213900,0.07,0.73762,9.58,"June 25, 19",0.0073762,LFCR
2019-06-24,9.47,9.65,9.45,9.52,9.52,116900,116900,0.05,0.52798,9.54,"June 24, 19",0.0052798,LFCR
2019-06-21,9.5,9.59,9.3,9.47,9.47,144200,144200,-0.03,-0.31579,9.45,"June 21, 19",-0.0031579,LFCR
2019-06-20,9.38,9.71,9.32,9.67,9.67,117400,117400,0.29,3.09,9.57,"June 20, 19",0.0309,LFCR
2019-06-19,9.46,9.51,9.25,9.32,9.32,75600,75600,-0.14,-1.48,9.36,"June 19, 19",-0.0148,LFCR
2019-06-18,9.55,9.63,9.42,9.47,9.47,149400,149400,-0.08,-0.8377,9.51,"June 18, 19",-0.008377,LFCR
2019-06-17,9.51,9.54,9.34,9.51,9.51,154000,154000,0.0,0.0,9.46,"June 17, 19",0.0,LFCR
2019-06-14,9.55,9.62,9.47,9.53,9.53,83100,83100,-0.02,-0.20942,9.54,"June 14, 19",-0.0020942,LFCR
2019-06-13,9.51,9.63,9.41,9.57,9.57,92100,92100,0.06,0.63091,9.54,"June 13, 19",0.0063091,LFCR
2019-06-12,9.48,9.62,9.37,9.53,9.53,62200,62200,0.05,0.52743,9.51,"June 12, 19",0.0052743,LFCR
2019-06-11,9.57,9.66,9.42,9.51,9.51,69500,69500,-0.06,-0.62696,9.53,"June 11, 19",-0.0062696,LFCR
2019-06-10,9.5,9.67,9.5,9.56,9.56,79600,79600,0.06,0.63158,9.58,"June 10, 19",0.0063158,LFCR
2019-06-07,9.56,9.59,9.39,9.5,9.5,106800,106800,-0.06,-0.62762,9.49,"June 07, 19",-0.0062762,LFCR
2019-06-06,9.97,9.98,9.52,9.55,9.55,93800,93800,-0.42,-4.21,9.68,"June 06, 19",-0.0421,LFCR
2019-06-05,10.08,10.08,9.84,9.92,9.92,92500,92500,-0.16,-1.59,9.95,"June 05, 19",-0.0159,LFCR
2019-06-04,10.18,10.27,9.99,10.08,10.08,217900,217900,-0.1,-0.98232,10.11,"June 04, 19",-0.0098232,LFCR
2019-06-03,9.85,10.16,9.85,10.14,10.14,269500,269500,0.29,2.94,10.05,"June 03, 19",0.0294,LFCR
2019-05-31,9.77,10.0,9.75,9.92,9.92,186600,186600,0.15,1.54,9.89,"May 31, 19",0.0154,LFCR
2019-05-30,9.74,9.95,9.61,9.91,9.91,151500,151500,0.17,1.75,9.82,"May 30, 19",0.0175,LFCR
2019-05-29,9.99,10.0,9.39,9.57,9.57,171900,171900,-0.42,-4.2,9.65,"May 29, 19",-0.042,LFCR
2019-05-28,9.2,10.17,9.2,10.0,10.0,307400,307400,0.8,8.7,9.79,"May 28, 19",0.087,LFCR
2019-05-24,9.35,9.5,9.23,9.42,9.42,151800,151800,0.07,0.74866,9.38,"May 24, 19",0.0074866,LFCR
2019-05-23,9.55,9.55,9.02,9.35,9.35,182100,182100,-0.2,-2.09,9.31,"May 23, 19",-0.0209,LFCR
2019-05-22,9.62,9.72,9.49,9.66,9.66,151700,151700,0.04,0.4158,9.62,"May 22, 19",0.004158,LFCR
2019-05-21,9.7,9.76,9.55,9.64,9.64,92700,92700,-0.06,-0.61856,9.65,"May 21, 19",-0.0061856,LFCR
2019-05-20,9.84,9.84,9.61,9.67,9.67,87300,87300,-0.17,-1.73,9.71,"May 20, 19",-0.0173,LFCR
2019-05-17,10.01,10.15,9.87,9.87,9.87,57500,57500,-0.14,-1.4,9.96,"May 17, 19",-0.014,LFCR
2019-05-16,10.0,10.22,10.0,10.1,10.1,73900,73900,0.1,1.0,10.11,"May 16, 19",0.01,LFCR
2019-05-15,9.95,10.09,9.88,10.04,10.04,50100,50100,0.09,0.90452,10.0,"May 15, 19",0.0090452,LFCR
2019-05-14,9.79,10.12,9.76,10.0,10.0,156900,156900,0.21,2.15,9.96,"May 14, 19",0.0215,LFCR
2019-05-13,9.72,9.79,9.54,9.76,9.76,202500,202500,0.04,0.41152,9.7,"May 13, 19",0.0041152,LFCR
2019-05-10,9.96,10.09,9.73,9.85,9.85,151000,151000,-0.11,-1.1,9.89,"May 10, 19",-0.011,LFCR
2019-05-09,9.94,10.07,9.79,10.0,10.0,79700,79700,0.06,0.60362,9.95,"May 09, 19",0.0060362,LFCR
2019-05-08,10.33,10.33,9.94,9.99,9.99,85000,85000,-0.34,-3.29,10.09,"May 08, 19",-0.0329,LFCR
2019-05-07,10.33,10.5,10.18,10.33,10.33,310000,310000,0.0,0.0,10.34,"May 07, 19",0.0,LFCR
2019-05-06,10.12,10.46,10.1,10.44,10.44,179900,179900,0.32,3.16,10.33,"May 06, 19",0.0316,LFCR
2019-05-03,10.23,10.44,10.15,10.2,10.2,215700,215700,-0.03,-0.29326,10.26,"May 03, 19",-0.0029326,LFCR
2019-05-02,10.01,10.65,9.98,10.12,10.12,146400,146400,0.11,1.1,10.25,"May 02, 19",0.011,LFCR
2019-05-01,10.51,10.51,9.98,10.09,10.09,277600,277600,-0.42,-4.0,10.19,"May 01, 19",-0.04,LFCR
2019-04-30,10.34,10.54,10.24,10.51,10.51,126800,126800,0.17,1.64,10.43,"April 30, 19",0.0164,LFCR
2019-04-29,10.22,10.39,10.1,10.35,10.35,97000,97000,0.13,1.27,10.28,"April 29, 19",0.0127,LFCR
2019-04-26,10.24,10.24,10.05,10.2,10.2,64400,64400,-0.04,-0.39063,10.16,"April 26, 19",-0.0039063,LFCR
2019-04-25,10.39,10.52,10.2,10.23,10.23,379300,379300,-0.16,-1.54,10.32,"April 25, 19",-0.0154,LFCR
2019-04-24,10.44,10.53,10.27,10.41,10.41,359900,359900,-0.03,-0.28736,10.4,"April 24, 19",-0.0028736,LFCR
2019-04-23,10.17,10.49,10.15,10.43,10.43,129000,129000,0.26,2.56,10.36,"April 23, 19",0.0256,LFCR
2019-04-22,10.43,10.52,9.9,10.14,10.14,224000,224000,-0.29,-2.78,10.19,"April 22, 19",-0.0278,LFCR
2019-04-18,10.77,10.8,10.48,10.5,10.5,103400,103400,-0.27,-2.51,10.59,"April 18, 19",-0.0251,LFCR
2019-04-17,10.6,10.84,10.48,10.79,10.79,150900,150900,0.19,1.79,10.7,"April 17, 19",0.0179,LFCR
2019-04-16,10.49,10.58,10.25,10.54,10.54,215500,215500,0.05,0.47664,10.46,"April 16, 19",0.0047664,LFCR
2019-04-15,10.36,10.79,10.36,10.42,10.42,175600,175600,0.06,0.57915,10.52,"April 15, 19",0.0057915,LFCR
2019-04-12,10.46,10.57,10.19,10.41,10.41,154500,154500,-0.05,-0.47801,10.39,"April 12, 19",-0.0047801,LFCR
2019-04-11,10.44,10.6,10.28,10.38,10.38,240200,240200,-0.06,-0.57471,10.42,"April 11, 19",-0.0057471,LFCR
2019-04-10,10.25,10.61,9.99,10.46,10.46,284900,284900,0.21,2.05,10.35,"April 10, 19",0.0205,LFCR
2019-04-09,10.21,10.37,10.07,10.24,10.24,307100,307100,0.03,0.29383,10.23,"April 09, 19",0.0029383,LFCR
2019-04-08,10.42,10.73,9.99,10.34,10.34,440600,440600,-0.08,-0.76775,10.35,"April 08, 19",-0.0076775,LFCR
2019-04-05,11.36,11.39,10.74,10.83,10.83,451000,451000,-0.53,-4.67,10.99,"April 05, 19",-0.0467,LFCR
2019-04-04,11.17,11.98,10.83,11.37,11.37,664900,664900,0.2,1.79,11.39,"April 04, 19",0.0179,LFCR
2019-04-03,12.55,13.24,12.47,12.98,12.98,196000,196000,0.43,3.43,12.9,"April 03, 19",0.0343,LFCR
2019-04-02,12.29,12.55,12.17,12.54,12.54,140200,140200,0.25,2.03,12.42,"April 02, 19",0.0203,LFCR
2019-04-01,12.29,12.43,12.19,12.31,12.31,53000,53000,0.02,0.16273,12.31,"April 01, 19",0.0016273,LFCR
2019-03-29,12.32,12.54,12.06,12.28,12.28,315600,315600,-0.04,-0.32468,12.29,"March 29, 19",-0.0032468,LFCR
2019-03-28,12.46,12.58,12.22,12.23,12.23,41900,41900,-0.23,-1.85,12.34,"March 28, 19",-0.0185,LFCR
2019-03-27,12.61,12.65,12.44,12.48,12.48,53300,53300,-0.13,-1.03,12.52,"March 27, 19",-0.0103,LFCR
2019-03-26,12.3,12.63,12.3,12.62,12.62,60700,60700,0.32,2.6,12.52,"March 26, 19",0.026,LFCR
2019-03-25,11.74,12.28,11.74,12.26,12.26,103900,103900,0.52,4.43,12.09,"March 25, 19",0.0443,LFCR
2019-03-22,12.08,12.16,11.68,11.74,11.74,62900,62900,-0.34,-2.81,11.86,"March 22, 19",-0.0281,LFCR
2019-03-21,12.09,12.42,12.08,12.08,12.08,39100,39100,-0.01,-0.08271299,12.19,"March 21, 19",-0.0008271299,LFCR
2019-03-20,12.23,12.43,11.91,12.1,12.1,88300,88300,-0.13,-1.06,12.15,"March 20, 19",-0.0106,LFCR
2019-03-19,12.42,12.42,12.2,12.23,12.23,52400,52400,-0.19,-1.53,12.28,"March 19, 19",-0.0153,LFCR
2019-03-18,12.28,12.52,11.62,12.41,12.41,56600,56600,0.13,1.06,12.18,"March 18, 19",0.0106,LFCR
2019-03-15,12.62,12.62,12.16,12.29,12.29,370200,370200,-0.33,-2.61,12.36,"March 15, 19",-0.0261,LFCR
2019-03-14,12.77,12.77,12.56,12.61,12.61,64200,64200,-0.16,-1.25,12.65,"March 14, 19",-0.0125,LFCR
2019-03-13,13.1,13.11,12.63,12.79,12.79,70500,70500,-0.31,-2.37,12.84,"March 13, 19",-0.0237,LFCR
2019-03-12,12.26,12.39,12.16,12.37,12.37,64500,64500,0.11,0.89723,12.31,"March 12, 19",0.0089723,LFCR
2019-03-11,11.98,12.27,11.85,12.22,12.22,85200,85200,0.24,2.0,12.11,"March 11, 19",0.02,LFCR
2019-03-08,11.87,12.0,11.73,11.89,11.89,78200,78200,0.02,0.16849,11.87,"March 08, 19",0.0016849,LFCR
2019-03-07,12.07,12.08,11.73,11.86,11.86,61100,61100,-0.21,-1.74,11.89,"March 07, 19",-0.0174,LFCR
2019-03-06,12.35,12.35,11.9,12.06,12.06,80800,80800,-0.29,-2.35,12.1,"March 06, 19",-0.0235,LFCR
2019-03-05,12.6,12.7,12.29,12.33,12.33,46000,46000,-0.27,-2.14,12.44,"March 05, 19",-0.0214,LFCR
2019-03-04,12.96,13.06,12.62,12.66,12.66,71600,71600,-0.3,-2.31,12.78,"March 04, 19",-0.0231,LFCR
2019-03-01,12.86,13.02,12.76,12.97,12.97,57800,57800,0.11,0.85537,12.92,"March 01, 19",0.0085537,LFCR
2019-02-28,13.06,13.23,12.68,12.84,12.84,78600,78600,-0.22,-1.68,12.92,"February 28, 19",-0.0168,LFCR
2019-02-27,12.63,13.08,12.46,13.06,13.06,73400,73400,0.43,3.4,12.87,"February 27, 19",0.034,LFCR
2019-02-26,12.67,12.75,12.47,12.66,12.66,86100,86100,-0.01,-0.0789266,12.63,"February 26, 19",-0.000789266,LFCR
2019-02-25,12.84,12.85,12.58,12.66,12.66,77300,77300,-0.18,-1.4,12.7,"February 25, 19",-0.014,LFCR
2019-02-22,12.67,12.88,12.43,12.82,12.82,97500,97500,0.15,1.18,12.71,"February 22, 19",0.0118,LFCR
2019-02-21,12.57,12.71,12.42,12.68,12.68,97300,97300,0.11,0.8751,12.6,"February 21, 19",0.008751,LFCR
2019-02-20,12.63,12.68,12.43,12.65,12.65,92400,92400,0.02,0.15835,12.59,"February 20, 19",0.0015835,LFCR
2019-02-19,12.51,12.67,12.19,12.63,12.63,98400,98400,0.12,0.95923,12.5,"February 19, 19",0.0095923,LFCR
2019-02-15,12.29,12.63,12.29,12.53,12.53,97000,97000,0.24,1.95,12.48,"February 15, 19",0.0195,LFCR
2019-02-14,12.05,12.32,11.99,12.26,12.26,78100,78100,0.21,1.74,12.19,"February 14, 19",0.0174,LFCR
2019-02-13,12.4,12.48,12.03,12.09,12.09,38900,38900,-0.31,-2.5,12.2,"February 13, 19",-0.025,LFCR
2019-02-12,12.45,12.55,12.26,12.41,12.41,62600,62600,-0.04,-0.32129,12.41,"February 12, 19",-0.0032129,LFCR
2019-02-11,12.36,12.42,12.1,12.4,12.4,82400,82400,0.04,0.32362,12.31,"February 11, 19",0.0032362,LFCR
2019-02-08,12.15,12.39,12.09,12.38,12.38,75400,75400,0.23,1.89,12.29,"February 08, 19",0.0189,LFCR
2019-02-07,12.24,12.32,12.0,12.23,12.23,120300,120300,-0.01,-0.08169935,12.18,"February 07, 19",-0.0008169935,LFCR
2019-02-06,12.38,12.58,12.25,12.26,12.26,100600,100600,-0.12,-0.96931,12.36,"February 06, 19",-0.0096931,LFCR
2019-02-05,12.6,12.64,12.41,12.44,12.44,72100,72100,-0.16,-1.27,12.5,"February 05, 19",-0.0127,LFCR
2019-02-04,12.78,12.78,12.52,12.64,12.64,86000,86000,-0.14,-1.1,12.65,"February 04, 19",-0.011,LFCR
2019-02-01,12.68,12.98,12.68,12.77,12.77,77500,77500,0.09,0.70978,12.81,"February 01, 19",0.0070978,LFCR
2019-01-31,12.74,12.89,12.5,12.69,12.69,93600,93600,-0.05,-0.39246,12.69,"January 31, 19",-0.0039246,LFCR
2019-01-30,12.64,12.94,12.54,12.76,12.76,85500,85500,0.12,0.94937,12.75,"January 30, 19",0.0094937,LFCR
2019-01-29,12.5,12.66,12.49,12.63,12.63,60200,60200,0.13,1.04,12.59,"January 29, 19",0.0104,LFCR
2019-01-28,12.33,12.54,12.33,12.5,12.5,94800,94800,0.17,1.38,12.46,"January 28, 19",0.0138,LFCR
2019-01-25,12.29,12.6,12.17,12.52,12.52,170800,170800,0.23,1.87,12.43,"January 25, 19",0.0187,LFCR
2019-01-24,12.07,12.37,12.04,12.28,12.28,123300,123300,0.21,1.74,12.23,"January 24, 19",0.0174,LFCR
2019-01-23,11.67,12.25,11.66,12.13,12.13,139600,139600,0.46,3.94,12.01,"January 23, 19",0.0394,LFCR
2019-01-22,11.51,11.78,11.49,11.64,11.64,98500,98500,0.13,1.13,11.64,"January 22, 19",0.0113,LFCR
2019-01-18,11.56,11.63,11.54,11.57,11.57,56000,56000,0.01,0.08650519,11.58,"January 18, 19",0.0008650519,LFCR
2019-01-17,11.63,11.75,11.46,11.58,11.58,68500,68500,-0.05,-0.42992,11.6,"January 17, 19",-0.0042992,LFCR
2019-01-16,11.64,11.76,11.53,11.74,11.74,98300,98300,0.1,0.85911,11.68,"January 16, 19",0.0085911,LFCR
2019-01-15,11.9,12.0,11.5,11.72,11.72,106600,106600,-0.18,-1.51,11.74,"January 15, 19",-0.0151,LFCR
2019-01-14,11.6,11.86,11.41,11.8,11.8,107900,107900,0.2,1.72,11.69,"January 14, 19",0.0172,LFCR
2019-01-11,11.58,11.76,11.46,11.67,11.67,94300,94300,0.09,0.7772,11.63,"January 11, 19",0.007772,LFCR
2019-01-10,11.23,11.64,11.19,11.59,11.59,101200,101200,0.36,3.21,11.47,"January 10, 19",0.0321,LFCR
2019-01-09,11.38,11.5,10.7,11.24,11.24,127100,127100,-0.14,-1.23,11.15,"January 09, 19",-0.0123,LFCR
2019-01-08,10.8,11.49,10.8,11.39,11.39,218800,218800,0.59,5.46,11.23,"January 08, 19",0.0546,LFCR
2019-01-07,10.4,10.9,10.4,10.78,10.78,195400,195400,0.38,3.65,10.69,"January 07, 19",0.0365,LFCR
2019-01-04,11.34,11.53,10.17,10.35,10.35,203900,203900,-0.99,-8.73,10.68,"January 04, 19",-0.0873,LFCR
2019-01-03,11.68,11.89,11.31,11.41,11.41,75800,75800,-0.27,-2.31,11.54,"January 03, 19",-0.0231,LFCR
2019-01-02,11.68,11.98,11.6,11.81,11.81,49800,49800,0.13,1.11,11.8,"January 02, 19",0.0111,LFCR
2018-12-31,11.72,12.05,11.72,11.84,11.84,53500,53500,0.12,1.02,11.87,"December 31, 18",0.0102,LFCR
2018-12-28,11.96,12.3,11.5,11.71,11.71,72700,72700,-0.25,-2.09,11.84,"December 28, 18",-0.0209,LFCR
2018-12-27,11.67,12.18,11.67,11.97,11.97,87300,87300,0.3,2.57,11.94,"December 27, 18",0.0257,LFCR
2018-12-26,11.45,11.85,11.45,11.79,11.79,106900,106900,0.34,2.97,11.7,"December 26, 18",0.0297,LFCR
2018-12-24,12.27,12.27,11.45,11.64,11.64,53600,53600,-0.63,-5.13,11.79,"December 24, 18",-0.0513,LFCR
2018-12-21,12.91,12.95,12.32,12.36,12.36,126300,126300,-0.55,-4.26,12.54,"December 21, 18",-0.0426,LFCR
2018-12-20,12.75,13.15,12.66,12.95,12.95,117500,117500,0.2,1.57,12.92,"December 20, 18",0.0157,LFCR
2018-12-19,13.04,13.24,12.62,12.74,12.74,84300,84300,-0.3,-2.3,12.87,"December 19, 18",-0.023,LFCR
2018-12-18,12.8,13.05,12.6,13.0,13.0,69900,69900,0.2,1.56,12.88,"December 18, 18",0.0156,LFCR
2018-12-17,13.13,13.31,12.64,12.8,12.8,66400,66400,-0.33,-2.51,12.92,"December 17, 18",-0.0251,LFCR
2018-12-14,13.17,13.17,12.96,13.13,13.13,37600,37600,-0.04,-0.30372,13.09,"December 14, 18",-0.0030372,LFCR
2018-12-13,13.4,13.95,13.07,13.25,13.25,52800,52800,-0.15,-1.12,13.42,"December 13, 18",-0.0112,LFCR
2018-12-12,13.55,14.2,13.32,13.39,13.39,127200,127200,-0.16,-1.18,13.64,"December 12, 18",-0.0118,LFCR
2018-12-11,13.68,13.75,13.44,13.52,13.52,85100,85100,-0.16,-1.17,13.57,"December 11, 18",-0.0117,LFCR
2018-12-10,13.92,13.92,13.42,13.55,13.55,69600,69600,-0.37,-2.66,13.63,"December 10, 18",-0.0266,LFCR
2018-12-07,14.48,14.68,13.66,13.82,13.82,95700,95700,-0.66,-4.56,14.05,"December 07, 18",-0.0456,LFCR
2018-12-06,14.68,14.84,14.39,14.5,14.5,106500,106500,-0.18,-1.23,14.58,"December 06, 18",-0.0123,LFCR
2018-12-04,15.48,15.48,14.02,14.74,14.74,98800,98800,-0.74,-4.78,14.75,"December 04, 18",-0.0478,LFCR
2018-12-03,15.41,15.57,15.28,15.39,15.39,117700,117700,-0.02,-0.12979,15.41,"December 03, 18",-0.0012979,LFCR
2018-11-30,15.16,15.46,15.04,15.41,15.41,97400,97400,0.25,1.65,15.3,"November 30, 18",0.0165,LFCR
2018-11-29,15.27,15.43,15.02,15.15,15.15,45500,45500,-0.12,-0.78585,15.2,"November 29, 18",-0.0078585,LFCR
2018-11-28,15.0,15.5,14.92,15.27,15.27,58000,58000,0.27,1.8,15.23,"November 28, 18",0.018,LFCR
2018-11-27,14.93,15.04,14.78,14.99,14.99,61300,61300,0.06,0.40188,14.94,"November 27, 18",0.0040188,LFCR
2018-11-26,14.92,14.99,14.76,14.94,14.94,43800,43800,0.02,0.13405,14.9,"November 26, 18",0.0013405,LFCR
2018-11-23,14.49,14.9,14.49,14.87,14.87,17600,17600,0.38,2.62,14.75,"November 23, 18",0.0262,LFCR
2018-11-21,14.77,14.86,14.41,14.5,14.5,34600,34600,-0.27,-1.83,14.59,"November 21, 18",-0.0183,LFCR
2018-11-20,14.49,14.75,14.49,14.71,14.71,65500,65500,0.22,1.52,14.65,"November 20, 18",0.0152,LFCR
2018-11-19,14.15,14.54,14.11,14.49,14.49,32500,32500,0.34,2.4,14.38,"November 19, 18",0.024,LFCR
2018-11-16,14.04,14.23,13.96,14.09,14.09,31000,31000,0.05,0.35613,14.09,"November 16, 18",0.0035613,LFCR
2018-11-15,13.87,14.24,13.81,14.09,14.09,20200,20200,0.22,1.59,14.05,"November 15, 18",0.0159,LFCR
2018-11-14,14.4,14.55,13.91,13.92,13.92,23100,23100,-0.48,-3.33,14.13,"November 14, 18",-0.0333,LFCR
2018-11-13,14.44,14.45,14.19,14.32,14.32,29900,29900,-0.12,-0.83102,14.32,"November 13, 18",-0.0083102,LFCR
2018-11-12,14.32,14.55,14.16,14.39,14.39,56600,56600,0.07,0.48883,14.37,"November 12, 18",0.0048883,LFCR
2018-11-09,14.05,14.43,14.05,14.31,14.31,76400,76400,0.26,1.85,14.26,"November 09, 18",0.0185,LFCR
2018-11-08,14.28,14.28,13.87,14.26,14.26,15200,15200,-0.02,-0.14006,14.14,"November 08, 18",-0.0014006,LFCR
2018-11-07,14.36,14.37,13.93,14.28,14.28,32800,32800,-0.08,-0.5571,14.19,"November 07, 18",-0.005571,LFCR
2018-11-06,14.28,14.4,13.81,14.33,14.33,18000,18000,0.05,0.35014,14.18,"November 06, 18",0.0035014,LFCR
2018-11-05,13.84,14.27,13.57,14.21,14.21,55100,55100,0.37,2.67,14.02,"November 05, 18",0.0267,LFCR
2018-11-02,13.64,14.0,13.57,13.8,13.8,21000,21000,0.16,1.17,13.79,"November 02, 18",0.0117,LFCR
2018-11-01,13.68,13.94,13.6,13.62,13.62,40400,40400,-0.06,-0.4386,13.72,"November 01, 18",-0.004386,LFCR
2018-10-31,13.84,13.84,13.6,13.69,13.69,47100,47100,-0.15,-1.08,13.71,"October 31, 18",-0.0108,LFCR
2018-10-30,13.55,13.9,13.34,13.8,13.8,48700,48700,0.25,1.85,13.68,"October 30, 18",0.0185,LFCR
2018-10-29,13.71,14.02,13.35,13.56,13.56,24800,24800,-0.15,-1.09,13.64,"October 29, 18",-0.0109,LFCR
2018-10-26,13.87,13.87,13.32,13.63,13.63,35100,35100,-0.24,-1.73,13.61,"October 26, 18",-0.0173,LFCR
2018-10-25,13.91,14.31,13.78,13.88,13.88,41000,41000,-0.03,-0.21567,13.99,"October 25, 18",-0.0021567,LFCR
2018-10-24,14.18,14.32,13.87,13.89,13.89,33800,33800,-0.29,-2.05,14.03,"October 24, 18",-0.0205,LFCR
2018-10-23,14.28,14.41,14.09,14.19,14.19,62500,62500,-0.09,-0.63025,14.23,"October 23, 18",-0.0063025,LFCR
2018-10-22,14.14,14.49,14.14,14.4,14.4,52400,52400,0.26,1.84,14.34,"October 22, 18",0.0184,LFCR
2018-10-19,13.48,14.16,13.48,14.11,14.11,110200,110200,0.63,4.67,13.92,"October 19, 18",0.0467,LFCR
2018-10-18,13.47,13.63,13.28,13.52,13.52,47500,47500,0.05,0.3712,13.48,"October 18, 18",0.003712,LFCR
2018-10-17,13.38,13.73,13.28,13.49,13.49,21000,21000,0.11,0.82212,13.5,"October 17, 18",0.0082212,LFCR
2018-10-16,13.03,13.78,13.03,13.43,13.43,52200,52200,0.4,3.07,13.41,"October 16, 18",0.0307,LFCR
2018-10-15,12.94,13.15,12.81,13.03,13.03,37900,37900,0.09,0.69552,13.0,"October 15, 18",0.0069552,LFCR
2018-10-12,13.08,13.14,12.82,12.95,12.95,98400,98400,-0.13,-0.99388,12.97,"October 12, 18",-0.0099388,LFCR
2018-10-11,13.23,13.48,12.98,13.0,13.0,48700,48700,-0.23,-1.74,13.15,"October 11, 18",-0.0174,LFCR
2018-10-10,13.33,13.38,13.22,13.25,13.25,64000,64000,-0.08,-0.60015,13.28,"October 10, 18",-0.0060015,LFCR
2018-10-09,13.23,13.41,13.2,13.34,13.34,77000,77000,0.11,0.83144,13.32,"October 09, 18",0.0083144,LFCR
2018-10-08,13.4,13.43,13.22,13.27,13.27,37300,37300,-0.13,-0.97015,13.31,"October 08, 18",-0.0097015,LFCR
2018-10-05,13.46,13.66,13.21,13.4,13.4,55000,55000,-0.06,-0.44577,13.42,"October 05, 18",-0.0044577,LFCR
2018-10-04,13.91,13.95,13.37,13.39,13.39,92000,92000,-0.52,-3.74,13.57,"October 04, 18",-0.0374,LFCR
2018-10-03,13.97,14.5,13.44,13.94,13.94,99200,99200,-0.03,-0.21475,13.96,"October 03, 18",-0.0021475,LFCR
2018-10-02,13.98,14.23,13.75,14.04,14.04,70900,70900,0.06,0.42918,14.01,"October 02, 18",0.0042918,LFCR
2018-10-01,14.43,14.48,13.88,13.97,13.97,29100,29100,-0.46,-3.19,14.11,"October 01, 18",-0.0319,LFCR
2018-09-28,14.3,14.45,14.2,14.4,14.4,38200,38200,0.1,0.6993,14.35,"September 28, 18",0.006993,LFCR
2018-09-27,13.53,14.4,13.53,14.3,14.3,33000,33000,0.77,5.69,14.08,"September 27, 18",0.0569,LFCR
2018-09-26,14.0,14.4,14.0,14.15,14.15,96200,96200,0.15,1.07,14.18,"September 26, 18",0.0107,LFCR
2018-09-25,13.65,14.05,13.65,14.0,14.0,70400,70400,0.35,2.56,13.9,"September 25, 18",0.0256,LFCR
2018-09-24,13.4,13.55,13.1,13.45,13.45,108100,108100,0.05,0.37313,13.37,"September 24, 18",0.0037313,LFCR
2018-09-21,13.4,13.6,13.05,13.4,13.4,221700,221700,0.0,0.0,13.35,"September 21, 18",0.0,LFCR
2018-09-20,13.2,13.5,13.2,13.45,13.45,34500,34500,0.25,1.89,13.38,"September 20, 18",0.0189,LFCR
2018-09-19,13.2,13.45,13.08,13.4,13.4,68800,68800,0.2,1.52,13.31,"September 19, 18",0.0152,LFCR
2018-09-18,13.1,13.3,13.1,13.15,13.15,36400,36400,0.05,0.38168,13.18,"September 18, 18",0.0038168,LFCR
2018-09-17,13.2,13.3,13.1,13.3,13.3,41000,41000,0.1,0.75758,13.23,"September 17, 18",0.0075758,LFCR
2018-09-14,12.8,13.2,12.8,13.05,13.05,69400,69400,0.25,1.95,13.02,"September 14, 18",0.0195,LFCR
2018-09-13,12.7,12.95,12.7,12.85,12.85,82000,82000,0.15,1.18,12.83,"September 13, 18",0.0118,LFCR
2018-09-12,12.8,12.85,12.55,12.65,12.65,62600,62600,-0.15,-1.17,12.68,"September 12, 18",-0.0117,LFCR
2018-09-11,13.0,13.0,12.8,12.85,12.85,87000,87000,-0.15,-1.15,12.88,"September 11, 18",-0.0115,LFCR
2018-09-10,13.0,13.15,12.95,13.0,13.0,52400,52400,0.0,0.0,13.03,"September 10, 18",0.0,LFCR
2018-09-07,12.9,13.05,12.9,13.0,13.0,42700,42700,0.1,0.77519,12.98,"September 07, 18",0.0077519,LFCR
2018-09-06,13.05,13.1,12.95,13.0,13.0,45100,45100,-0.05,-0.38314,13.02,"September 06, 18",-0.0038314,LFCR
2018-09-05,13.1,13.15,12.7,12.95,12.95,73300,73300,-0.15,-1.15,12.93,"September 05, 18",-0.0115,LFCR
2018-09-04,13.4,13.4,13.0,13.1,13.1,50200,50200,-0.3,-2.24,13.17,"September 04, 18",-0.0224,LFCR
2018-08-31,13.25,13.48,13.25,13.45,13.45,24600,24600,0.2,1.51,13.39,"August 31, 18",0.0151,LFCR
2018-08-30,13.3,13.4,13.0,13.3,13.3,73700,73700,0.0,0.0,13.23,"August 30, 18",0.0,LFCR
2018-08-29,13.6,13.6,13.2,13.25,13.25,52100,52100,-0.35,-2.57,13.35,"August 29, 18",-0.0257,LFCR
2018-08-28,13.95,14.0,13.5,13.5,13.5,38600,38600,-0.45,-3.23,13.67,"August 28, 18",-0.0323,LFCR
2018-08-27,14.15,14.25,13.9,13.95,13.95,37100,37100,-0.2,-1.41,14.03,"August 27, 18",-0.0141,LFCR
2018-08-24,14.05,14.3,14.0,14.15,14.15,103000,103000,0.1,0.71174,14.15,"August 24, 18",0.0071174,LFCR
2018-08-23,13.7,14.23,13.7,14.0,14.0,62400,62400,0.3,2.19,13.98,"August 23, 18",0.0219,LFCR
2018-08-22,13.65,14.0,13.62,13.9,13.9,68400,68400,0.25,1.83,13.84,"August 22, 18",0.0183,LFCR
2018-08-21,13.65,13.8,13.47,13.75,13.75,151900,151900,0.1,0.7326,13.67,"August 21, 18",0.007326,LFCR
2018-08-20,13.6,13.75,13.53,13.75,13.75,12500,12500,0.15,1.1,13.68,"August 20, 18",0.011,LFCR
2018-08-17,13.4,13.7,13.35,13.6,13.6,200300,200300,0.2,1.49,13.55,"August 17, 18",0.0149,LFCR
2018-08-16,13.6,13.65,13.3,13.45,13.45,29900,29900,-0.15,-1.1,13.47,"August 16, 18",-0.011,LFCR
2018-08-15,13.4,13.75,13.3,13.3,13.3,24900,24900,-0.1,-0.74627,13.45,"August 15, 18",-0.0074627,LFCR
2018-08-14,13.6,13.85,13.35,13.45,13.45,134600,134600,-0.15,-1.1,13.55,"August 14, 18",-0.011,LFCR
2018-08-13,13.35,13.65,13.3,13.65,13.65,43700,43700,0.3,2.25,13.53,"August 13, 18",0.0225,LFCR
2018-08-10,13.25,13.45,13.15,13.35,13.35,43900,43900,0.1,0.75472,13.32,"August 10, 18",0.0075472,LFCR
2018-08-09,13.3,13.4,13.3,13.35,13.35,36600,36600,0.05,0.37594,13.35,"August 09, 18",0.0037594,LFCR
2018-08-08,13.25,13.4,13.15,13.35,13.35,41500,41500,0.1,0.75472,13.3,"August 08, 18",0.0075472,LFCR
2018-08-07,13.2,13.7,13.1,13.3,13.3,370300,370300,0.1,0.75758,13.37,"August 07, 18",0.0075758,LFCR
2018-08-06,13.3,13.4,13.15,13.2,13.2,35800,35800,-0.1,-0.75188,13.25,"August 06, 18",-0.0075188,LFCR
2018-08-03,13.15,13.65,13.15,13.3,13.3,62000,62000,0.15,1.14,13.37,"August 03, 18",0.0114,LFCR
2018-08-02,13.15,13.58,13.15,13.45,13.45,50200,50200,0.3,2.28,13.39,"August 02, 18",0.0228,LFCR
2018-08-01,14.95,14.95,13.15,13.25,13.25,95300,95300,-1.7,-11.37,13.78,"August 01, 18",-0.1137,LFCR
2018-07-31,14.15,14.2,13.95,14.0,14.0,59700,59700,-0.15,-1.06,14.05,"July 31, 18",-0.0106,LFCR
2018-07-30,14.1,14.2,14.04,14.05,14.05,51900,51900,-0.05,-0.35461,14.1,"July 30, 18",-0.0035461,LFCR
2018-07-27,14.75,14.75,14.05,14.15,14.15,49600,49600,-0.6,-4.07,14.32,"July 27, 18",-0.0407,LFCR
2018-07-26,14.3,14.5,14.3,14.45,14.45,72100,72100,0.15,1.05,14.42,"July 26, 18",0.0105,LFCR
2018-07-25,14.5,14.5,14.2,14.35,14.35,26900,26900,-0.15,-1.03,14.35,"July 25, 18",-0.0103,LFCR
2018-07-24,14.55,14.55,14.45,14.45,14.45,22400,22400,-0.1,-0.68729,14.48,"July 24, 18",-0.0068729,LFCR
2018-07-23,14.5,14.6,14.4,14.5,14.5,35300,35300,0.0,0.0,14.5,"July 23, 18",0.0,LFCR
2018-07-20,14.5,14.55,14.4,14.5,14.5,149700,149700,0.0,0.0,14.48,"July 20, 18",0.0,LFCR
2018-07-19,14.4,14.6,14.36,14.45,14.45,40200,40200,0.05,0.34722,14.47,"July 19, 18",0.0034722,LFCR
2018-07-18,14.4,14.5,14.08,14.4,14.4,63900,63900,0.0,0.0,14.33,"July 18, 18",0.0,LFCR
2018-07-17,14.35,14.65,14.35,14.4,14.4,47500,47500,0.05,0.34843,14.47,"July 17, 18",0.0034843,LFCR
2018-07-16,14.8,14.8,14.35,14.4,14.4,89400,89400,-0.4,-2.7,14.52,"July 16, 18",-0.027,LFCR
2018-07-13,14.9,14.95,14.75,14.8,14.8,48100,48100,-0.1,-0.67114,14.83,"July 13, 18",-0.0067114,LFCR
2018-07-12,14.95,15.0,14.8,14.85,14.85,37100,37100,-0.1,-0.6689,14.88,"July 12, 18",-0.006689,LFCR
2018-07-11,15.0,15.15,14.85,14.9,14.9,73800,73800,-0.1,-0.66667,14.97,"July 11, 18",-0.0066667,LFCR
2018-07-10,15.0,15.1,14.85,14.95,14.95,49300,49300,-0.05,-0.33333,14.97,"July 10, 18",-0.0033333,LFCR
2018-07-09,14.95,15.15,14.9,14.95,14.95,60700,60700,0.0,0.0,15.0,"July 09, 18",0.0,LFCR
2018-07-06,15.1,15.25,15.05,15.1,15.1,76800,76800,0.0,0.0,15.13,"July 06, 18",0.0,LFCR
2018-07-05,14.7,15.15,14.5,15.15,15.15,231600,231600,0.45,3.06,14.93,"July 05, 18",0.0306,LFCR
2018-07-03,15.15,15.21,14.2,14.65,14.65,102300,102300,-0.5,-3.3,14.69,"July 03, 18",-0.033,LFCR
2018-07-02,14.85,15.15,14.63,15.1,15.1,70500,70500,0.25,1.68,14.96,"July 02, 18",0.0168,LFCR
2018-06-29,15.05,15.2,14.9,14.9,14.9,50700,50700,-0.15,-0.99668,15.0,"June 29, 18",-0.0099668,LFCR
2018-06-28,15.05,15.2,14.95,15.05,15.05,76200,76200,0.0,0.0,15.07,"June 28, 18",0.0,LFCR
2018-06-27,15.35,15.45,15.05,15.05,15.05,49100,49100,-0.3,-1.95,15.18,"June 27, 18",-0.0195,LFCR
2018-06-26,15.5,15.6,15.35,15.4,15.4,70400,70400,-0.1,-0.64516,15.45,"June 26, 18",-0.0064516,LFCR
2018-06-25,14.95,15.6,14.9,15.45,15.45,96600,96600,0.5,3.34,15.32,"June 25, 18",0.0334,LFCR
2018-06-22,14.4,15.1,14.35,14.9,14.9,335800,335800,0.5,3.47,14.78,"June 22, 18",0.0347,LFCR
2018-06-21,14.35,14.5,14.2,14.45,14.45,122200,122200,0.1,0.69686,14.38,"June 21, 18",0.0069686,LFCR
2018-06-20,14.25,14.5,14.2,14.3,14.3,91400,91400,0.05,0.35088,14.33,"June 20, 18",0.0035088,LFCR
2018-06-19,14.1,14.2,13.95,14.2,14.2,58100,58100,0.1,0.70922,14.12,"June 19, 18",0.0070922,LFCR
2018-06-18,14.3,14.35,13.95,14.1,14.1,28300,28300,-0.2,-1.4,14.13,"June 18, 18",-0.014,LFCR
2018-06-15,14.1,14.4,14.1,14.3,14.3,62500,62500,0.2,1.42,14.27,"June 15, 18",0.0142,LFCR
2018-06-14,14.1,14.2,14.05,14.2,14.2,22000,22000,0.1,0.70922,14.15,"June 14, 18",0.0070922,LFCR
2018-06-13,14.15,14.2,14.1,14.1,14.1,8000,8000,-0.05,-0.35336,14.13,"June 13, 18",-0.0035336,LFCR
2018-06-12,14.15,14.25,14.05,14.15,14.15,23900,23900,0.0,0.0,14.15,"June 12, 18",0.0,LFCR
2018-06-11,14.25,14.5,14.15,14.2,14.2,19400,19400,-0.05,-0.35088,14.28,"June 11, 18",-0.0035088,LFCR
2018-06-08,14.3,14.5,14.2,14.25,14.25,22300,22300,-0.05,-0.34965,14.32,"June 08, 18",-0.0034965,LFCR
2018-06-07,14.35,14.45,13.95,14.35,14.35,11700,11700,0.0,0.0,14.25,"June 07, 18",0.0,LFCR
2018-06-06,14.3,14.45,14.25,14.35,14.35,28200,28200,0.05,0.34965,14.35,"June 06, 18",0.0034965,LFCR
2018-06-05,14.25,14.3,14.05,14.3,14.3,15500,15500,0.05,0.35088,14.22,"June 05, 18",0.0035088,LFCR
2018-06-04,13.95,14.3,13.03,14.2,14.2,29600,29600,0.25,1.79,13.84,"June 04, 18",0.0179,LFCR
2018-06-01,14.15,14.3,14.05,14.2,14.2,22700,22700,0.05,0.35336,14.18,"June 01, 18",0.0035336,LFCR
2018-05-31,14.15,14.2,14.0,14.1,14.1,61200,61200,-0.05,-0.35336,14.1,"May 31, 18",-0.0035336,LFCR
2018-05-30,14.0,14.45,13.9,14.15,14.15,41600,41600,0.15,1.07,14.17,"May 30, 18",0.0107,LFCR
2018-05-29,13.95,14.15,13.7,14.05,14.05,27000,27000,0.1,0.71685,13.97,"May 29, 18",0.0071685,LFCR
2018-05-25,13.75,14.05,13.7,14.05,14.05,22300,22300,0.3,2.18,13.93,"May 25, 18",0.0218,LFCR
2018-05-24,13.6,13.9,13.5,13.8,13.8,13400,13400,0.2,1.47,13.73,"May 24, 18",0.0147,LFCR
2018-05-23,13.6,13.75,13.5,13.65,13.65,23500,23500,0.05,0.36765,13.63,"May 23, 18",0.0036765,LFCR
2018-05-22,13.6,13.8,13.55,13.6,13.6,39200,39200,0.0,0.0,13.65,"May 22, 18",0.0,LFCR
2018-05-21,13.7,13.8,13.6,13.68,13.68,39900,39900,-0.02,-0.14599,13.69,"May 21, 18",-0.0014599,LFCR
2018-05-18,13.55,13.75,13.45,13.7,13.7,42500,42500,0.15,1.11,13.63,"May 18, 18",0.0111,LFCR
2018-05-17,13.2,13.65,13.2,13.55,13.55,43100,43100,0.35,2.65,13.47,"May 17, 18",0.0265,LFCR
2018-05-16,13.1,13.35,13.05,13.15,13.15,35400,35400,0.05,0.38168,13.18,"May 16, 18",0.0038168,LFCR
2018-05-15,13.1,13.15,13.0,13.05,13.05,47000,47000,-0.05,-0.38168,13.07,"May 15, 18",-0.0038168,LFCR
2018-05-14,13.3,13.3,13.05,13.15,13.15,25900,25900,-0.15,-1.13,13.17,"May 14, 18",-0.0113,LFCR
2018-05-11,13.3,13.45,13.05,13.2,13.2,28700,28700,-0.1,-0.75188,13.23,"May 11, 18",-0.0075188,LFCR
2018-05-10,13.25,13.4,13.2,13.3,13.3,47500,47500,0.05,0.37736,13.3,"May 10, 18",0.0037736,LFCR
2018-05-09,13.5,13.6,13.25,13.25,13.25,57400,57400,-0.25,-1.85,13.37,"May 09, 18",-0.0185,LFCR
2018-05-08,13.5,13.65,13.35,13.55,13.55,24300,24300,0.05,0.37037,13.52,"May 08, 18",0.0037037,LFCR
2018-05-07,13.55,13.55,13.3,13.45,13.45,20300,20300,-0.1,-0.73801,13.43,"May 07, 18",-0.0073801,LFCR
2018-05-04,13.2,13.6,13.2,13.5,13.5,26100,26100,0.3,2.27,13.43,"May 04, 18",0.0227,LFCR
2018-05-03,13.35,13.4,13.25,13.3,13.3,14100,14100,-0.05,-0.37453,13.32,"May 03, 18",-0.0037453,LFCR
2018-05-02,13.35,13.4,13.25,13.4,13.4,21800,21800,0.05,0.37453,13.35,"May 02, 18",0.0037453,LFCR
2018-05-01,13.25,13.4,13.2,13.3,13.3,38500,38500,0.05,0.37736,13.3,"May 01, 18",0.0037736,LFCR
2018-04-30,13.6,13.6,13.1,13.3,13.3,36000,36000,-0.3,-2.21,13.33,"April 30, 18",-0.0221,LFCR
2018-04-27,13.7,13.7,13.55,13.55,13.55,7500,7500,-0.15,-1.09,13.6,"April 27, 18",-0.0109,LFCR
2018-04-26,13.75,13.8,13.4,13.7,13.7,34000,34000,-0.05,-0.36364,13.63,"April 26, 18",-0.0036364,LFCR
2018-04-25,13.65,13.85,13.6,13.65,13.65,20200,20200,0.0,0.0,13.7,"April 25, 18",0.0,LFCR
2018-04-24,13.65,13.7,13.45,13.65,13.65,16400,16400,0.0,0.0,13.6,"April 24, 18",0.0,LFCR
2018-04-23,13.85,13.85,13.52,13.65,13.65,15300,15300,-0.2,-1.44,13.67,"April 23, 18",-0.0144,LFCR
2018-04-20,13.75,13.9,13.55,13.75,13.75,26400,26400,0.0,0.0,13.73,"April 20, 18",0.0,LFCR
2018-04-19,13.75,14.0,13.75,13.85,13.85,28700,28700,0.1,0.72727,13.87,"April 19, 18",0.0072727,LFCR
2018-04-18,13.95,14.05,13.8,13.85,13.85,38700,38700,-0.1,-0.71685,13.9,"April 18, 18",-0.0071685,LFCR
2018-04-17,14.0,14.0,13.8,14.0,14.0,43400,43400,0.0,0.0,13.93,"April 17, 18",0.0,LFCR
2018-04-16,13.8,14.0,13.75,13.9,13.9,45000,45000,0.1,0.72464,13.88,"April 16, 18",0.0072464,LFCR
2018-04-13,13.85,13.85,13.65,13.8,13.8,10800,10800,-0.05,-0.36101,13.77,"April 13, 18",-0.0036101,LFCR
2018-04-12,13.75,13.95,13.7,13.85,13.85,28500,28500,0.1,0.72727,13.83,"April 12, 18",0.0072727,LFCR
2018-04-11,13.65,13.85,13.6,13.65,13.65,30600,30600,0.0,0.0,13.7,"April 11, 18",0.0,LFCR
2018-04-10,13.45,13.95,13.2,13.65,13.65,152900,152900,0.2,1.49,13.6,"April 10, 18",0.0149,LFCR
2018-04-09,13.55,13.85,12.85,13.4,13.4,245000,245000,-0.15,-1.11,13.37,"April 09, 18",-0.0111,LFCR
2018-04-06,14.0,14.2,12.93,13.5,13.5,84200,84200,-0.5,-3.57,13.54,"April 06, 18",-0.0357,LFCR
2018-04-05,13.9,14.25,13.45,14.1,14.1,123600,123600,0.2,1.44,13.93,"April 05, 18",0.0144,LFCR
2018-04-04,13.25,14.15,13.0,13.9,13.9,116100,116100,0.65,4.91,13.68,"April 04, 18",0.0491,LFCR
2018-04-03,13.15,13.55,12.84,13.25,13.25,181600,181600,0.1,0.76046,13.21,"April 03, 18",0.0076046,LFCR
2018-04-02,12.98,13.1,12.85,13.05,13.05,170200,170200,0.07,0.53929,13.0,"April 02, 18",0.0053929,LFCR
2018-03-29,13.25,13.75,13.0,13.05,13.05,44700,44700,-0.2,-1.51,13.27,"March 29, 18",-0.0151,LFCR
2018-03-28,12.9,13.25,12.85,13.25,13.25,21200,21200,0.35,2.71,13.12,"March 28, 18",0.0271,LFCR
2018-03-27,12.95,13.15,12.85,12.9,12.9,78800,78800,-0.05,-0.3861,12.97,"March 27, 18",-0.003861,LFCR
2018-03-26,13.15,13.15,12.7,12.95,12.95,46000,46000,-0.2,-1.52,12.93,"March 26, 18",-0.0152,LFCR
2018-03-23,13.0,13.15,12.9,12.9,12.9,67800,67800,-0.1,-0.76923,12.98,"March 23, 18",-0.0076923,LFCR
2018-03-22,12.9,13.35,12.9,13.0,13.0,48600,48600,0.1,0.77519,13.08,"March 22, 18",0.0077519,LFCR
2018-03-21,13.2,13.3,13.0,13.05,13.05,29200,29200,-0.15,-1.14,13.12,"March 21, 18",-0.0114,LFCR
2018-03-20,13.45,13.5,13.2,13.2,13.2,29100,29100,-0.25,-1.86,13.3,"March 20, 18",-0.0186,LFCR
2018-03-19,13.35,13.55,13.3,13.45,13.45,42100,42100,0.1,0.74906,13.43,"March 19, 18",0.0074906,LFCR
2018-03-16,13.3,13.8,13.25,13.3,13.3,144400,144400,0.0,0.0,13.45,"March 16, 18",0.0,LFCR
2018-03-15,13.95,13.95,13.3,13.35,13.35,50900,50900,-0.6,-4.3,13.53,"March 15, 18",-0.043,LFCR
2018-03-14,14.55,14.55,13.85,13.9,13.9,38800,38800,-0.65,-4.47,14.1,"March 14, 18",-0.0447,LFCR
2018-03-13,14.5,14.55,14.15,14.45,14.45,60200,60200,-0.05,-0.34483,14.38,"March 13, 18",-0.0034483,LFCR
2018-03-12,14.3,14.5,14.1,14.4,14.4,56400,56400,0.1,0.6993,14.33,"March 12, 18",0.006993,LFCR
2018-03-09,14.0,14.38,13.75,14.35,14.35,47200,47200,0.35,2.5,14.16,"March 09, 18",0.025,LFCR
2018-03-08,13.6,13.9,13.6,13.8,13.8,23000,23000,0.2,1.47,13.77,"March 08, 18",0.0147,LFCR
2018-03-07,13.15,13.9,13.13,13.75,13.75,36400,36400,0.6,4.56,13.59,"March 07, 18",0.0456,LFCR
2018-03-06,13.05,13.3,12.75,13.25,13.25,84000,84000,0.2,1.53,13.1,"March 06, 18",0.0153,LFCR
2018-03-05,13.05,13.15,12.85,13.05,13.05,55600,55600,0.0,0.0,13.02,"March 05, 18",0.0,LFCR
2018-03-02,12.65,13.05,12.65,12.95,12.95,54700,54700,0.3,2.37,12.88,"March 02, 18",0.0237,LFCR
2018-03-01,12.95,12.95,12.55,12.75,12.75,87900,87900,-0.2,-1.54,12.75,"March 01, 18",-0.0154,LFCR
2018-02-28,13.0,13.2,12.8,13.0,13.0,46000,46000,0.0,0.0,13.0,"February 28, 18",0.0,LFCR
2018-02-27,13.2,13.25,12.95,13.0,13.0,31700,31700,-0.2,-1.52,13.07,"February 27, 18",-0.0152,LFCR
2018-02-26,13.3,13.35,13.1,13.25,13.25,22000,22000,-0.05,-0.37594,13.23,"February 26, 18",-0.0037594,LFCR
2018-02-23,13.1,13.3,12.95,13.3,13.3,44400,44400,0.2,1.53,13.18,"February 23, 18",0.0153,LFCR
2018-02-22,13.24,13.43,13.0,13.0,13.0,29500,29500,-0.24,-1.81,13.14,"February 22, 18",-0.0181,LFCR
2018-02-21,13.75,13.8,13.25,13.35,13.35,44100,44100,-0.4,-2.91,13.47,"February 21, 18",-0.0291,LFCR
2018-02-20,13.8,13.85,13.5,13.7,13.7,66700,66700,-0.1,-0.72464,13.68,"February 20, 18",-0.0072464,LFCR
2018-02-16,13.45,14.0,13.45,13.9,13.9,56000,56000,0.45,3.35,13.78,"February 16, 18",0.0335,LFCR
2018-02-15,13.25,13.55,13.15,13.55,13.55,91400,91400,0.3,2.26,13.42,"February 15, 18",0.0226,LFCR
2018-02-14,13.05,13.3,12.22,13.25,13.25,38900,38900,0.2,1.53,12.92,"February 14, 18",0.0153,LFCR
2018-02-13,13.05,13.2,12.85,13.15,13.15,27300,27300,0.1,0.76628,13.07,"February 13, 18",0.0076628,LFCR
2018-02-12,13.35,13.45,13.0,13.15,13.15,39100,39100,-0.2,-1.5,13.2,"February 12, 18",-0.015,LFCR
2018-02-09,12.8,13.55,12.8,13.4,13.4,114100,114100,0.6,4.69,13.25,"February 09, 18",0.0469,LFCR
2018-02-08,12.9,12.9,12.63,12.7,12.7,44800,44800,-0.2,-1.55,12.74,"February 08, 18",-0.0155,LFCR
2018-02-07,12.8,13.0,12.7,12.9,12.9,44000,44000,0.1,0.78125,12.87,"February 07, 18",0.0078125,LFCR
2018-02-06,12.75,12.85,12.65,12.85,12.85,103500,103500,0.1,0.78431,12.78,"February 06, 18",0.0078431,LFCR
2018-02-05,13.0,13.05,12.7,12.85,12.85,86700,86700,-0.15,-1.15,12.87,"February 05, 18",-0.0115,LFCR
2018-02-02,12.97,13.15,12.95,13.1,13.1,42900,42900,0.13,1.0,13.07,"February 02, 18",0.01,LFCR
2018-02-01,13.05,13.2,12.9,13.1,13.1,27200,27200,0.05,0.38314,13.07,"February 01, 18",0.0038314,LFCR
2018-01-31,13.15,13.25,12.95,13.15,13.15,45700,45700,0.0,0.0,13.12,"January 31, 18",0.0,LFCR
2018-01-30,12.9,13.2,12.9,13.1,13.1,42600,42600,0.2,1.55,13.07,"January 30, 18",0.0155,LFCR
2018-01-29,13.1,13.25,12.95,13.05,13.05,37200,37200,-0.05,-0.38168,13.08,"January 29, 18",-0.0038168,LFCR
2018-01-26,13.0,13.25,12.75,13.25,13.25,28500,28500,0.25,1.92,13.08,"January 26, 18",0.0192,LFCR
2018-01-25,13.1,13.12,12.75,12.95,12.95,42300,42300,-0.15,-1.15,12.94,"January 25, 18",-0.0115,LFCR
2018-01-24,13.0,13.1,12.9,13.0,13.0,38400,38400,0.0,0.0,13.0,"January 24, 18",0.0,LFCR
2018-01-23,13.2,13.2,12.98,13.05,13.05,22500,22500,-0.15,-1.14,13.08,"January 23, 18",-0.0114,LFCR
2018-01-22,13.15,13.25,13.05,13.25,13.25,34100,34100,0.1,0.76046,13.18,"January 22, 18",0.0076046,LFCR
2018-01-19,12.8,13.25,12.8,13.15,13.15,71500,71500,0.35,2.73,13.07,"January 19, 18",0.0273,LFCR
2018-01-18,12.9,13.0,12.75,12.85,12.85,50200,50200,-0.05,-0.3876,12.87,"January 18, 18",-0.003876,LFCR
2018-01-17,12.6,12.9,12.6,12.8,12.8,71900,71900,0.2,1.59,12.77,"January 17, 18",0.0159,LFCR
2018-01-16,12.8,12.95,12.55,12.6,12.6,57100,57100,-0.2,-1.56,12.7,"January 16, 18",-0.0156,LFCR
2018-01-12,12.75,12.95,12.6,12.8,12.8,113400,113400,0.05,0.39216,12.78,"January 12, 18",0.0039216,LFCR
2018-01-11,12.0,12.9,12.0,12.7,12.7,93400,93400,0.7,5.83,12.53,"January 11, 18",0.0583,LFCR
2018-01-10,12.3,12.45,11.95,12.0,12.0,64000,64000,-0.3,-2.44,12.13,"January 10, 18",-0.0244,LFCR
2018-01-09,12.85,12.88,12.35,12.35,12.35,47400,47400,-0.5,-3.89,12.53,"January 09, 18",-0.0389,LFCR
2018-01-08,13.05,13.2,12.8,12.9,12.9,74700,74700,-0.15,-1.15,12.97,"January 08, 18",-0.0115,LFCR
2018-01-05,12.95,13.1,12.5,13.0,13.0,73600,73600,0.05,0.3861,12.87,"January 05, 18",0.003861,LFCR
2018-01-04,12.3,13.2,12.05,12.9,12.9,126800,126800,0.6,4.88,12.72,"January 04, 18",0.0488,LFCR
2018-01-03,12.45,12.83,12.35,12.65,12.65,256000,256000,0.2,1.61,12.61,"January 03, 18",0.0161,LFCR
2018-01-02,12.6,13.02,12.4,12.5,12.5,85300,85300,-0.1,-0.79365,12.64,"January 02, 18",-0.0079365,LFCR
2017-12-29,12.05,12.85,11.9,12.6,12.6,173600,173600,0.55,4.56,12.45,"December 29, 17",0.0456,LFCR
2017-12-28,12.0,12.2,11.92,12.1,12.1,31600,31600,0.1,0.83333,12.07,"December 28, 17",0.0083333,LFCR
2017-12-27,12.1,12.35,11.95,12.0,12.0,29300,29300,-0.1,-0.82645,12.1,"December 27, 17",-0.0082645,LFCR
2017-12-26,12.3,12.35,12.05,12.1,12.1,15700,15700,-0.2,-1.63,12.17,"December 26, 17",-0.0163,LFCR
2017-12-22,12.4,12.5,12.1,12.25,12.25,40800,40800,-0.15,-1.21,12.28,"December 22, 17",-0.0121,LFCR
2017-12-21,12.6,12.7,12.3,12.45,12.45,34700,34700,-0.15,-1.19,12.48,"December 21, 17",-0.0119,LFCR
2017-12-20,12.35,12.8,11.98,12.55,12.55,43200,43200,0.2,1.62,12.44,"December 20, 17",0.0162,LFCR
2017-12-19,12.8,12.8,12.25,12.3,12.3,46000,46000,-0.5,-3.91,12.45,"December 19, 17",-0.0391,LFCR
2017-12-18,12.85,13.1,12.65,12.8,12.8,51500,51500,-0.05,-0.38911,12.85,"December 18, 17",-0.0038911,LFCR
2017-12-15,12.25,12.9,12.23,12.75,12.75,115400,115400,0.5,4.08,12.63,"December 15, 17",0.0408,LFCR
2017-12-14,12.65,12.75,12.3,12.3,12.3,37500,37500,-0.35,-2.77,12.45,"December 14, 17",-0.0277,LFCR
2017-12-13,11.85,12.95,11.8,12.7,12.7,79600,79600,0.85,7.17,12.48,"December 13, 17",0.0717,LFCR
2017-12-12,11.9,12.15,11.8,11.85,11.85,66000,66000,-0.05,-0.42017,11.93,"December 12, 17",-0.0042017,LFCR
2017-12-11,11.8,11.9,11.6,11.85,11.85,121200,121200,0.05,0.42373,11.78,"December 11, 17",0.0042373,LFCR
2017-12-08,11.85,12.03,11.75,11.8,11.8,39600,39600,-0.05,-0.42194,11.86,"December 08, 17",-0.0042194,LFCR
2017-12-07,11.7,11.95,11.7,11.8,11.8,48100,48100,0.1,0.8547,11.82,"December 07, 17",0.008547,LFCR
2017-12-06,11.9,12.0,11.65,11.65,11.65,44300,44300,-0.25,-2.1,11.77,"December 06, 17",-0.021,LFCR
2017-12-05,12.05,12.1,11.75,11.95,11.95,31900,31900,-0.1,-0.82988,11.93,"December 05, 17",-0.0082988,LFCR
2017-12-04,12.25,12.4,12.0,12.1,12.1,99400,99400,-0.15,-1.22,12.17,"December 04, 17",-0.0122,LFCR
2017-12-01,12.5,12.5,11.7,12.1,12.1,38400,38400,-0.4,-3.2,12.1,"December 01, 17",-0.032,LFCR
2017-11-30,12.75,12.75,12.25,12.5,12.5,120100,120100,-0.25,-1.96,12.5,"November 30, 17",-0.0196,LFCR
2017-11-29,12.5,12.7,12.3,12.65,12.65,113600,113600,0.15,1.2,12.55,"November 29, 17",0.012,LFCR
2017-11-28,12.55,12.95,12.25,12.9,12.9,68500,68500,0.35,2.79,12.7,"November 28, 17",0.0279,LFCR
2017-11-27,12.75,12.9,12.65,12.75,12.75,42100,42100,0.0,0.0,12.77,"November 27, 17",0.0,LFCR
2017-11-24,12.8,12.9,12.65,12.8,12.8,11800,11800,0.0,0.0,12.78,"November 24, 17",0.0,LFCR
2017-11-22,13.15,13.15,12.75,12.75,12.75,48000,48000,-0.4,-3.04,12.88,"November 22, 17",-0.0304,LFCR
2017-11-21,13.1,13.15,13.0,13.1,13.1,63800,63800,0.0,0.0,13.08,"November 21, 17",0.0,LFCR
2017-11-20,12.7,13.15,12.65,13.1,13.1,40400,40400,0.4,3.15,12.97,"November 20, 17",0.0315,LFCR
2017-11-17,12.75,12.85,12.6,12.8,12.8,61800,61800,0.05,0.39216,12.75,"November 17, 17",0.0039216,LFCR
2017-11-16,12.5,13.1,12.5,12.9,12.9,55100,55100,0.4,3.2,12.83,"November 16, 17",0.032,LFCR
2017-11-15,12.45,12.6,12.3,12.5,12.5,39300,39300,0.05,0.40161,12.47,"November 15, 17",0.0040161,LFCR
2017-11-14,12.1,12.55,12.1,12.5,12.5,35500,35500,0.4,3.31,12.38,"November 14, 17",0.0331,LFCR
2017-11-13,12.2,12.2,11.9,12.1,12.1,60500,60500,-0.1,-0.81967,12.07,"November 13, 17",-0.0081967,LFCR
2017-11-10,11.8,12.4,11.8,12.25,12.25,51700,51700,0.45,3.81,12.15,"November 10, 17",0.0381,LFCR
2017-11-09,11.8,12.05,11.42,11.75,11.75,43300,43300,-0.05,-0.42373,11.74,"November 09, 17",-0.0042373,LFCR
2017-11-08,12.2,12.35,11.75,11.85,11.85,57500,57500,-0.35,-2.87,11.98,"November 08, 17",-0.0287,LFCR
2017-11-07,12.7,12.85,12.25,12.25,12.25,69500,69500,-0.45,-3.54,12.45,"November 07, 17",-0.0354,LFCR
2017-11-06,13.15,13.15,12.78,12.85,12.85,71800,71800,-0.3,-2.28,12.93,"November 06, 17",-0.0228,LFCR
2017-11-03,13.4,13.4,13.1,13.15,13.15,42500,42500,-0.25,-1.87,13.22,"November 03, 17",-0.0187,LFCR
2017-11-02,13.1,13.5,12.98,13.35,13.35,49000,49000,0.25,1.91,13.28,"November 02, 17",0.0191,LFCR
2017-11-01,13.4,13.5,13.0,13.15,13.15,29800,29800,-0.25,-1.87,13.22,"November 01, 17",-0.0187,LFCR
2017-10-31,13.15,13.4,13.15,13.25,13.25,60000,60000,0.1,0.76046,13.27,"October 31, 17",0.0076046,LFCR
2017-10-30,13.3,13.35,12.9,13.05,13.05,70600,70600,-0.25,-1.88,13.1,"October 30, 17",-0.0188,LFCR
2017-10-27,13.1,13.45,13.1,13.35,13.35,37600,37600,0.25,1.91,13.3,"October 27, 17",0.0191,LFCR
2017-10-26,13.0,13.45,13.0,13.1,13.1,60600,60600,0.1,0.76923,13.18,"October 26, 17",0.0076923,LFCR
2017-10-25,12.95,13.05,12.8,13.0,13.0,31500,31500,0.05,0.3861,12.95,"October 25, 17",0.003861,LFCR
2017-10-24,13.15,13.2,12.95,13.0,13.0,34700,34700,-0.15,-1.14,13.05,"October 24, 17",-0.0114,LFCR
2017-10-23,12.95,13.25,12.85,13.0,13.0,42000,42000,0.05,0.3861,13.03,"October 23, 17",0.003861,LFCR
2017-10-20,12.8,13.15,12.8,13.0,13.0,42400,42400,0.2,1.56,12.98,"October 20, 17",0.0156,LFCR
2017-10-19,12.85,12.85,12.5,12.65,12.65,36900,36900,-0.2,-1.56,12.67,"October 19, 17",-0.0156,LFCR
2017-10-18,13.0,13.1,12.65,12.9,12.9,41200,41200,-0.1,-0.76923,12.88,"October 18, 17",-0.0076923,LFCR
2017-10-17,13.1,13.1,12.85,12.95,12.95,29000,29000,-0.15,-1.15,12.97,"October 17, 17",-0.0115,LFCR
2017-10-16,13.15,13.33,13.05,13.2,13.2,37100,37100,0.05,0.38023,13.19,"October 16, 17",0.0038023,LFCR
2017-10-13,13.15,13.2,12.9,13.05,13.05,53400,53400,-0.1,-0.76046,13.05,"October 13, 17",-0.0076046,LFCR
2017-10-12,13.15,13.25,13.0,13.15,13.15,25000,25000,0.0,0.0,13.13,"October 12, 17",0.0,LFCR
2017-10-11,13.35,13.55,13.2,13.3,13.3,44400,44400,-0.05,-0.37453,13.35,"October 11, 17",-0.0037453,LFCR
2017-10-10,13.0,13.45,13.0,13.3,13.3,42000,42000,0.3,2.31,13.25,"October 10, 17",0.0231,LFCR
2017-10-09,12.95,13.0,12.75,12.9,12.9,33600,33600,-0.05,-0.3861,12.88,"October 09, 17",-0.003861,LFCR
2017-10-06,12.75,12.95,12.55,12.85,12.85,25100,25100,0.1,0.78431,12.78,"October 06, 17",0.0078431,LFCR
2017-10-05,12.85,12.9,12.6,12.75,12.75,38100,38100,-0.1,-0.77821,12.75,"October 05, 17",-0.0077821,LFCR
2017-10-04,12.9,13.0,12.75,12.8,12.8,33400,33400,-0.1,-0.77519,12.85,"October 04, 17",-0.0077519,LFCR
2017-10-03,12.85,13.1,12.8,12.9,12.9,61100,61100,0.05,0.38911,12.93,"October 03, 17",0.0038911,LFCR
2017-10-02,12.9,13.0,12.6,12.75,12.75,66100,66100,-0.15,-1.16,12.78,"October 02, 17",-0.0116,LFCR
2017-09-29,13.15,13.35,12.95,12.95,12.95,78300,78300,-0.2,-1.52,13.08,"September 29, 17",-0.0152,LFCR
2017-09-28,13.3,13.4,13.1,13.25,13.25,115100,115100,-0.05,-0.37594,13.25,"September 28, 17",-0.0037594,LFCR
2017-09-27,13.0,13.65,12.78,13.3,13.3,134900,134900,0.3,2.31,13.24,"September 27, 17",0.0231,LFCR
2017-09-26,11.8,12.8,11.65,12.55,12.55,190700,190700,0.75,6.36,12.33,"September 26, 17",0.0636,LFCR
2017-09-25,12.2,12.35,11.95,11.95,11.95,79800,79800,-0.25,-2.05,12.08,"September 25, 17",-0.0205,LFCR
2017-09-22,12.15,12.35,11.95,12.25,12.25,50300,50300,0.1,0.82305,12.18,"September 22, 17",0.0082305,LFCR
2017-09-21,12.75,12.75,12.0,12.05,12.05,87000,87000,-0.7,-5.49,12.27,"September 21, 17",-0.0549,LFCR
2017-09-20,12.6,12.65,12.38,12.45,12.45,50900,50900,-0.15,-1.19,12.49,"September 20, 17",-0.0119,LFCR
2017-09-19,12.85,12.85,12.6,12.65,12.65,32400,32400,-0.2,-1.56,12.7,"September 19, 17",-0.0156,LFCR
2017-09-18,13.0,13.05,12.7,12.8,12.8,35500,35500,-0.2,-1.54,12.85,"September 18, 17",-0.0154,LFCR
2017-09-15,12.7,13.05,12.45,13.0,13.0,135200,135200,0.3,2.36,12.83,"September 15, 17",0.0236,LFCR
2017-09-14,12.75,12.85,12.55,12.65,12.65,24000,24000,-0.1,-0.78431,12.68,"September 14, 17",-0.0078431,LFCR
2017-09-13,12.65,12.9,12.65,12.75,12.75,40700,40700,0.1,0.79051,12.77,"September 13, 17",0.0079051,LFCR
2017-09-12,12.7,12.85,12.5,12.8,12.8,49300,49300,0.1,0.7874,12.72,"September 12, 17",0.007874,LFCR
2017-09-11,12.5,12.9,12.4,12.75,12.75,76900,76900,0.25,2.0,12.68,"September 11, 17",0.02,LFCR
2017-09-08,12.2,12.52,12.2,12.3,12.3,19200,19200,0.1,0.81967,12.34,"September 08, 17",0.0081967,LFCR
2017-09-07,12.45,12.55,12.3,12.3,12.3,46400,46400,-0.15,-1.2,12.38,"September 07, 17",-0.012,LFCR
2017-09-06,12.8,13.0,12.38,12.5,12.5,50200,50200,-0.3,-2.34,12.63,"September 06, 17",-0.0234,LFCR
2017-09-05,13.05,13.1,12.6,12.75,12.75,84700,84700,-0.3,-2.3,12.82,"September 05, 17",-0.023,LFCR
2017-09-01,13.05,13.1,12.8,13.1,13.1,93500,93500,0.05,0.38314,13.0,"September 01, 17",0.0038314,LFCR
2017-08-31,13.05,13.15,12.8,13.0,13.0,80400,80400,-0.05,-0.38314,12.98,"August 31, 17",-0.0038314,LFCR
2017-08-30,13.0,13.1,12.7,13.05,13.05,54200,54200,0.05,0.38462,12.95,"August 30, 17",0.0038462,LFCR
2017-08-29,13.0,13.15,12.75,13.05,13.05,60300,60300,0.05,0.38462,12.98,"August 29, 17",0.0038462,LFCR
2017-08-28,13.25,13.25,12.95,13.1,13.1,111600,111600,-0.15,-1.13,13.1,"August 28, 17",-0.0113,LFCR
2017-08-25,13.0,13.3,12.95,13.25,13.25,88600,88600,0.25,1.92,13.17,"August 25, 17",0.0192,LFCR
2017-08-24,12.95,13.1,12.95,13.1,13.1,41900,41900,0.15,1.16,13.05,"August 24, 17",0.0116,LFCR
2017-08-23,12.95,13.05,12.9,13.05,13.05,65400,65400,0.1,0.7722,13.0,"August 23, 17",0.007722,LFCR
2017-08-22,13.05,13.2,13.0,13.1,13.1,35800,35800,0.05,0.38314,13.1,"August 22, 17",0.0038314,LFCR
2017-08-21,13.0,13.1,12.9,13.05,13.05,37000,37000,0.05,0.38462,13.02,"August 21, 17",0.0038462,LFCR
2017-08-18,13.0,13.1,12.8,13.1,13.1,81400,81400,0.1,0.76923,13.0,"August 18, 17",0.0076923,LFCR
2017-08-17,13.3,13.35,13.0,13.15,13.15,79000,79000,-0.15,-1.13,13.17,"August 17, 17",-0.0113,LFCR
2017-08-16,13.1,13.43,13.0,13.35,13.35,76800,76800,0.25,1.91,13.26,"August 16, 17",0.0191,LFCR
2017-08-15,13.1,13.1,12.8,13.05,13.05,39900,39900,-0.05,-0.38168,12.98,"August 15, 17",-0.0038168,LFCR
2017-08-14,13.15,13.2,12.85,13.15,13.15,60600,60600,0.0,0.0,13.07,"August 14, 17",0.0,LFCR
2017-08-11,12.75,13.2,12.75,13.1,13.1,88600,88600,0.35,2.75,13.02,"August 11, 17",0.0275,LFCR
2017-08-10,12.6,12.9,12.55,12.7,12.7,43300,43300,0.1,0.79365,12.72,"August 10, 17",0.0079365,LFCR
2017-08-09,12.4,12.65,12.4,12.6,12.6,53800,53800,0.2,1.61,12.55,"August 09, 17",0.0161,LFCR
2017-08-08,12.55,12.7,12.5,12.6,12.6,21900,21900,0.05,0.39841,12.6,"August 08, 17",0.0039841,LFCR
2017-08-07,12.55,12.85,12.53,12.6,12.6,32500,32500,0.05,0.39841,12.66,"August 07, 17",0.0039841,LFCR
2017-08-04,12.45,12.7,12.3,12.55,12.55,57400,57400,0.1,0.80321,12.52,"August 04, 17",0.0080321,LFCR
2017-08-03,12.4,12.45,12.35,12.4,12.4,53600,53600,0.0,0.0,12.4,"August 03, 17",0.0,LFCR
2017-08-02,12.4,12.7,12.15,12.4,12.4,75300,75300,0.0,0.0,12.42,"August 02, 17",0.0,LFCR
2017-08-01,12.35,12.45,12.1,12.45,12.45,72200,72200,0.1,0.80972,12.33,"August 01, 17",0.0080972,LFCR
2017-07-31,13.1,13.12,12.3,12.3,12.3,67600,67600,-0.8,-6.11,12.57,"July 31, 17",-0.0611,LFCR
2017-07-28,12.7,13.05,12.6,13.0,13.0,91900,91900,0.3,2.36,12.88,"July 28, 17",0.0236,LFCR
2017-07-27,13.0,13.0,12.4,12.85,12.85,107000,107000,-0.15,-1.15,12.75,"July 27, 17",-0.0115,LFCR
2017-07-26,13.45,14.35,13.0,13.25,13.25,202000,202000,-0.2,-1.49,13.53,"July 26, 17",-0.0149,LFCR
2017-07-25,14.6,14.7,14.2,14.6,14.6,61500,61500,0.0,0.0,14.5,"July 25, 17",0.0,LFCR
2017-07-24,14.25,14.45,14.05,14.35,14.35,44000,44000,0.1,0.70175,14.28,"July 24, 17",0.0070175,LFCR
2017-07-21,14.35,14.6,14.15,14.2,14.2,72900,72900,-0.15,-1.05,14.32,"July 21, 17",-0.0105,LFCR
2017-07-20,14.25,14.4,14.1,14.25,14.25,31800,31800,0.0,0.0,14.25,"July 20, 17",0.0,LFCR
2017-07-19,14.25,14.45,14.05,14.3,14.3,33900,33900,0.05,0.35088,14.27,"July 19, 17",0.0035088,LFCR
2017-07-18,14.28,14.35,14.1,14.2,14.2,30600,30600,-0.08,-0.56022,14.22,"July 18, 17",-0.0056022,LFCR
2017-07-17,14.4,14.65,14.15,14.25,14.25,96500,96500,-0.15,-1.04,14.35,"July 17, 17",-0.0104,LFCR
2017-07-14,14.2,14.5,14.15,14.4,14.4,191500,191500,0.2,1.41,14.35,"July 14, 17",0.0141,LFCR
2017-07-13,14.3,14.4,14.04,14.25,14.25,45800,45800,-0.05,-0.34965,14.23,"July 13, 17",-0.0034965,LFCR
2017-07-12,14.25,14.6,13.97,14.25,14.25,42300,42300,0.0,0.0,14.27,"July 12, 17",0.0,LFCR
2017-07-11,13.8,14.2,13.7,14.2,14.2,125400,125400,0.4,2.9,14.03,"July 11, 17",0.029,LFCR
2017-07-10,14.4,14.45,13.75,13.75,13.75,69100,69100,-0.65,-4.51,13.98,"July 10, 17",-0.0451,LFCR
2017-07-07,14.55,14.6,14.3,14.45,14.45,57500,57500,-0.1,-0.68729,14.45,"July 07, 17",-0.0068729,LFCR
2017-07-06,14.3,14.6,14.25,14.45,14.45,67700,67700,0.15,1.05,14.43,"July 06, 17",0.0105,LFCR
2017-07-05,14.7,14.7,14.38,14.4,14.4,68900,68900,-0.3,-2.04,14.49,"July 05, 17",-0.0204,LFCR
2017-07-03,14.95,14.95,14.7,14.75,14.75,20100,20100,-0.2,-1.34,14.8,"July 03, 17",-0.0134,LFCR
2017-06-30,14.8,14.95,13.9,14.85,14.85,49500,49500,0.05,0.33784,14.57,"June 30, 17",0.0033784,LFCR
2017-06-29,14.55,14.8,14.35,14.7,14.7,59100,59100,0.15,1.03,14.62,"June 29, 17",0.0103,LFCR
2017-06-28,14.3,14.7,14.25,14.55,14.55,75400,75400,0.25,1.75,14.5,"June 28, 17",0.0175,LFCR
2017-06-27,14.15,14.3,13.95,14.2,14.2,38200,38200,0.05,0.35336,14.15,"June 27, 17",0.0035336,LFCR
2017-06-26,14.6,14.6,14.05,14.15,14.15,50500,50500,-0.45,-3.08,14.27,"June 26, 17",-0.0308,LFCR
2017-06-23,14.3,14.8,14.15,14.65,14.65,179300,179300,0.35,2.45,14.53,"June 23, 17",0.0245,LFCR
2017-06-22,14.15,14.35,14.05,14.3,14.3,29500,29500,0.15,1.06,14.23,"June 22, 17",0.0106,LFCR
2017-06-21,14.15,14.35,13.98,14.1,14.1,32700,32700,-0.05,-0.35336,14.14,"June 21, 17",-0.0035336,LFCR
2017-06-20,14.4,14.4,14.0,14.05,14.05,36400,36400,-0.35,-2.43,14.15,"June 20, 17",-0.0243,LFCR
2017-06-19,14.3,14.4,14.05,14.35,14.35,37600,37600,0.05,0.34965,14.27,"June 19, 17",0.0034965,LFCR
2017-06-16,14.15,14.35,13.85,14.3,14.3,118200,118200,0.15,1.06,14.17,"June 16, 17",0.0106,LFCR
2017-06-15,14.15,14.4,14.15,14.35,14.35,41500,41500,0.2,1.41,14.3,"June 15, 17",0.0141,LFCR
2017-06-14,14.3,14.35,14.0,14.3,14.3,56500,56500,0.0,0.0,14.22,"June 14, 17",0.0,LFCR
2017-06-13,13.85,14.35,13.85,14.25,14.25,54000,54000,0.4,2.89,14.15,"June 13, 17",0.0289,LFCR
2017-06-12,14.35,14.45,13.95,14.1,14.1,53500,53500,-0.25,-1.74,14.17,"June 12, 17",-0.0174,LFCR
2017-06-09,14.4,14.43,14.2,14.3,14.3,109900,109900,-0.1,-0.69444,14.31,"June 09, 17",-0.0069444,LFCR
2017-06-08,14.1,14.4,14.05,14.4,14.4,64000,64000,0.3,2.13,14.28,"June 08, 17",0.0213,LFCR
2017-06-07,14.3,14.4,14.1,14.1,14.1,40800,40800,-0.2,-1.4,14.2,"June 07, 17",-0.014,LFCR
2017-06-06,14.25,14.4,14.1,14.25,14.25,42700,42700,0.0,0.0,14.25,"June 06, 17",0.0,LFCR
2017-06-05,14.55,14.55,14.1,14.3,14.3,45900,45900,-0.25,-1.72,14.32,"June 05, 17",-0.0172,LFCR
2017-06-02,14.05,14.6,14.0,14.5,14.5,90600,90600,0.45,3.2,14.37,"June 02, 17",0.032,LFCR
2017-06-01,14.05,14.1,13.8,14.0,14.0,160900,160900,-0.05,-0.35587,13.97,"June 01, 17",-0.0035587,LFCR
2017-05-31,13.95,14.05,13.68,14.0,14.0,79200,79200,0.05,0.35842,13.91,"May 31, 17",0.0035842,LFCR
2017-05-30,13.6,13.98,13.45,13.9,13.9,156700,156700,0.3,2.21,13.78,"May 30, 17",0.0221,LFCR
2017-05-26,13.25,13.7,13.25,13.65,13.65,44300,44300,0.4,3.02,13.53,"May 26, 17",0.0302,LFCR
2017-05-25,13.3,13.6,13.1,13.5,13.5,90100,90100,0.2,1.5,13.4,"May 25, 17",0.015,LFCR
2017-05-24,13.35,13.35,13.1,13.15,13.15,35300,35300,-0.2,-1.5,13.2,"May 24, 17",-0.015,LFCR
2017-05-23,13.35,13.55,13.1,13.4,13.4,78800,78800,0.05,0.37453,13.35,"May 23, 17",0.0037453,LFCR
2017-05-22,13.4,13.4,13.0,13.2,13.2,34800,34800,-0.2,-1.49,13.2,"May 22, 17",-0.0149,LFCR
2017-05-19,13.3,13.35,12.8,13.25,13.25,69500,69500,-0.05,-0.37594,13.13,"May 19, 17",-0.0037594,LFCR
2017-05-18,13.35,13.4,13.23,13.3,13.3,37300,37300,-0.05,-0.37453,13.31,"May 18, 17",-0.0037453,LFCR
2017-05-17,13.7,13.75,13.25,13.4,13.4,63300,63300,-0.3,-2.19,13.47,"May 17, 17",-0.0219,LFCR
2017-05-16,13.9,14.0,13.7,13.85,13.85,71000,71000,-0.05,-0.35971,13.85,"May 16, 17",-0.0035971,LFCR
2017-05-15,13.9,13.9,13.85,13.9,13.9,36900,36900,0.0,0.0,13.88,"May 15, 17",0.0,LFCR
2017-05-12,13.85,13.98,13.75,13.85,13.85,77300,77300,0.0,0.0,13.86,"May 12, 17",0.0,LFCR
2017-05-11,13.8,14.0,13.04,13.85,13.85,32900,32900,0.05,0.36232,13.63,"May 11, 17",0.0036232,LFCR
2017-05-10,14.0,14.0,13.75,13.85,13.85,74500,74500,-0.15,-1.07,13.87,"May 10, 17",-0.0107,LFCR
2017-05-09,14.0,14.09,13.75,14.05,14.05,94500,94500,0.05,0.35714,13.96,"May 09, 17",0.0035714,LFCR
2017-05-08,13.75,14.25,13.7,14.0,14.0,103300,103300,0.25,1.82,13.98,"May 08, 17",0.0182,LFCR
2017-05-05,13.8,14.1,13.65,13.7,13.7,97400,97400,-0.1,-0.72464,13.82,"May 05, 17",-0.0072464,LFCR
2017-05-04,13.75,13.85,13.56,13.8,13.8,75000,75000,0.05,0.36364,13.74,"May 04, 17",0.0036364,LFCR
2017-05-03,13.5,13.75,13.45,13.7,13.7,70500,70500,0.2,1.48,13.63,"May 03, 17",0.0148,LFCR
2017-05-02,13.65,13.8,13.4,13.6,13.6,120400,120400,-0.05,-0.3663,13.6,"May 02, 17",-0.003663,LFCR
2017-05-01,13.8,14.1,13.65,13.8,13.8,78200,78200,0.0,0.0,13.85,"May 01, 17",0.0,LFCR
2017-04-28,13.93,14.0,13.6,13.75,13.75,88900,88900,-0.18,-1.29,13.78,"April 28, 17",-0.0129,LFCR
2017-04-27,14.5,14.55,14.0,14.0,14.0,69400,69400,-0.5,-3.45,14.18,"April 27, 17",-0.0345,LFCR
2017-04-26,14.2,14.55,14.05,14.4,14.4,106200,106200,0.2,1.41,14.33,"April 26, 17",0.0141,LFCR
2017-04-25,14.35,14.45,14.1,14.2,14.2,79000,79000,-0.15,-1.05,14.25,"April 25, 17",-0.0105,LFCR
2017-04-24,14.45,14.45,14.1,14.2,14.2,60500,60500,-0.25,-1.73,14.25,"April 24, 17",-0.0173,LFCR
2017-04-21,14.3,14.4,14.15,14.2,14.2,70500,70500,-0.1,-0.6993,14.25,"April 21, 17",-0.006993,LFCR
2017-04-20,14.15,14.5,14.1,14.3,14.3,86000,86000,0.15,1.06,14.3,"April 20, 17",0.0106,LFCR
2017-04-19,14.1,14.3,13.95,14.1,14.1,50300,50300,0.0,0.0,14.12,"April 19, 17",0.0,LFCR
2017-04-18,14.05,14.1,13.9,14.1,14.1,90100,90100,0.05,0.35587,14.03,"April 18, 17",0.0035587,LFCR
2017-04-17,13.8,14.18,13.6,14.1,14.1,119100,119100,0.3,2.17,13.96,"April 17, 17",0.0217,LFCR
2017-04-13,13.7,13.9,13.6,13.7,13.7,122400,122400,0.0,0.0,13.73,"April 13, 17",0.0,LFCR
2017-04-12,13.9,14.0,13.55,13.75,13.75,86500,86500,-0.15,-1.08,13.77,"April 12, 17",-0.0108,LFCR
2017-04-11,14.05,14.05,13.7,14.0,14.0,99900,99900,-0.05,-0.35587,13.92,"April 11, 17",-0.0035587,LFCR
2017-04-10,14.3,14.4,13.85,14.0,14.0,63100,63100,-0.3,-2.1,14.08,"April 10, 17",-0.021,LFCR
2017-04-07,13.55,14.4,13.45,14.25,14.25,155600,155600,0.7,5.17,14.03,"April 07, 17",0.0517,LFCR
2017-04-06,13.1,13.6,13.1,13.5,13.5,143800,143800,0.4,3.05,13.4,"April 06, 17",0.0305,LFCR
2017-04-05,12.5,13.5,12.0,13.1,13.1,401100,401100,0.6,4.8,12.87,"April 05, 17",0.048,LFCR
2017-04-04,11.9,11.9,11.4,11.7,11.7,277200,277200,-0.2,-1.68,11.67,"April 04, 17",-0.0168,LFCR
2017-04-03,12.0,12.2,11.85,11.9,11.9,73200,73200,-0.1,-0.83333,11.98,"April 03, 17",-0.0083333,LFCR
2017-03-31,12.1,12.15,11.75,12.0,12.0,141600,141600,-0.1,-0.82645,11.97,"March 31, 17",-0.0082645,LFCR
2017-03-30,12.05,12.4,11.95,12.25,12.25,156200,156200,0.2,1.66,12.2,"March 30, 17",0.0166,LFCR
2017-03-29,11.55,12.15,11.45,12.05,12.05,88800,88800,0.5,4.33,11.88,"March 29, 17",0.0433,LFCR
2017-03-28,11.65,11.7,11.45,11.65,11.65,47800,47800,0.0,0.0,11.6,"March 28, 17",0.0,LFCR
2017-03-27,11.4,11.7,11.2,11.55,11.55,44100,44100,0.15,1.32,11.48,"March 27, 17",0.0132,LFCR
2017-03-24,11.95,11.95,11.35,11.55,11.55,60300,60300,-0.4,-3.35,11.62,"March 24, 17",-0.0335,LFCR
2017-03-23,11.55,11.98,11.45,11.95,11.95,54800,54800,0.4,3.46,11.79,"March 23, 17",0.0346,LFCR
2017-03-22,12.05,12.05,11.5,11.55,11.55,57100,57100,-0.5,-4.15,11.7,"March 22, 17",-0.0415,LFCR
2017-03-21,12.55,12.55,12.05,12.1,12.1,119900,119900,-0.45,-3.59,12.23,"March 21, 17",-0.0359,LFCR
2017-03-20,12.55,12.65,12.45,12.5,12.5,31500,31500,-0.05,-0.39841,12.53,"March 20, 17",-0.0039841,LFCR
2017-03-17,12.6,12.8,12.45,12.6,12.6,123100,123100,0.0,0.0,12.62,"March 17, 17",0.0,LFCR
2017-03-16,12.7,12.8,12.5,12.7,12.7,34800,34800,0.0,0.0,12.67,"March 16, 17",0.0,LFCR
2017-03-15,12.4,12.7,12.2,12.65,12.65,54200,54200,0.25,2.02,12.52,"March 15, 17",0.0202,LFCR
2017-03-14,12.5,12.5,12.2,12.3,12.3,22100,22100,-0.2,-1.6,12.33,"March 14, 17",-0.016,LFCR
2017-03-13,12.55,12.6,12.3,12.55,12.55,62900,62900,0.0,0.0,12.48,"March 13, 17",0.0,LFCR
2017-03-10,12.45,12.85,12.4,12.6,12.6,122700,122700,0.15,1.2,12.62,"March 10, 17",0.012,LFCR
2017-03-09,12.45,12.75,12.45,12.5,12.5,45900,45900,0.05,0.40161,12.57,"March 09, 17",0.0040161,LFCR
2017-03-08,12.55,12.6,12.35,12.5,12.5,35300,35300,-0.05,-0.39841,12.48,"March 08, 17",-0.0039841,LFCR
2017-03-07,12.5,12.55,12.45,12.5,12.5,34800,34800,0.0,0.0,12.5,"March 07, 17",0.0,LFCR
2017-03-06,12.6,12.69,12.35,12.45,12.45,61900,61900,-0.15,-1.19,12.5,"March 06, 17",-0.0119,LFCR
2017-03-03,13.0,13.05,12.65,12.85,12.85,48700,48700,-0.15,-1.15,12.85,"March 03, 17",-0.0115,LFCR
2017-03-02,12.7,13.1,12.65,13.0,13.0,54500,54500,0.3,2.36,12.92,"March 02, 17",0.0236,LFCR
2017-03-01,12.8,12.9,12.58,12.65,12.65,33200,33200,-0.15,-1.17,12.71,"March 01, 17",-0.0117,LFCR
2017-02-28,12.7,12.8,12.45,12.6,12.6,101100,101100,-0.1,-0.7874,12.62,"February 28, 17",-0.007874,LFCR
2017-02-27,12.6,12.85,12.6,12.75,12.75,44900,44900,0.15,1.19,12.73,"February 27, 17",0.0119,LFCR
2017-02-24,12.45,12.7,12.45,12.65,12.65,40100,40100,0.2,1.61,12.6,"February 24, 17",0.0161,LFCR
2017-02-23,12.85,12.9,12.55,12.65,12.65,63000,63000,-0.2,-1.56,12.7,"February 23, 17",-0.0156,LFCR
2017-02-22,12.9,12.95,12.7,12.9,12.9,56200,56200,0.0,0.0,12.85,"February 22, 17",0.0,LFCR
2017-02-21,13.4,13.6,12.8,12.95,12.95,59200,59200,-0.45,-3.36,13.12,"February 21, 17",-0.0336,LFCR
2017-02-17,12.9,13.65,12.9,13.4,13.4,92800,92800,0.5,3.88,13.32,"February 17, 17",0.0388,LFCR
2017-02-16,13.1,13.2,12.8,12.9,12.9,19000,19000,-0.2,-1.53,12.97,"February 16, 17",-0.0153,LFCR
2017-02-15,12.85,13.2,12.65,13.15,13.15,51700,51700,0.3,2.33,13.0,"February 15, 17",0.0233,LFCR
2017-02-14,13.05,13.1,12.65,12.9,12.9,42500,42500,-0.15,-1.15,12.88,"February 14, 17",-0.0115,LFCR
2017-02-13,13.1,13.2,13.0,13.1,13.1,36000,36000,0.0,0.0,13.1,"February 13, 17",0.0,LFCR
2017-02-10,12.85,13.05,12.65,13.0,13.0,47700,47700,0.15,1.17,12.9,"February 10, 17",0.0117,LFCR
2017-02-09,12.7,13.0,12.7,12.85,12.85,50300,50300,0.15,1.18,12.85,"February 09, 17",0.0118,LFCR
2017-02-08,12.55,12.85,12.45,12.7,12.7,42400,42400,0.15,1.2,12.67,"February 08, 17",0.012,LFCR
2017-02-07,12.5,12.7,12.4,12.55,12.55,43300,43300,0.05,0.4,12.55,"February 07, 17",0.004,LFCR
2017-02-06,12.3,12.55,12.25,12.45,12.45,64400,64400,0.15,1.22,12.42,"February 06, 17",0.0122,LFCR
2017-02-03,12.3,12.35,12.2,12.3,12.3,109700,109700,0.0,0.0,12.28,"February 03, 17",0.0,LFCR
2017-02-02,12.35,12.35,12.15,12.25,12.25,39500,39500,-0.1,-0.80972,12.25,"February 02, 17",-0.0080972,LFCR
2017-02-01,12.75,12.75,12.25,12.35,12.35,76600,76600,-0.4,-3.14,12.45,"February 01, 17",-0.0314,LFCR
2017-01-31,13.05,13.05,12.55,12.6,12.6,57600,57600,-0.45,-3.45,12.73,"January 31, 17",-0.0345,LFCR
2017-01-30,13.1,13.2,12.95,13.0,13.0,114500,114500,-0.1,-0.76336,13.05,"January 30, 17",-0.0076336,LFCR
2017-01-27,12.9,13.25,12.85,13.05,13.05,100300,100300,0.15,1.16,13.05,"January 27, 17",0.0116,LFCR
2017-01-26,12.75,13.05,12.65,12.9,12.9,54800,54800,0.15,1.18,12.87,"January 26, 17",0.0118,LFCR
2017-01-25,12.8,13.1,12.4,12.75,12.75,57100,57100,-0.05,-0.39063,12.75,"January 25, 17",-0.0039063,LFCR
2017-01-24,12.35,12.68,12.25,12.65,12.65,34800,34800,0.3,2.43,12.53,"January 24, 17",0.0243,LFCR
2017-01-23,12.25,12.36,12.1,12.3,12.3,68900,68900,0.05,0.40816,12.25,"January 23, 17",0.0040816,LFCR
2017-01-20,12.45,12.5,12.2,12.25,12.25,63000,63000,-0.2,-1.61,12.32,"January 20, 17",-0.0161,LFCR
2017-01-19,12.5,12.6,12.15,12.5,12.5,100400,100400,0.0,0.0,12.42,"January 19, 17",0.0,LFCR
2017-01-18,12.2,12.55,12.05,12.4,12.4,99200,99200,0.2,1.64,12.33,"January 18, 17",0.0164,LFCR
2017-01-17,12.45,12.5,11.85,12.1,12.1,73000,73000,-0.35,-2.81,12.15,"January 17, 17",-0.0281,LFCR
2017-01-13,13.0,13.15,12.45,12.5,12.5,53800,53800,-0.5,-3.85,12.7,"January 13, 17",-0.0385,LFCR
2017-01-12,13.3,13.3,12.85,12.9,12.9,58800,58800,-0.4,-3.01,13.02,"January 12, 17",-0.0301,LFCR
2017-01-11,13.65,13.7,13.15,13.35,13.35,47500,47500,-0.3,-2.2,13.4,"January 11, 17",-0.022,LFCR
2017-01-10,13.6,13.8,13.3,13.7,13.7,232100,232100,0.1,0.73529,13.6,"January 10, 17",0.0073529,LFCR
2017-01-09,13.5,13.65,13.2,13.5,13.5,77400,77400,0.0,0.0,13.45,"January 09, 17",0.0,LFCR
2017-01-06,13.55,13.6,13.25,13.5,13.5,88900,88900,-0.05,-0.369,13.45,"January 06, 17",-0.00369,LFCR
2017-01-05,13.35,13.55,12.9,13.45,13.45,316300,316300,0.1,0.74906,13.3,"January 05, 17",0.0074906,LFCR
2017-01-04,13.9,14.35,13.6,14.3,14.3,83000,83000,0.4,2.88,14.08,"January 04, 17",0.0288,LFCR
2017-01-03,14.0,14.1,13.6,13.8,13.8,95300,95300,-0.2,-1.43,13.83,"January 03, 17",-0.0143,LFCR
2016-12-30,14.0,14.0,13.65,13.8,13.8,44900,44900,-0.2,-1.43,13.82,"December 30, 16",-0.0143,LFCR
2016-12-29,13.7,14.0,13.55,13.95,13.95,53800,53800,0.25,1.82,13.83,"December 29, 16",0.0182,LFCR
2016-12-28,13.9,13.93,13.5,13.75,13.75,109900,109900,-0.15,-1.08,13.73,"December 28, 16",-0.0108,LFCR
2016-12-27,14.0,14.35,13.6,13.95,13.95,62200,62200,-0.05,-0.35714,13.97,"December 27, 16",-0.0035714,LFCR
2016-12-23,13.65,13.95,13.6,13.95,13.95,75000,75000,0.3,2.2,13.83,"December 23, 16",0.022,LFCR
2016-12-22,13.95,13.95,13.5,13.65,13.65,104500,104500,-0.3,-2.15,13.7,"December 22, 16",-0.0215,LFCR
2016-12-21,14.05,14.15,13.9,13.95,13.95,57600,57600,-0.1,-0.71174,14.0,"December 21, 16",-0.0071174,LFCR
2016-12-20,13.35,14.12,12.9,14.1,14.1,155100,155100,0.75,5.62,13.71,"December 20, 16",0.0562,LFCR
2016-12-19,13.55,13.7,13.15,13.25,13.25,133200,133200,-0.3,-2.21,13.37,"December 19, 16",-0.0221,LFCR
2016-12-16,14.15,14.2,13.55,13.55,13.55,214200,214200,-0.6,-4.24,13.77,"December 16, 16",-0.0424,LFCR
2016-12-15,14.3,14.4,13.85,14.05,14.05,144000,144000,-0.25,-1.75,14.1,"December 15, 16",-0.0175,LFCR
2016-12-14,14.75,14.85,14.1,14.25,14.25,75700,75700,-0.5,-3.39,14.4,"December 14, 16",-0.0339,LFCR
2016-12-13,14.85,14.85,14.65,14.75,14.75,89000,89000,-0.1,-0.6734,14.75,"December 13, 16",-0.006734,LFCR
2016-12-12,15.1,15.4,14.7,14.8,14.8,57700,57700,-0.3,-1.99,14.97,"December 12, 16",-0.0199,LFCR
2016-12-09,15.4,15.45,14.95,15.05,15.05,78100,78100,-0.35,-2.27,15.15,"December 09, 16",-0.0227,LFCR
2016-12-08,15.3,15.45,15.14,15.3,15.3,79000,79000,0.0,0.0,15.3,"December 08, 16",0.0,LFCR
2016-12-07,14.65,15.5,14.65,15.35,15.35,138000,138000,0.7,4.78,15.17,"December 07, 16",0.0478,LFCR
2016-12-06,14.45,14.85,14.35,14.65,14.65,54000,54000,0.2,1.38,14.62,"December 06, 16",0.0138,LFCR
2016-12-05,14.1,14.4,14.0,14.4,14.4,38500,38500,0.3,2.13,14.27,"December 05, 16",0.0213,LFCR
2016-12-02,14.05,14.05,13.8,13.95,13.95,56000,56000,-0.1,-0.71174,13.93,"December 02, 16",-0.0071174,LFCR
2016-12-01,14.35,14.4,13.85,14.0,14.0,70400,70400,-0.35,-2.44,14.08,"December 01, 16",-0.0244,LFCR
2016-11-30,14.5,14.5,14.3,14.3,14.3,49900,49900,-0.2,-1.38,14.37,"November 30, 16",-0.0138,LFCR
2016-11-29,14.35,14.45,14.3,14.4,14.4,35700,35700,0.05,0.34843,14.38,"November 29, 16",0.0034843,LFCR
2016-11-28,14.35,14.5,14.25,14.3,14.3,62600,62600,-0.05,-0.34843,14.35,"November 28, 16",-0.0034843,LFCR
2016-11-25,14.2,14.5,14.2,14.5,14.5,9800,9800,0.3,2.11,14.4,"November 25, 16",0.0211,LFCR
2016-11-23,14.35,14.45,12.96,14.3,14.3,36400,36400,-0.05,-0.34843,13.9,"November 23, 16",-0.0034843,LFCR
2016-11-22,14.4,14.4,14.2,14.4,14.4,56100,56100,0.0,0.0,14.33,"November 22, 16",0.0,LFCR
2016-11-21,14.4,14.4,14.05,14.4,14.4,32900,32900,0.0,0.0,14.28,"November 21, 16",0.0,LFCR
2016-11-18,14.3,14.4,14.0,14.4,14.4,71900,71900,0.1,0.6993,14.27,"November 18, 16",0.006993,LFCR
2016-11-17,14.1,14.7,14.1,14.2,14.2,83200,83200,0.1,0.70922,14.33,"November 17, 16",0.0070922,LFCR
2016-11-16,13.95,14.05,13.92,14.05,14.05,55300,55300,0.1,0.71685,14.01,"November 16, 16",0.0071685,LFCR
2016-11-15,14.05,14.2,13.85,13.9,13.9,46200,46200,-0.15,-1.07,13.98,"November 15, 16",-0.0107,LFCR
2016-11-14,14.6,14.7,13.9,14.0,14.0,131700,131700,-0.6,-4.11,14.2,"November 14, 16",-0.0411,LFCR
2016-11-11,13.85,14.7,13.75,14.4,14.4,160400,160400,0.55,3.97,14.28,"November 11, 16",0.0397,LFCR
2016-11-10,13.9,14.1,13.27,13.85,13.85,103400,103400,-0.05,-0.35971,13.74,"November 10, 16",-0.0035971,LFCR
2016-11-09,13.15,13.8,12.96,13.75,13.75,57500,57500,0.6,4.56,13.5,"November 09, 16",0.0456,LFCR
2016-11-08,13.15,13.25,12.9,13.2,13.2,20900,20900,0.05,0.38023,13.12,"November 08, 16",0.0038023,LFCR
2016-11-07,13.05,13.25,12.77,13.15,13.15,50000,50000,0.1,0.76628,13.06,"November 07, 16",0.0076628,LFCR
2016-11-04,12.7,13.05,12.65,12.8,12.8,108500,108500,0.1,0.7874,12.83,"November 04, 16",0.007874,LFCR
2016-11-03,12.8,13.0,12.75,12.8,12.8,29500,29500,0.0,0.0,12.85,"November 03, 16",0.0,LFCR
2016-11-02,12.85,13.05,12.06,12.85,12.85,57400,57400,0.0,0.0,12.65,"November 02, 16",0.0,LFCR
2016-11-01,13.35,13.35,12.9,12.9,12.9,55600,55600,-0.45,-3.37,13.05,"November 01, 16",-0.0337,LFCR
2016-10-31,13.25,13.3,13.15,13.25,13.25,52900,52900,0.0,0.0,13.23,"October 31, 16",0.0,LFCR
2016-10-28,13.35,13.5,13.3,13.3,13.3,33000,33000,-0.05,-0.37453,13.37,"October 28, 16",-0.0037453,LFCR
2016-10-27,13.35,13.35,13.25,13.3,13.3,35400,35400,-0.05,-0.37453,13.3,"October 27, 16",-0.0037453,LFCR
2016-10-26,13.7,13.7,13.31,13.35,13.35,65100,65100,-0.35,-2.55,13.45,"October 26, 16",-0.0255,LFCR
2016-10-25,13.95,13.95,13.65,13.7,13.7,30200,30200,-0.25,-1.79,13.77,"October 25, 16",-0.0179,LFCR
2016-10-24,13.95,14.05,13.9,13.95,13.95,64300,64300,0.0,0.0,13.97,"October 24, 16",0.0,LFCR
2016-10-21,13.65,14.0,13.65,13.95,13.95,49100,49100,0.3,2.2,13.87,"October 21, 16",0.022,LFCR
2016-10-20,13.6,13.9,13.16,13.8,13.8,126300,126300,0.2,1.47,13.62,"October 20, 16",0.0147,LFCR
2016-10-19,13.45,13.65,13.35,13.65,13.65,57300,57300,0.2,1.49,13.55,"October 19, 16",0.0149,LFCR
2016-10-18,13.65,13.65,13.45,13.5,13.5,58300,58300,-0.15,-1.1,13.53,"October 18, 16",-0.011,LFCR
2016-10-17,13.75,13.75,13.55,13.65,13.65,37800,37800,-0.1,-0.72727,13.65,"October 17, 16",-0.0072727,LFCR
2016-10-14,13.28,13.72,13.28,13.7,13.7,123500,123500,0.42,3.16,13.57,"October 14, 16",0.0316,LFCR
2016-10-13,13.37,13.37,13.16,13.27,13.27,48700,48700,-0.1,-0.74794,13.27,"October 13, 16",-0.0074794,LFCR
2016-10-12,13.41,13.47,13.28,13.4,13.4,28900,28900,-0.01,-0.07457122,13.38,"October 12, 16",-0.0007457122,LFCR
2016-10-11,13.43,13.43,13.22,13.38,13.38,40500,40500,-0.05,-0.3723,13.34,"October 11, 16",-0.003723,LFCR
2016-10-10,13.4,13.48,13.38,13.48,13.48,75100,75100,0.08,0.59701,13.45,"October 10, 16",0.0059701,LFCR
2016-10-07,13.41,13.47,13.28,13.43,13.43,52600,52600,0.02,0.14914,13.39,"October 07, 16",0.0014914,LFCR
2016-10-06,13.45,13.48,13.34,13.43,13.43,66600,66600,-0.02,-0.1487,13.42,"October 06, 16",-0.001487,LFCR
2016-10-05,13.31,13.52,13.3,13.46,13.46,123800,123800,0.15,1.13,13.43,"October 05, 16",0.0113,LFCR
2016-10-04,13.41,13.45,13.23,13.26,13.26,52100,52100,-0.15,-1.12,13.31,"October 04, 16",-0.0112,LFCR
2016-10-03,13.38,13.45,13.13,13.34,13.34,72600,72600,-0.04,-0.29895,13.31,"October 03, 16",-0.0029895,LFCR
2016-09-30,13.45,13.49,13.28,13.41,13.41,117900,117900,-0.04,-0.2974,13.39,"September 30, 16",-0.002974,LFCR
2016-09-29,13.37,13.56,13.19,13.43,13.43,96800,96800,0.06,0.44877,13.39,"September 29, 16",0.0044877,LFCR
2016-09-28,12.97,13.5,12.5,13.45,13.45,353500,353500,0.48,3.7,13.15,"September 28, 16",0.037,LFCR
2016-09-27,12.71,13.03,12.66,12.97,12.97,246800,246800,0.26,2.05,12.89,"September 27, 16",0.0205,LFCR
2016-09-26,12.91,13.05,12.72,12.74,12.74,43100,43100,-0.17,-1.32,12.84,"September 26, 16",-0.0132,LFCR
2016-09-23,12.94,13.0,12.87,12.95,12.95,137200,137200,0.01,0.07727975,12.94,"September 23, 16",0.0007727975,LFCR
2016-09-22,12.89,13.0,12.83,12.99,12.99,122900,122900,0.1,0.7758,12.94,"September 22, 16",0.007758,LFCR
2016-09-21,12.61,12.8,12.61,12.78,12.78,31300,31300,0.17,1.35,12.73,"September 21, 16",0.0135,LFCR
2016-09-20,12.61,12.77,12.51,12.52,12.52,44400,44400,-0.09,-0.71372,12.6,"September 20, 16",-0.0071372,LFCR
2016-09-19,12.69,12.91,12.6,12.66,12.66,33500,33500,-0.03,-0.23641,12.72,"September 19, 16",-0.0023641,LFCR
2016-09-16,12.51,12.81,12.44,12.71,12.71,107400,107400,0.2,1.6,12.65,"September 16, 16",0.016,LFCR
2016-09-15,12.45,12.79,12.38,12.46,12.46,39000,39000,0.01,0.08032129,12.54,"September 15, 16",0.0008032129,LFCR
2016-09-14,12.73,12.85,12.43,12.46,12.46,22600,22600,-0.27,-2.12,12.58,"September 14, 16",-0.0212,LFCR
2016-09-13,12.57,12.6,12.36,12.51,12.51,37800,37800,-0.06,-0.47733,12.49,"September 13, 16",-0.0047733,LFCR
2016-09-12,12.47,12.91,12.43,12.78,12.78,47300,47300,0.31,2.49,12.71,"September 12, 16",0.0249,LFCR
2016-09-09,12.84,12.89,12.46,12.48,12.48,47800,47800,-0.36,-2.8,12.61,"September 09, 16",-0.028,LFCR
2016-09-08,12.98,13.0,12.87,12.93,12.93,53000,53000,-0.05,-0.38521,12.93,"September 08, 16",-0.0038521,LFCR
2016-09-07,12.93,13.03,12.9,12.97,12.97,51000,51000,0.04,0.30936,12.97,"September 07, 16",0.0030936,LFCR
2016-09-06,13.02,13.03,12.87,12.94,12.94,23100,23100,-0.08,-0.61444,12.95,"September 06, 16",-0.0061444,LFCR
2016-09-02,12.87,13.0,12.81,12.97,12.97,49800,49800,0.1,0.777,12.93,"September 02, 16",0.00777,LFCR
2016-09-01,12.91,12.96,12.54,12.82,12.82,45200,45200,-0.09,-0.69713,12.77,"September 01, 16",-0.0069713,LFCR
2016-08-31,12.95,13.02,12.74,12.96,12.96,65900,65900,0.01,0.07722008,12.91,"August 31, 16",0.0007722008,LFCR
2016-08-30,12.93,13.16,12.93,12.99,12.99,134200,134200,0.06,0.46404,13.03,"August 30, 16",0.0046404,LFCR
2016-08-29,12.8,12.96,12.71,12.93,12.93,51200,51200,0.13,1.02,12.87,"August 29, 16",0.0102,LFCR
2016-08-26,12.6,12.8,12.43,12.65,12.65,67500,67500,0.05,0.39683,12.63,"August 26, 16",0.0039683,LFCR
2016-08-25,12.23,12.64,11.96,12.62,12.62,38400,38400,0.39,3.19,12.41,"August 25, 16",0.0319,LFCR
2016-08-24,12.21,12.29,11.89,12.2,12.2,76800,76800,-0.01,-0.08190008,12.13,"August 24, 16",-0.0008190008,LFCR
2016-08-23,12.2,12.25,12.17,12.19,12.19,65500,65500,-0.01,-0.08196721,12.2,"August 23, 16",-0.0008196721,LFCR
2016-08-22,12.25,12.3,12.04,12.2,12.2,37100,37100,-0.05,-0.40816,12.18,"August 22, 16",-0.0040816,LFCR
2016-08-19,12.3,12.48,12.15,12.22,12.22,172200,172200,-0.08,-0.65041,12.28,"August 19, 16",-0.0065041,LFCR
2016-08-18,12.22,12.43,12.01,12.25,12.25,59300,59300,0.03,0.2455,12.23,"August 18, 16",0.002455,LFCR
2016-08-17,12.46,12.46,12.19,12.21,12.21,39800,39800,-0.25,-2.01,12.29,"August 17, 16",-0.0201,LFCR
2016-08-16,12.52,12.56,12.32,12.48,12.48,67200,67200,-0.04,-0.31949,12.45,"August 16, 16",-0.0031949,LFCR
2016-08-15,12.55,12.63,12.33,12.55,12.55,81200,81200,0.0,0.0,12.5,"August 15, 16",0.0,LFCR
2016-08-12,12.43,12.56,12.34,12.55,12.55,75200,75200,0.12,0.96541,12.48,"August 12, 16",0.0096541,LFCR
2016-08-11,12.38,12.57,12.29,12.42,12.42,99100,99100,0.04,0.3231,12.43,"August 11, 16",0.003231,LFCR
2016-08-10,12.22,12.33,12.1,12.31,12.31,30000,30000,0.09,0.7365,12.25,"August 10, 16",0.007365,LFCR
2016-08-09,12.17,12.26,12.07,12.19,12.19,72200,72200,0.02,0.16434,12.17,"August 09, 16",0.0016434,LFCR
2016-08-08,12.01,12.24,11.99,12.19,12.19,45700,45700,0.18,1.5,12.14,"August 08, 16",0.015,LFCR
2016-08-05,11.96,12.13,11.76,12.04,12.04,98800,98800,0.08,0.6689,11.98,"August 05, 16",0.006689,LFCR
2016-08-04,11.75,12.04,11.68,11.97,11.97,54200,54200,0.22,1.87,11.9,"August 04, 16",0.0187,LFCR
2016-08-03,11.66,11.75,11.59,11.72,11.72,27900,27900,0.06,0.51458,11.69,"August 03, 16",0.0051458,LFCR
2016-08-02,11.62,11.85,10.86,11.66,11.66,63600,63600,0.04,0.34423,11.46,"August 02, 16",0.0034423,LFCR
2016-08-01,11.65,11.7,11.35,11.69,11.69,130700,130700,0.04,0.34335,11.58,"August 01, 16",0.0034335,LFCR
2016-07-29,11.4,11.66,11.3,11.5,11.5,56600,56600,0.1,0.87719,11.49,"July 29, 16",0.0087719,LFCR
2016-07-28,11.6,11.6,11.05,11.47,11.47,226600,226600,-0.13,-1.12,11.37,"July 28, 16",-0.0112,LFCR
2016-07-27,11.44,11.74,11.3,11.62,11.62,103400,103400,0.18,1.57,11.55,"July 27, 16",0.0157,LFCR
2016-07-26,11.39,11.47,11.19,11.26,11.26,57400,57400,-0.13,-1.14,11.31,"July 26, 16",-0.0114,LFCR
2016-07-25,11.36,11.62,11.25,11.38,11.38,83500,83500,0.02,0.17606,11.42,"July 25, 16",0.0017606,LFCR
2016-07-22,11.31,11.45,11.22,11.41,11.41,46900,46900,0.1,0.88417,11.36,"July 22, 16",0.0088417,LFCR
2016-07-21,11.16,11.42,11.16,11.35,11.35,53000,53000,0.19,1.7,11.31,"July 21, 16",0.017,LFCR
2016-07-20,11.07,11.27,10.81,11.25,11.25,45200,45200,0.18,1.63,11.11,"July 20, 16",0.0163,LFCR
2016-07-19,11.33,11.33,11.05,11.06,11.06,23400,23400,-0.27,-2.38,11.15,"July 19, 16",-0.0238,LFCR
2016-07-18,11.42,11.77,11.21,11.32,11.32,59800,59800,-0.1,-0.87566,11.43,"July 18, 16",-0.0087566,LFCR
2016-07-15,10.71,11.49,10.59,11.39,11.39,141500,141500,0.68,6.35,11.16,"July 15, 16",0.0635,LFCR
2016-07-14,10.97,10.97,10.55,10.63,10.63,86000,86000,-0.34,-3.1,10.72,"July 14, 16",-0.031,LFCR
2016-07-13,11.21,11.27,10.86,10.86,10.86,82300,82300,-0.35,-3.12,11.0,"July 13, 16",-0.0312,LFCR
2016-07-12,11.0,11.24,10.95,11.2,11.2,91600,91600,0.2,1.82,11.13,"July 12, 16",0.0182,LFCR
2016-07-11,11.05,11.2,10.82,10.96,10.96,55800,55800,-0.09,-0.81448,10.99,"July 11, 16",-0.0081448,LFCR
2016-07-08,10.67,11.1,10.67,11.0,11.0,75900,75900,0.33,3.09,10.92,"July 08, 16",0.0309,LFCR
2016-07-07,10.57,10.75,10.51,10.67,10.67,47100,47100,0.1,0.94607,10.64,"July 07, 16",0.0094607,LFCR
2016-07-06,10.46,10.54,10.39,10.52,10.52,29200,29200,0.06,0.57361,10.48,"July 06, 16",0.0057361,LFCR
2016-07-05,10.75,10.85,10.41,10.46,10.46,44400,44400,-0.29,-2.7,10.57,"July 05, 16",-0.027,LFCR
2016-07-01,10.76,10.91,10.66,10.74,10.74,39500,39500,-0.02,-0.18587,10.77,"July 01, 16",-0.0018587,LFCR
2016-06-30,10.48,10.77,10.46,10.76,10.76,57900,57900,0.28,2.67,10.66,"June 30, 16",0.0267,LFCR
2016-06-29,10.47,10.56,10.39,10.44,10.44,41800,41800,-0.03,-0.28653,10.46,"June 29, 16",-0.0028653,LFCR
2016-06-28,10.34,10.85,10.28,10.41,10.41,83200,83200,0.07,0.67698,10.51,"June 28, 16",0.0067698,LFCR
2016-06-27,10.71,10.85,10.22,10.29,10.29,83200,83200,-0.42,-3.92,10.45,"June 27, 16",-0.0392,LFCR
2016-06-24,10.63,10.84,9.85,10.82,10.82,182700,182700,0.19,1.79,10.5,"June 24, 16",0.0179,LFCR
2016-06-23,10.81,11.01,10.76,10.89,10.89,74900,74900,0.08,0.74006,10.89,"June 23, 16",0.0074006,LFCR
2016-06-22,11.04,11.1,10.73,10.8,10.8,40500,40500,-0.24,-2.17,10.88,"June 22, 16",-0.0217,LFCR
2016-06-21,11.13,11.31,10.86,11.06,11.06,54100,54100,-0.07,-0.62893,11.08,"June 21, 16",-0.0062893,LFCR
2016-06-20,11.11,11.29,11.02,11.15,11.15,123600,123600,0.04,0.36004,11.15,"June 20, 16",0.0036004,LFCR
2016-06-17,11.1,11.12,10.89,10.98,10.98,120600,120600,-0.12,-1.08,11.0,"June 17, 16",-0.0108,LFCR
2016-06-16,11.08,11.54,11.02,11.09,11.09,64800,64800,0.01,0.09025271,11.22,"June 16, 16",0.0009025271,LFCR
2016-06-15,11.21,11.24,11.07,11.09,11.09,94000,94000,-0.12,-1.07,11.13,"June 15, 16",-0.0107,LFCR
2016-06-14,11.1,11.21,11.04,11.18,11.18,36900,36900,0.08,0.72072,11.14,"June 14, 16",0.0072072,LFCR
2016-06-13,11.3,11.32,11.08,11.12,11.12,56900,56900,-0.18,-1.59,11.17,"June 13, 16",-0.0159,LFCR
2016-06-10,11.34,11.52,11.26,11.31,11.31,42500,42500,-0.03,-0.26455,11.36,"June 10, 16",-0.0026455,LFCR
2016-06-09,11.36,11.48,11.23,11.44,11.44,65400,65400,0.08,0.70423,11.38,"June 09, 16",0.0070423,LFCR
2016-06-08,11.6,11.66,11.34,11.4,11.4,75700,75700,-0.2,-1.72,11.47,"June 08, 16",-0.0172,LFCR
2016-06-07,11.24,11.74,11.11,11.54,11.54,149900,149900,0.3,2.67,11.46,"June 07, 16",0.0267,LFCR
2016-06-06,11.17,11.34,11.1,11.16,11.16,116200,116200,-0.01,-0.08952551,11.2,"June 06, 16",-0.0008952551,LFCR
2016-06-03,11.23,11.32,11.03,11.19,11.19,87200,87200,-0.04,-0.35619,11.18,"June 03, 16",-0.0035619,LFCR
2016-06-02,11.35,11.35,11.08,11.24,11.24,49700,49700,-0.11,-0.96916,11.22,"June 02, 16",-0.0096916,LFCR
2016-06-01,11.55,11.55,11.38,11.4,11.4,100800,100800,-0.15,-1.3,11.44,"June 01, 16",-0.013,LFCR
2016-05-31,11.48,11.66,11.47,11.58,11.58,109900,109900,0.1,0.87108,11.57,"May 31, 16",0.0087108,LFCR
2016-05-27,11.46,11.66,11.45,11.46,11.46,106600,106600,0.0,0.0,11.52,"May 27, 16",0.0,LFCR
2016-05-26,11.3,11.59,11.14,11.49,11.49,152500,152500,0.19,1.68,11.41,"May 26, 16",0.0168,LFCR
2016-05-25,11.53,11.53,11.19,11.36,11.36,254600,254600,-0.17,-1.47,11.36,"May 25, 16",-0.0147,LFCR
2016-05-24,11.7,11.75,11.43,11.55,11.55,126200,126200,-0.15,-1.28,11.58,"May 24, 16",-0.0128,LFCR
2016-05-23,11.51,11.81,11.28,11.61,11.61,113500,113500,0.1,0.86881,11.57,"May 23, 16",0.0086881,LFCR
2016-05-20,11.39,11.58,11.06,11.53,11.53,55100,55100,0.14,1.23,11.39,"May 20, 16",0.0123,LFCR
2016-05-19,11.36,11.45,11.16,11.32,11.32,97100,97100,-0.04,-0.35211,11.31,"May 19, 16",-0.0035211,LFCR
2016-05-18,11.39,11.62,11.08,11.4,11.4,141400,141400,0.01,0.08779631,11.37,"May 18, 16",0.0008779631,LFCR
2016-05-17,11.39,11.53,11.0,11.47,11.47,161800,161800,0.08,0.70237,11.33,"May 17, 16",0.0070237,LFCR
2016-05-16,11.23,11.51,11.2,11.39,11.39,77300,77300,0.16,1.42,11.37,"May 16, 16",0.0142,LFCR
2016-05-13,11.17,11.41,11.15,11.26,11.26,49200,49200,0.09,0.80573,11.27,"May 13, 16",0.0080573,LFCR
2016-05-12,11.61,11.71,11.13,11.25,11.25,101000,101000,-0.36,-3.1,11.36,"May 12, 16",-0.031,LFCR
2016-05-11,11.59,11.63,11.41,11.51,11.51,91800,91800,-0.08,-0.69025,11.52,"May 11, 16",-0.0069025,LFCR
2016-05-10,11.07,11.65,10.76,11.61,11.61,74800,74800,0.54,4.88,11.34,"May 10, 16",0.0488,LFCR
2016-05-09,11.26,11.26,10.91,11.05,11.05,51800,51800,-0.21,-1.87,11.07,"May 09, 16",-0.0187,LFCR
2016-05-06,10.96,11.2,10.96,11.19,11.19,57700,57700,0.23,2.1,11.12,"May 06, 16",0.021,LFCR
2016-05-05,11.06,11.48,10.77,10.96,10.96,75500,75500,-0.1,-0.90416,11.07,"May 05, 16",-0.0090416,LFCR
2016-05-04,10.94,11.17,10.86,10.99,10.99,149500,149500,0.05,0.45704,11.01,"May 04, 16",0.0045704,LFCR
2016-05-03,10.94,11.21,10.92,11.0,11.0,146400,146400,0.06,0.54845,11.04,"May 03, 16",0.0054845,LFCR
2016-05-02,11.22,11.26,10.91,11.05,11.05,147300,147300,-0.17,-1.52,11.07,"May 02, 16",-0.0152,LFCR
2016-04-29,11.28,11.34,11.09,11.25,11.25,50200,50200,-0.03,-0.26596,11.23,"April 29, 16",-0.0026596,LFCR
2016-04-28,11.31,11.46,11.23,11.28,11.28,80100,80100,-0.03,-0.26525,11.32,"April 28, 16",-0.0026525,LFCR
2016-04-27,11.28,11.34,11.12,11.32,11.32,58200,58200,0.04,0.35461,11.26,"April 27, 16",0.0035461,LFCR
2016-04-26,11.24,11.43,11.2,11.25,11.25,59400,59400,0.01,0.08896797,11.29,"April 26, 16",0.0008896797,LFCR
2016-04-25,11.18,11.3,11.18,11.27,11.27,85500,85500,0.09,0.80501,11.25,"April 25, 16",0.0080501,LFCR
2016-04-22,11.05,11.25,11.03,11.21,11.21,82100,82100,0.16,1.45,11.16,"April 22, 16",0.0145,LFCR
2016-04-21,11.23,11.28,11.06,11.12,11.12,118000,118000,-0.11,-0.97952,11.15,"April 21, 16",-0.0097952,LFCR
2016-04-20,10.96,11.28,10.96,11.25,11.25,68700,68700,0.29,2.65,11.16,"April 20, 16",0.0265,LFCR
2016-04-19,10.82,11.24,10.69,11.01,11.01,129900,129900,0.19,1.76,10.98,"April 19, 16",0.0176,LFCR
2016-04-18,10.43,10.79,10.43,10.76,10.76,80400,80400,0.33,3.16,10.66,"April 18, 16",0.0316,LFCR
2016-04-15,10.5,10.55,10.44,10.5,10.5,33900,33900,0.0,0.0,10.5,"April 15, 16",0.0,LFCR
2016-04-14,10.63,10.7,10.46,10.51,10.51,72200,72200,-0.12,-1.13,10.56,"April 14, 16",-0.0113,LFCR
2016-04-13,10.29,10.78,10.15,10.67,10.67,157500,157500,0.38,3.69,10.53,"April 13, 16",0.0369,LFCR
2016-04-12,10.06,10.38,10.03,10.21,10.21,57000,57000,0.15,1.49,10.21,"April 12, 16",0.0149,LFCR
2016-04-11,10.17,10.26,10.05,10.1,10.1,126400,126400,-0.07,-0.6883,10.14,"April 11, 16",-0.006883,LFCR
2016-04-08,10.1,10.47,10.03,10.11,10.11,101500,101500,0.01,0.0990099,10.2,"April 08, 16",0.000990099,LFCR
2016-04-07,10.07,10.39,10.03,10.11,10.11,56800,56800,0.04,0.39722,10.18,"April 07, 16",0.0039722,LFCR
2016-04-06,10.47,10.47,10.04,10.17,10.17,53400,53400,-0.3,-2.87,10.23,"April 06, 16",-0.0287,LFCR
2016-04-05,10.37,10.51,10.18,10.24,10.24,62400,62400,-0.13,-1.25,10.31,"April 05, 16",-0.0125,LFCR
2016-04-04,10.5,10.53,10.01,10.42,10.42,132800,132800,-0.08,-0.7619,10.32,"April 04, 16",-0.007619,LFCR
2016-04-01,10.39,10.55,10.36,10.49,10.49,79200,79200,0.1,0.96246,10.47,"April 01, 16",0.0096246,LFCR
2016-03-31,10.6,10.86,10.5,10.5,10.5,127500,127500,-0.1,-0.9434,10.62,"March 31, 16",-0.009434,LFCR
2016-03-30,10.0,10.71,9.68,10.67,10.67,323900,323900,0.67,6.7,10.35,"March 30, 16",0.067,LFCR
2016-03-29,10.7,10.83,10.39,10.72,10.72,144900,144900,0.02,0.18692,10.65,"March 29, 16",0.0018692,LFCR
2016-03-28,10.57,10.77,10.41,10.62,10.62,47800,47800,0.05,0.47304,10.6,"March 28, 16",0.0047304,LFCR
2016-03-24,10.41,10.58,10.24,10.56,10.56,44300,44300,0.15,1.44,10.46,"March 24, 16",0.0144,LFCR
2016-03-23,10.62,10.77,10.31,10.4,10.4,82200,82200,-0.22,-2.07,10.49,"March 23, 16",-0.0207,LFCR
2016-03-22,10.83,10.9,10.58,10.61,10.61,109600,109600,-0.22,-2.03,10.7,"March 22, 16",-0.0203,LFCR
2016-03-21,10.4,11.15,10.4,10.92,10.92,326100,326100,0.52,5.0,10.82,"March 21, 16",0.05,LFCR
2016-03-18,10.42,10.52,10.13,10.41,10.41,121400,121400,-0.01,-0.09596929,10.35,"March 18, 16",-0.0009596929,LFCR
2016-03-17,9.93,10.36,9.65,10.35,10.35,81900,81900,0.42,4.23,10.12,"March 17, 16",0.0423,LFCR
2016-03-16,9.92,10.06,9.78,9.88,9.88,64600,64600,-0.04,-0.40323,9.91,"March 16, 16",-0.0040323,LFCR
2016-03-15,10.17,10.49,9.89,9.92,9.92,91900,91900,-0.25,-2.46,10.1,"March 15, 16",-0.0246,LFCR
2016-03-14,10.35,10.55,10.17,10.19,10.19,47300,47300,-0.16,-1.55,10.3,"March 14, 16",-0.0155,LFCR
2016-03-11,10.78,10.89,10.32,10.42,10.42,62700,62700,-0.36,-3.34,10.54,"March 11, 16",-0.0334,LFCR
2016-03-10,10.57,10.87,10.48,10.76,10.76,111100,111100,0.19,1.8,10.7,"March 10, 16",0.018,LFCR
2016-03-09,10.36,10.61,10.34,10.57,10.57,46800,46800,0.21,2.03,10.51,"March 09, 16",0.0203,LFCR
2016-03-08,10.49,10.68,10.32,10.35,10.35,85300,85300,-0.14,-1.33,10.45,"March 08, 16",-0.0133,LFCR
2016-03-07,10.25,10.67,10.25,10.51,10.51,64100,64100,0.26,2.54,10.48,"March 07, 16",0.0254,LFCR
2016-03-04,10.05,10.82,9.95,10.25,10.25,119200,119200,0.2,1.99,10.34,"March 04, 16",0.0199,LFCR
2016-03-03,9.55,10.11,9.55,10.07,10.07,216200,216200,0.52,5.45,9.91,"March 03, 16",0.0545,LFCR
2016-03-02,9.71,9.78,9.63,9.65,9.65,127700,127700,-0.06,-0.61792,9.69,"March 02, 16",-0.0061792,LFCR
2016-03-01,10.19,10.19,9.48,9.7,9.7,109800,109800,-0.49,-4.81,9.79,"March 01, 16",-0.0481,LFCR
2016-02-29,10.66,10.75,10.06,10.09,10.09,105400,105400,-0.57,-5.35,10.3,"February 29, 16",-0.0535,LFCR
2016-02-26,11.1,11.15,10.48,10.59,10.59,186700,186700,-0.51,-4.59,10.74,"February 26, 16",-0.0459,LFCR
2016-02-25,11.38,12.01,11.26,11.3,11.3,59000,59000,-0.08,-0.70299,11.52,"February 25, 16",-0.0070299,LFCR
2016-02-24,11.43,11.52,11.22,11.4,11.4,113100,113100,-0.03,-0.26247,11.38,"February 24, 16",-0.0026247,LFCR
2016-02-23,11.39,11.63,11.3,11.5,11.5,71800,71800,0.11,0.96576,11.48,"February 23, 16",0.0096576,LFCR
2016-02-22,11.47,11.69,11.27,11.39,11.39,111500,111500,-0.08,-0.69747,11.45,"February 22, 16",-0.0069747,LFCR
2016-02-19,11.4,11.47,11.25,11.45,11.45,127300,127300,0.05,0.4386,11.39,"February 19, 16",0.004386,LFCR
2016-02-18,11.54,11.58,11.31,11.42,11.42,152500,152500,-0.12,-1.04,11.44,"February 18, 16",-0.0104,LFCR
2016-02-17,11.73,11.94,11.46,11.52,11.52,71200,71200,-0.21,-1.79,11.64,"February 17, 16",-0.0179,LFCR
2016-02-16,11.55,11.73,11.42,11.68,11.68,41300,41300,0.13,1.13,11.61,"February 16, 16",0.0113,LFCR
2016-02-12,11.51,11.51,11.12,11.41,11.41,44700,44700,-0.1,-0.86881,11.35,"February 12, 16",-0.0086881,LFCR
2016-02-11,11.4,11.54,11.28,11.36,11.36,36300,36300,-0.04,-0.35088,11.39,"February 11, 16",-0.0035088,LFCR
2016-02-10,11.82,12.05,11.55,11.56,11.56,93200,93200,-0.26,-2.2,11.72,"February 10, 16",-0.022,LFCR
2016-02-09,11.74,11.84,11.63,11.78,11.78,47300,47300,0.04,0.34072,11.75,"February 09, 16",0.0034072,LFCR
2016-02-08,11.64,11.91,11.61,11.84,11.84,65500,65500,0.2,1.72,11.79,"February 08, 16",0.0172,LFCR
2016-02-05,11.7,11.97,11.42,11.76,11.76,148400,148400,0.06,0.51282,11.72,"February 05, 16",0.0051282,LFCR
2016-02-04,11.82,12.05,11.51,11.77,11.77,54600,54600,-0.05,-0.42301,11.78,"February 04, 16",-0.0042301,LFCR
2016-02-03,11.78,12.27,11.56,11.86,11.86,98400,98400,0.08,0.67912,11.9,"February 03, 16",0.0067912,LFCR
2016-02-02,11.72,11.97,10.78,11.72,11.72,76700,76700,0.0,0.0,11.49,"February 02, 16",0.0,LFCR
2016-02-01,11.97,12.32,11.74,11.87,11.87,83000,83000,-0.1,-0.83542,11.98,"February 01, 16",-0.0083542,LFCR
2016-01-29,11.58,12.07,11.58,12.03,12.03,149600,149600,0.45,3.89,11.89,"January 29, 16",0.0389,LFCR
2016-01-28,11.48,11.83,11.37,11.55,11.55,71100,71100,0.07,0.60976,11.58,"January 28, 16",0.0060976,LFCR
2016-01-27,11.28,11.72,11.23,11.4,11.4,86300,86300,0.12,1.06,11.45,"January 27, 16",0.0106,LFCR
2016-01-26,11.21,11.4,11.09,11.33,11.33,70900,70900,0.12,1.07,11.27,"January 26, 16",0.0107,LFCR
2016-01-25,11.21,11.5,10.92,11.14,11.14,126600,126600,-0.07,-0.62444,11.19,"January 25, 16",-0.0062444,LFCR
2016-01-22,10.7,11.18,10.65,10.71,10.71,171400,171400,0.01,0.09345794,10.85,"January 22, 16",0.0009345794,LFCR
2016-01-21,10.77,11.33,10.6,10.62,10.62,66600,66600,-0.15,-1.39,10.85,"January 21, 16",-0.0139,LFCR
2016-01-20,10.51,10.9,10.38,10.78,10.78,99700,99700,0.27,2.57,10.69,"January 20, 16",0.0257,LFCR
2016-01-19,10.93,10.97,10.5,10.63,10.63,124400,124400,-0.3,-2.74,10.7,"January 19, 16",-0.0274,LFCR
2016-01-15,10.69,11.01,10.65,10.87,10.87,170000,170000,0.18,1.68,10.84,"January 15, 16",0.0168,LFCR
2016-01-14,10.96,11.33,10.7,11.02,11.02,90400,90400,0.06,0.54745,11.02,"January 14, 16",0.0054745,LFCR
2016-01-13,11.05,11.51,10.82,10.85,10.85,118300,118300,-0.2,-1.81,11.06,"January 13, 16",-0.0181,LFCR
2016-01-12,11.27,11.59,10.88,11.03,11.03,162700,162700,-0.24,-2.13,11.17,"January 12, 16",-0.0213,LFCR
2016-01-11,11.26,11.29,11.12,11.21,11.21,195900,195900,-0.05,-0.44405,11.21,"January 11, 16",-0.0044405,LFCR
2016-01-08,11.38,11.45,11.19,11.22,11.22,123800,123800,-0.16,-1.41,11.29,"January 08, 16",-0.0141,LFCR
2016-01-07,11.57,11.57,11.31,11.39,11.39,216900,216900,-0.18,-1.56,11.42,"January 07, 16",-0.0156,LFCR
2016-01-06,12.53,12.53,11.37,11.64,11.64,206900,206900,-0.89,-7.1,11.85,"January 06, 16",-0.071,LFCR
2016-01-05,11.71,11.81,11.53,11.61,11.61,176800,176800,-0.1,-0.85397,11.65,"January 05, 16",-0.0085397,LFCR
2016-01-04,11.59,12.0,11.19,11.65,11.65,196600,196600,0.06,0.51769,11.61,"January 04, 16",0.0051769,LFCR
2015-12-31,12.16,12.19,11.82,11.83,11.83,70000,70000,-0.33,-2.71,11.95,"December 31, 15",-0.0271,LFCR
2015-12-30,12.45,12.45,12.15,12.17,12.17,108700,108700,-0.28,-2.25,12.26,"December 30, 15",-0.0225,LFCR
2015-12-29,12.24,12.44,12.16,12.43,12.43,116000,116000,0.19,1.55,12.34,"December 29, 15",0.0155,LFCR
2015-12-28,12.08,12.34,11.9,12.2,12.2,108900,108900,0.12,0.99338,12.15,"December 28, 15",0.0099338,LFCR
2015-12-24,12.27,12.37,12.14,12.17,12.17,27500,27500,-0.1,-0.815,12.23,"December 24, 15",-0.00815,LFCR
2015-12-23,12.06,12.38,11.97,12.31,12.31,73400,73400,0.25,2.07,12.22,"December 23, 15",0.0207,LFCR
2015-12-22,12.01,12.07,11.84,12.04,12.04,77300,77300,0.03,0.24979,11.98,"December 22, 15",0.0024979,LFCR
2015-12-21,12.05,12.1,11.9,11.95,11.95,65100,65100,-0.1,-0.82988,11.98,"December 21, 15",-0.0082988,LFCR
2015-12-18,12.02,12.11,11.88,12.03,12.03,164600,164600,0.01,0.08319468,12.01,"December 18, 15",0.0008319468,LFCR
2015-12-17,12.45,12.52,12.03,12.11,12.11,98500,98500,-0.34,-2.73,12.22,"December 17, 15",-0.0273,LFCR
2015-12-16,12.03,12.45,11.9,12.43,12.43,85400,85400,0.4,3.33,12.26,"December 16, 15",0.0333,LFCR
2015-12-15,12.02,12.05,11.92,12.0,12.0,115800,115800,-0.02,-0.16639,11.99,"December 15, 15",-0.0016639,LFCR
2015-12-14,11.83,12.06,11.82,11.95,11.95,164200,164200,0.12,1.01,11.94,"December 14, 15",0.0101,LFCR
2015-12-11,11.85,12.17,11.83,11.9,11.9,165500,165500,0.05,0.42194,11.97,"December 11, 15",0.0042194,LFCR
2015-12-10,12.02,12.88,11.83,12.12,12.12,234200,234200,0.1,0.83195,12.28,"December 10, 15",0.0083195,LFCR
2015-12-09,12.1,12.14,11.92,12.05,12.05,257000,257000,-0.05,-0.41322,12.04,"December 09, 15",-0.0041322,LFCR
2015-12-08,12.61,12.61,11.46,12.17,12.17,630500,630500,-0.44,-3.49,12.08,"December 08, 15",-0.0349,LFCR
2015-12-07,12.95,13.1,12.86,13.01,13.01,52400,52400,0.06,0.46332,12.99,"December 07, 15",0.0046332,LFCR
2015-12-04,12.77,13.08,12.77,13.01,13.01,78600,78600,0.24,1.88,12.95,"December 04, 15",0.0188,LFCR
2015-12-03,13.06,13.06,12.72,12.83,12.83,104000,104000,-0.23,-1.76,12.87,"December 03, 15",-0.0176,LFCR
2015-12-02,12.95,13.06,12.81,12.98,12.98,110700,110700,0.03,0.23166,12.95,"December 02, 15",0.0023166,LFCR
2015-12-01,12.87,13.0,12.69,12.91,12.91,89000,89000,0.04,0.3108,12.87,"December 01, 15",0.003108,LFCR
2015-11-30,12.61,12.87,12.61,12.81,12.81,180700,180700,0.2,1.59,12.76,"November 30, 15",0.0159,LFCR
2015-11-27,12.51,12.74,12.5,12.59,12.59,58400,58400,0.08,0.63949,12.61,"November 27, 15",0.0063949,LFCR
2015-11-25,12.37,12.66,12.37,12.56,12.56,153300,153300,0.19,1.54,12.53,"November 25, 15",0.0154,LFCR
2015-11-24,12.32,12.48,12.23,12.39,12.39,76800,76800,0.07,0.56818,12.37,"November 24, 15",0.0056818,LFCR
2015-11-23,12.33,12.36,12.15,12.33,12.33,184700,184700,0.0,0.0,12.28,"November 23, 15",0.0,LFCR
2015-11-20,12.38,12.45,12.26,12.39,12.39,51800,51800,0.01,0.08077544,12.37,"November 20, 15",0.0008077544,LFCR
2015-11-19,12.5,12.5,12.24,12.29,12.29,122700,122700,-0.21,-1.68,12.34,"November 19, 15",-0.0168,LFCR
2015-11-18,12.46,12.66,12.25,12.63,12.63,65900,65900,0.17,1.36,12.51,"November 18, 15",0.0136,LFCR
2015-11-17,12.16,12.34,12.03,12.28,12.28,36000,36000,0.12,0.98684,12.22,"November 17, 15",0.0098684,LFCR
2015-11-16,11.96,12.2,11.89,12.18,12.18,25800,25800,0.22,1.84,12.09,"November 16, 15",0.0184,LFCR
2015-11-13,11.88,12.19,11.87,11.93,11.93,50100,50100,0.05,0.42088,12.0,"November 13, 15",0.0042088,LFCR
2015-11-12,12.29,12.41,11.96,11.98,11.98,54500,54500,-0.31,-2.52,12.12,"November 12, 15",-0.0252,LFCR
2015-11-11,12.37,12.37,12.18,12.32,12.32,39900,39900,-0.05,-0.4042,12.29,"November 11, 15",-0.004042,LFCR
2015-11-10,12.32,12.84,12.22,12.32,12.32,24300,24300,0.0,0.0,12.46,"November 10, 15",0.0,LFCR
2015-11-09,12.53,12.53,12.3,12.3,12.3,24600,24600,-0.23,-1.84,12.38,"November 09, 15",-0.0184,LFCR
2015-11-06,12.41,12.72,12.3,12.53,12.53,67400,67400,0.12,0.96696,12.52,"November 06, 15",0.0096696,LFCR
2015-11-05,12.4,12.52,12.3,12.5,12.5,31300,31300,0.1,0.80645,12.44,"November 05, 15",0.0080645,LFCR
2015-11-04,12.35,12.51,12.3,12.36,12.36,37300,37300,0.01,0.08097166,12.39,"November 04, 15",0.0008097166,LFCR
2015-11-03,12.37,12.41,12.24,12.29,12.29,36400,36400,-0.08,-0.64673,12.31,"November 03, 15",-0.0064673,LFCR
2015-11-02,12.29,12.55,12.2,12.42,12.42,43100,43100,0.13,1.06,12.39,"November 02, 15",0.0106,LFCR
2015-10-30,12.3,12.35,12.23,12.3,12.3,60200,60200,0.0,0.0,12.29,"October 30, 15",0.0,LFCR
2015-10-29,12.34,12.49,12.24,12.32,12.32,34500,34500,-0.02,-0.16207,12.35,"October 29, 15",-0.0016207,LFCR
2015-10-28,11.82,12.43,11.82,12.3,12.3,72100,72100,0.48,4.06,12.18,"October 28, 15",0.0406,LFCR
2015-10-27,12.09,12.18,11.69,11.71,11.71,30700,30700,-0.38,-3.14,11.86,"October 27, 15",-0.0314,LFCR
2015-10-26,12.62,12.63,12.01,12.05,12.05,54100,54100,-0.57,-4.52,12.23,"October 26, 15",-0.0452,LFCR
2015-10-23,12.52,12.66,12.37,12.57,12.57,24000,24000,0.05,0.39936,12.53,"October 23, 15",0.0039936,LFCR
2015-10-22,12.26,12.58,12.16,12.43,12.43,37100,37100,0.17,1.39,12.39,"October 22, 15",0.0139,LFCR
2015-10-21,12.34,12.46,12.15,12.15,12.15,21400,21400,-0.19,-1.54,12.25,"October 21, 15",-0.0154,LFCR
2015-10-20,12.4,12.47,12.21,12.34,12.34,33700,33700,-0.06,-0.48387,12.34,"October 20, 15",-0.0048387,LFCR
2015-10-19,12.56,12.67,12.37,12.4,12.4,47400,47400,-0.16,-1.27,12.48,"October 19, 15",-0.0127,LFCR
2015-10-16,12.83,12.83,12.5,12.67,12.67,50900,50900,-0.16,-1.25,12.67,"October 16, 15",-0.0125,LFCR
2015-10-15,12.58,12.83,12.37,12.78,12.78,48100,48100,0.2,1.59,12.66,"October 15, 15",0.0159,LFCR
2015-10-14,12.53,12.7,12.46,12.54,12.54,44900,44900,0.01,0.07980846,12.57,"October 14, 15",0.0007980846,LFCR
2015-10-13,12.41,12.76,12.4,12.52,12.52,58800,58800,0.11,0.88638,12.56,"October 13, 15",0.0088638,LFCR
2015-10-12,12.17,12.49,12.11,12.43,12.43,96500,96500,0.26,2.14,12.34,"October 12, 15",0.0214,LFCR
2015-10-09,12.07,12.28,11.85,12.13,12.13,32600,32600,0.06,0.4971,12.09,"October 09, 15",0.004971,LFCR
2015-10-08,11.44,12.15,11.43,12.02,12.02,226700,226700,0.58,5.07,11.87,"October 08, 15",0.0507,LFCR
2015-10-07,11.54,11.79,11.36,11.45,11.45,73800,73800,-0.09,-0.7799,11.53,"October 07, 15",-0.007799,LFCR
2015-10-06,11.92,12.01,11.53,11.54,11.54,71200,71200,-0.38,-3.19,11.69,"October 06, 15",-0.0319,LFCR
2015-10-05,11.9,12.33,11.73,11.89,11.89,107000,107000,-0.01,-0.08403361,11.98,"October 05, 15",-0.0008403361,LFCR
2015-10-02,11.56,11.79,11.4,11.76,11.76,140700,140700,0.2,1.73,11.65,"October 02, 15",0.0173,LFCR
2015-10-01,11.73,11.74,11.48,11.67,11.67,113400,113400,-0.06,-0.51151,11.63,"October 01, 15",-0.0051151,LFCR
2015-09-30,12.0,12.0,11.03,11.67,11.67,303700,303700,-0.33,-2.75,11.57,"September 30, 15",-0.0275,LFCR
2015-09-29,12.16,12.22,12.03,12.08,12.08,33100,33100,-0.08,-0.65789,12.11,"September 29, 15",-0.0065789,LFCR
2015-09-28,12.36,12.42,12.07,12.16,12.16,45000,45000,-0.2,-1.62,12.22,"September 28, 15",-0.0162,LFCR
2015-09-25,12.59,12.59,12.28,12.35,12.35,54300,54300,-0.24,-1.91,12.41,"September 25, 15",-0.0191,LFCR
2015-09-24,12.49,12.64,12.4,12.43,12.43,86700,86700,-0.06,-0.48038,12.49,"September 24, 15",-0.0048038,LFCR
2015-09-23,12.9,13.1,12.5,12.64,12.64,54000,54000,-0.26,-2.02,12.75,"September 23, 15",-0.0202,LFCR
2015-09-22,13.0,13.01,12.8,12.81,12.81,47400,47400,-0.19,-1.46,12.87,"September 22, 15",-0.0146,LFCR
2015-09-21,13.18,13.25,13.06,13.08,13.08,62400,62400,-0.1,-0.75873,13.13,"September 21, 15",-0.0075873,LFCR
2015-09-18,12.88,13.29,12.85,13.05,13.05,131900,131900,0.17,1.32,13.06,"September 18, 15",0.0132,LFCR
2015-09-17,13.27,13.27,13.08,13.12,13.12,156700,156700,-0.15,-1.13,13.16,"September 17, 15",-0.0113,LFCR
2015-09-16,13.15,13.4,13.15,13.18,13.18,150700,150700,0.03,0.22814,13.24,"September 16, 15",0.0022814,LFCR
2015-09-15,13.19,13.27,13.1,13.16,13.16,43300,43300,-0.03,-0.22745,13.18,"September 15, 15",-0.0022745,LFCR
2015-09-14,13.2,13.25,13.13,13.22,13.22,29400,29400,0.02,0.15152,13.2,"September 14, 15",0.0015152,LFCR
2015-09-11,13.05,13.25,13.05,13.2,13.2,38600,38600,0.15,1.15,13.17,"September 11, 15",0.0115,LFCR
2015-09-10,13.1,13.29,13.04,13.16,13.16,23100,23100,0.06,0.45802,13.16,"September 10, 15",0.0045802,LFCR
2015-09-09,13.44,13.44,13.15,13.18,13.18,133100,133100,-0.26,-1.93,13.26,"September 09, 15",-0.0193,LFCR
2015-09-08,13.26,13.45,12.84,13.29,13.29,60100,60100,0.03,0.22624,13.19,"September 08, 15",0.0022624,LFCR
2015-09-04,12.97,13.16,12.85,13.09,13.09,47400,47400,0.12,0.92521,13.03,"September 04, 15",0.0092521,LFCR
2015-09-03,13.21,13.31,13.11,13.16,13.16,47000,47000,-0.05,-0.3785,13.19,"September 03, 15",-0.003785,LFCR
2015-09-02,12.95,13.28,12.86,13.19,13.19,50800,50800,0.24,1.85,13.11,"September 02, 15",0.0185,LFCR
2015-09-01,13.03,13.2,12.73,12.79,12.79,41900,41900,-0.24,-1.84,12.91,"September 01, 15",-0.0184,LFCR
2015-08-31,13.16,13.36,13.06,13.3,13.3,151400,151400,0.14,1.06,13.24,"August 31, 15",0.0106,LFCR
2015-08-28,12.86,13.3,12.8,13.24,13.24,53900,53900,0.38,2.95,13.11,"August 28, 15",0.0295,LFCR
2015-08-27,13.12,13.34,12.79,12.93,12.93,61900,61900,-0.19,-1.45,13.02,"August 27, 15",-0.0145,LFCR
2015-08-26,12.52,13.16,12.24,13.09,13.09,116300,116300,0.57,4.55,12.83,"August 26, 15",0.0455,LFCR
2015-08-25,12.77,12.77,12.17,12.22,12.22,42700,42700,-0.55,-4.31,12.39,"August 25, 15",-0.0431,LFCR
2015-08-24,12.25,12.71,11.5,12.41,12.41,89600,89600,0.16,1.31,12.21,"August 24, 15",0.0131,LFCR
2015-08-21,12.7,13.23,12.66,12.78,12.78,79100,79100,0.08,0.62992,12.89,"August 21, 15",0.0062992,LFCR
2015-08-20,13.16,13.16,12.06,12.94,12.94,60800,60800,-0.22,-1.67,12.72,"August 20, 15",-0.0167,LFCR
2015-08-19,13.26,13.46,12.91,13.28,13.28,136800,136800,0.02,0.15083,13.22,"August 19, 15",0.0015083,LFCR
2015-08-18,13.27,13.43,12.92,13.32,13.32,56000,56000,0.05,0.37679,13.22,"August 18, 15",0.0037679,LFCR
2015-08-17,12.96,13.32,12.9,13.28,13.28,51800,51800,0.32,2.47,13.17,"August 17, 15",0.0247,LFCR
2015-08-14,13.0,13.1,12.89,13.04,13.04,33700,33700,0.04,0.30769,13.01,"August 14, 15",0.0030769,LFCR
2015-08-13,13.12,13.27,13.0,13.04,13.04,34800,34800,-0.08,-0.60976,13.1,"August 13, 15",-0.0060976,LFCR
2015-08-12,13.09,13.3,12.92,13.06,13.06,39200,39200,-0.03,-0.22918,13.09,"August 12, 15",-0.0022918,LFCR
2015-08-11,13.06,13.33,12.92,13.2,13.2,35900,35900,0.14,1.07,13.15,"August 11, 15",0.0107,LFCR
2015-08-10,13.1,13.25,12.97,13.1,13.1,88900,88900,0.0,0.0,13.11,"August 10, 15",0.0,LFCR
2015-08-07,13.18,13.4,13.03,13.09,13.09,30400,30400,-0.09,-0.68285,13.17,"August 07, 15",-0.0068285,LFCR
2015-08-06,13.43,13.44,13.09,13.27,13.27,70300,70300,-0.16,-1.19,13.27,"August 06, 15",-0.0119,LFCR
2015-08-05,13.43,13.52,13.27,13.35,13.35,60500,60500,-0.08,-0.59568,13.38,"August 05, 15",-0.0059568,LFCR
2015-08-04,13.25,13.35,13.17,13.33,13.33,49300,49300,0.08,0.60377,13.28,"August 04, 15",0.0060377,LFCR
2015-08-03,13.27,13.44,13.02,13.2,13.2,64900,64900,-0.07,-0.52751,13.22,"August 03, 15",-0.0052751,LFCR
2015-07-31,13.0,13.5,12.97,13.35,13.35,114500,114500,0.35,2.69,13.27,"July 31, 15",0.0269,LFCR
2015-07-30,12.88,13.1,12.85,13.01,13.01,108800,108800,0.13,1.01,12.99,"July 30, 15",0.0101,LFCR
2015-07-29,13.16,13.16,12.78,12.96,12.96,334700,334700,-0.2,-1.52,12.97,"July 29, 15",-0.0152,LFCR
2015-07-28,13.07,13.39,12.86,13.37,13.37,90700,90700,0.3,2.3,13.21,"July 28, 15",0.023,LFCR
2015-07-27,13.15,13.26,13.04,13.13,13.13,35200,35200,-0.02,-0.15209,13.14,"July 27, 15",-0.0015209,LFCR
2015-07-24,13.22,13.39,13.07,13.19,13.19,69800,69800,-0.03,-0.22693,13.22,"July 24, 15",-0.0022693,LFCR
2015-07-23,13.78,13.78,13.21,13.32,13.32,67800,67800,-0.46,-3.34,13.44,"July 23, 15",-0.0334,LFCR
2015-07-22,13.86,13.88,13.74,13.77,13.77,27200,27200,-0.09,-0.64935,13.8,"July 22, 15",-0.0064935,LFCR
2015-07-21,14.01,14.31,13.72,13.88,13.88,45800,45800,-0.13,-0.92791,13.97,"July 21, 15",-0.0092791,LFCR
2015-07-20,14.17,14.27,13.92,14.06,14.06,69900,69900,-0.11,-0.77629,14.08,"July 20, 15",-0.0077629,LFCR
2015-07-17,13.99,14.3,13.88,14.12,14.12,69500,69500,0.13,0.92924,14.1,"July 17, 15",0.0092924,LFCR
2015-07-16,14.05,14.22,13.89,13.97,13.97,72400,72400,-0.08,-0.5694,14.03,"July 16, 15",-0.005694,LFCR
2015-07-15,14.05,14.05,13.9,14.03,14.03,106700,106700,-0.02,-0.14235,13.99,"July 15, 15",-0.0014235,LFCR
2015-07-14,13.96,14.1,13.96,14.05,14.05,117600,117600,0.09,0.6447,14.04,"July 14, 15",0.006447,LFCR
2015-07-13,14.09,14.16,13.97,14.0,14.0,70100,70100,-0.09,-0.63875,14.04,"July 13, 15",-0.0063875,LFCR
2015-07-10,14.06,14.29,14.0,14.07,14.07,55700,55700,0.01,0.07112376,14.12,"July 10, 15",0.0007112376,LFCR
2015-07-09,14.27,14.28,13.95,13.95,13.95,78300,78300,-0.32,-2.24,14.06,"July 09, 15",-0.0224,LFCR
2015-07-08,14.07,14.18,13.83,14.04,14.04,50300,50300,-0.03,-0.21322,14.02,"July 08, 15",-0.0021322,LFCR
2015-07-07,14.28,14.31,13.9,14.17,14.17,76600,76600,-0.11,-0.77031,14.13,"July 07, 15",-0.0077031,LFCR
2015-07-06,14.2,14.41,14.12,14.32,14.32,38500,38500,0.12,0.84507,14.28,"July 06, 15",0.0084507,LFCR
2015-07-02,14.46,14.49,14.22,14.28,14.28,38500,38500,-0.18,-1.24,14.33,"July 02, 15",-0.0124,LFCR
2015-07-01,14.53,14.61,14.31,14.42,14.42,33100,33100,-0.11,-0.75705,14.45,"July 01, 15",-0.0075705,LFCR
2015-06-30,14.46,14.54,14.3,14.43,14.43,59700,59700,-0.03,-0.20747,14.42,"June 30, 15",-0.0020747,LFCR
2015-06-29,14.67,14.79,14.38,14.41,14.41,88900,88900,-0.26,-1.77,14.53,"June 29, 15",-0.0177,LFCR
2015-06-26,14.9,14.98,14.63,14.7,14.7,258700,258700,-0.2,-1.34,14.77,"June 26, 15",-0.0134,LFCR
2015-06-25,14.85,14.98,14.74,14.84,14.84,36800,36800,-0.01,-0.06734007,14.85,"June 25, 15",-0.0006734007,LFCR
2015-06-24,14.67,14.97,14.6,14.78,14.78,115800,115800,0.11,0.74983,14.78,"June 24, 15",0.0074983,LFCR
2015-06-23,14.64,14.75,14.51,14.66,14.66,44800,44800,0.02,0.13661,14.64,"June 23, 15",0.0013661,LFCR
2015-06-22,14.58,14.74,14.41,14.62,14.62,49300,49300,0.04,0.27435,14.59,"June 22, 15",0.0027435,LFCR
2015-06-19,14.45,14.64,14.35,14.56,14.56,104800,104800,0.11,0.76125,14.52,"June 19, 15",0.0076125,LFCR
2015-06-18,14.33,14.5,14.3,14.4,14.4,72300,72300,0.07,0.48849,14.4,"June 18, 15",0.0048849,LFCR
2015-06-17,14.52,14.52,14.31,14.31,14.31,17100,17100,-0.21,-1.45,14.38,"June 17, 15",-0.0145,LFCR
2015-06-16,14.34,14.47,14.21,14.43,14.43,35600,35600,0.09,0.62762,14.37,"June 16, 15",0.0062762,LFCR
2015-06-15,14.45,14.55,14.18,14.42,14.42,36200,36200,-0.03,-0.20761,14.38,"June 15, 15",-0.0020761,LFCR
2015-06-12,14.49,14.55,14.45,14.49,14.49,48000,48000,0.0,0.0,14.5,"June 12, 15",0.0,LFCR
2015-06-11,14.61,14.71,14.43,14.5,14.5,43600,43600,-0.11,-0.75291,14.55,"June 11, 15",-0.0075291,LFCR
2015-06-10,14.35,14.66,14.25,14.65,14.65,84200,84200,0.3,2.09,14.52,"June 10, 15",0.0209,LFCR
2015-06-09,14.29,14.3,14.07,14.23,14.23,33500,33500,-0.06,-0.41987,14.2,"June 09, 15",-0.0041987,LFCR
2015-06-08,14.38,14.4,14.25,14.29,14.29,23500,23500,-0.09,-0.62587,14.31,"June 08, 15",-0.0062587,LFCR
2015-06-05,14.43,14.7,14.21,14.45,14.45,33600,33600,0.02,0.1386,14.45,"June 05, 15",0.001386,LFCR
2015-06-04,14.54,14.69,14.38,14.47,14.47,99900,99900,-0.07,-0.48143,14.51,"June 04, 15",-0.0048143,LFCR
2015-06-03,14.51,14.67,14.4,14.67,14.67,71300,71300,0.16,1.1,14.58,"June 03, 15",0.011,LFCR
2015-06-02,14.32,14.71,14.29,14.45,14.45,38200,38200,0.13,0.90782,14.48,"June 02, 15",0.0090782,LFCR
2015-06-01,14.44,14.5,14.06,14.38,14.38,50400,50400,-0.06,-0.41551,14.31,"June 01, 15",-0.0041551,LFCR
2015-05-29,14.35,14.57,14.22,14.29,14.29,110800,110800,-0.06,-0.41812,14.36,"May 29, 15",-0.0041812,LFCR
2015-05-28,14.05,14.54,14.05,14.39,14.39,182500,182500,0.34,2.42,14.33,"May 28, 15",0.0242,LFCR
2015-05-27,14.03,14.2,13.82,14.1,14.1,200500,200500,0.07,0.49893,14.04,"May 27, 15",0.0049893,LFCR
2015-05-26,14.0,14.13,13.85,13.96,13.96,84800,84800,-0.04,-0.28571,13.98,"May 26, 15",-0.0028571,LFCR
2015-05-22,14.2,14.26,13.89,14.13,14.13,50400,50400,-0.07,-0.49296,14.09,"May 22, 15",-0.0049296,LFCR
2015-05-21,14.25,14.35,14.25,14.26,14.26,66600,66600,0.01,0.07017544,14.29,"May 21, 15",0.0007017544,LFCR
2015-05-20,14.3,14.33,14.17,14.27,14.27,40800,40800,-0.03,-0.20979,14.26,"May 20, 15",-0.0020979,LFCR
2015-05-19,14.17,14.32,14.09,14.26,14.26,120500,120500,0.09,0.63514,14.22,"May 19, 15",0.0063514,LFCR
2015-05-18,14.33,14.33,14.09,14.18,14.18,62300,62300,-0.15,-1.05,14.2,"May 18, 15",-0.0105,LFCR
2015-05-15,14.22,14.45,14.0,14.42,14.42,93500,93500,0.2,1.41,14.29,"May 15, 15",0.0141,LFCR
2015-05-14,14.14,14.25,14.1,14.21,14.21,101500,101500,0.07,0.49505,14.19,"May 14, 15",0.0049505,LFCR
2015-05-13,14.16,14.26,13.95,14.09,14.09,117400,117400,-0.07,-0.49435,14.1,"May 13, 15",-0.0049435,LFCR
2015-05-12,14.08,14.25,13.88,14.14,14.14,149700,149700,0.06,0.42614,14.09,"May 12, 15",0.0042614,LFCR
2015-05-11,14.25,14.42,14.15,14.2,14.2,41900,41900,-0.05,-0.35088,14.26,"May 11, 15",-0.0035088,LFCR
2015-05-08,14.63,14.63,14.19,14.25,14.25,33700,33700,-0.38,-2.6,14.36,"May 08, 15",-0.026,LFCR
2015-05-07,14.4,14.47,14.26,14.44,14.44,97000,97000,0.04,0.27778,14.39,"May 07, 15",0.0027778,LFCR
2015-05-06,14.4,14.44,14.24,14.37,14.37,61900,61900,-0.03,-0.20833,14.35,"May 06, 15",-0.0020833,LFCR
2015-05-05,14.6,14.69,14.21,14.39,14.39,149000,149000,-0.21,-1.44,14.43,"May 05, 15",-0.0144,LFCR
2015-05-04,14.39,14.7,14.39,14.6,14.6,116700,116700,0.21,1.46,14.56,"May 04, 15",0.0146,LFCR
2015-05-01,14.22,14.34,14.18,14.31,14.31,49900,49900,0.09,0.63291,14.28,"May 01, 15",0.0063291,LFCR
2015-04-30,14.42,14.5,14.08,14.21,14.21,101900,101900,-0.21,-1.46,14.26,"April 30, 15",-0.0146,LFCR
2015-04-29,14.68,14.97,14.4,14.44,14.44,51200,51200,-0.24,-1.63,14.6,"April 29, 15",-0.0163,LFCR
2015-04-28,14.39,14.93,14.35,14.84,14.84,129700,129700,0.45,3.13,14.71,"April 28, 15",0.0313,LFCR
2015-04-27,14.24,14.46,14.17,14.35,14.35,84900,84900,0.11,0.77247,14.33,"April 27, 15",0.0077247,LFCR
2015-04-24,14.3,14.43,14.16,14.25,14.25,41600,41600,-0.05,-0.34965,14.28,"April 24, 15",-0.0034965,LFCR
2015-04-23,14.34,14.47,14.22,14.34,14.34,26200,26200,0.0,0.0,14.34,"April 23, 15",0.0,LFCR
2015-04-22,14.38,14.57,14.13,14.38,14.38,28300,28300,0.0,0.0,14.36,"April 22, 15",0.0,LFCR
2015-04-21,14.75,14.76,14.31,14.43,14.43,42400,42400,-0.32,-2.17,14.5,"April 21, 15",-0.0217,LFCR
2015-04-20,14.43,14.78,14.43,14.62,14.62,35800,35800,0.19,1.32,14.61,"April 20, 15",0.0132,LFCR
2015-04-17,14.53,14.63,14.36,14.36,14.36,93200,93200,-0.17,-1.17,14.45,"April 17, 15",-0.0117,LFCR
2015-04-16,14.92,14.92,14.6,14.63,14.63,47200,47200,-0.29,-1.94,14.72,"April 16, 15",-0.0194,LFCR
2015-04-15,14.74,15.16,14.74,14.92,14.92,123900,123900,0.18,1.22,14.94,"April 15, 15",0.0122,LFCR
2015-04-14,14.62,14.73,14.57,14.66,14.66,47400,47400,0.04,0.2736,14.65,"April 14, 15",0.002736,LFCR
2015-04-13,14.47,14.73,14.42,14.68,14.68,66500,66500,0.21,1.45,14.61,"April 13, 15",0.0145,LFCR
2015-04-10,14.65,14.65,14.41,14.47,14.47,49100,49100,-0.18,-1.23,14.51,"April 10, 15",-0.0123,LFCR
2015-04-09,14.4,14.7,14.4,14.54,14.54,58300,58300,0.14,0.97222,14.55,"April 09, 15",0.0097222,LFCR
2015-04-08,14.62,14.64,14.42,14.47,14.47,231400,231400,-0.15,-1.03,14.51,"April 08, 15",-0.0103,LFCR
2015-04-07,14.81,14.85,14.61,14.64,14.64,111200,111200,-0.17,-1.15,14.7,"April 07, 15",-0.0115,LFCR
2015-04-06,14.5,14.83,14.5,14.78,14.78,131400,131400,0.28,1.93,14.7,"April 06, 15",0.0193,LFCR
2015-04-02,14.41,14.92,14.41,14.49,14.49,247000,247000,0.08,0.55517,14.61,"April 02, 15",0.0055517,LFCR
2015-04-01,13.7,14.37,13.38,14.28,14.28,101500,101500,0.58,4.23,14.01,"April 01, 15",0.0423,LFCR
2015-03-31,13.97,14.06,13.83,13.95,13.95,101700,101700,-0.02,-0.14316,13.95,"March 31, 15",-0.0014316,LFCR
2015-03-30,14.24,14.31,14.08,14.11,14.11,61400,61400,-0.13,-0.91292,14.17,"March 30, 15",-0.0091292,LFCR
2015-03-27,13.94,14.29,13.94,14.24,14.24,129700,129700,0.3,2.15,14.16,"March 27, 15",0.0215,LFCR
2015-03-26,14.05,14.15,13.88,13.97,13.97,57300,57300,-0.08,-0.5694,14.0,"March 26, 15",-0.005694,LFCR
2015-03-25,14.7,14.84,14.13,14.14,14.14,59500,59500,-0.56,-3.81,14.37,"March 25, 15",-0.0381,LFCR
2015-03-24,14.1,14.66,14.1,14.54,14.54,68800,68800,0.44,3.12,14.43,"March 24, 15",0.0312,LFCR
2015-03-23,14.1,14.17,14.02,14.1,14.1,38400,38400,0.0,0.0,14.1,"March 23, 15",0.0,LFCR
2015-03-20,14.04,14.14,13.83,14.1,14.1,80300,80300,0.06,0.42735,14.02,"March 20, 15",0.0042735,LFCR
2015-03-19,13.97,14.07,13.93,13.98,13.98,50900,50900,0.01,0.07158196,13.99,"March 19, 15",0.0007158196,LFCR
2015-03-18,13.75,14.03,13.73,14.0,14.0,92300,92300,0.25,1.82,13.92,"March 18, 15",0.0182,LFCR
2015-03-17,14.04,14.05,13.61,13.84,13.84,100000,100000,-0.2,-1.42,13.83,"March 17, 15",-0.0142,LFCR
2015-03-16,14.1,14.17,13.92,14.12,14.12,66700,66700,0.02,0.14184,14.07,"March 16, 15",0.0014184,LFCR
2015-03-13,13.89,14.14,13.81,14.07,14.07,26000,26000,0.18,1.3,14.01,"March 13, 15",0.013,LFCR
2015-03-12,13.88,14.04,13.79,13.94,13.94,67600,67600,0.06,0.43228,13.92,"March 12, 15",0.0043228,LFCR
2015-03-11,13.6,13.78,13.52,13.74,13.74,87700,87700,0.14,1.03,13.68,"March 11, 15",0.0103,LFCR
2015-03-10,13.75,13.85,13.52,13.57,13.57,106500,106500,-0.18,-1.31,13.65,"March 10, 15",-0.0131,LFCR
2015-03-09,13.75,14.0,13.61,13.91,13.91,31400,31400,0.16,1.16,13.84,"March 09, 15",0.0116,LFCR
2015-03-06,13.81,14.15,13.61,13.68,13.68,45000,45000,-0.13,-0.94135,13.81,"March 06, 15",-0.0094135,LFCR
2015-03-05,13.87,14.07,13.7,13.95,13.95,48800,48800,0.08,0.57678,13.91,"March 05, 15",0.0057678,LFCR
2015-03-04,14.03,14.16,13.77,13.81,13.81,28600,28600,-0.22,-1.57,13.91,"March 04, 15",-0.0157,LFCR
2015-03-03,13.91,14.14,13.8,14.1,14.1,64000,64000,0.19,1.37,14.01,"March 03, 15",0.0137,LFCR
2015-03-02,13.97,14.01,13.7,14.0,14.0,51200,51200,0.03,0.21475,13.9,"March 02, 15",0.0021475,LFCR
2015-02-27,14.05,14.18,13.88,13.96,13.96,40700,40700,-0.09,-0.64057,14.01,"February 27, 15",-0.0064057,LFCR
2015-02-26,14.12,14.19,13.94,14.08,14.08,43000,43000,-0.04,-0.28329,14.07,"February 26, 15",-0.0028329,LFCR
2015-02-25,14.29,14.38,14.08,14.14,14.14,35600,35600,-0.15,-1.05,14.2,"February 25, 15",-0.0105,LFCR
2015-02-24,14.1,14.5,14.1,14.25,14.25,62300,62300,0.15,1.06,14.28,"February 24, 15",0.0106,LFCR
2015-02-23,14.04,14.15,13.85,14.12,14.12,168000,168000,0.08,0.5698,14.04,"February 23, 15",0.005698,LFCR
2015-02-20,14.21,14.28,13.95,14.16,14.16,157200,157200,-0.05,-0.35186,14.13,"February 20, 15",-0.0035186,LFCR
2015-02-19,14.18,14.46,14.06,14.43,14.43,71000,71000,0.25,1.76,14.32,"February 19, 15",0.0176,LFCR
2015-02-18,14.29,14.37,14.06,14.3,14.3,37000,37000,0.01,0.06997901,14.24,"February 18, 15",0.0006997901,LFCR
2015-02-17,14.39,14.47,14.25,14.34,14.34,70100,70100,-0.05,-0.34746,14.35,"February 17, 15",-0.0034746,LFCR
2015-02-13,14.11,14.38,14.11,14.3,14.3,36300,36300,0.19,1.35,14.26,"February 13, 15",0.0135,LFCR
2015-02-12,14.02,14.18,13.96,14.1,14.1,35700,35700,0.08,0.57061,14.08,"February 12, 15",0.0057061,LFCR
2015-02-11,14.06,14.16,13.86,13.96,13.96,40900,40900,-0.1,-0.71124,13.99,"February 11, 15",-0.0071124,LFCR
2015-02-10,13.69,14.12,13.66,14.04,14.04,49300,49300,0.35,2.56,13.94,"February 10, 15",0.0256,LFCR
2015-02-09,13.6,13.86,13.42,13.52,13.52,64700,64700,-0.08,-0.58824,13.6,"February 09, 15",-0.0058824,LFCR
2015-02-06,14.16,14.26,13.68,13.7,13.7,66900,66900,-0.46,-3.25,13.88,"February 06, 15",-0.0325,LFCR
2015-02-05,13.74,14.13,13.46,14.09,14.09,43400,43400,0.35,2.55,13.89,"February 05, 15",0.0255,LFCR
2015-02-04,13.72,13.93,13.57,13.7,13.7,49000,49000,-0.02,-0.14577,13.73,"February 04, 15",-0.0014577,LFCR
2015-02-03,13.5,13.85,13.41,13.82,13.82,50700,50700,0.32,2.37,13.69,"February 03, 15",0.0237,LFCR
2015-02-02,12.87,13.47,12.74,13.47,13.47,57400,57400,0.6,4.66,13.23,"February 02, 15",0.0466,LFCR
2015-01-30,13.3,13.5,12.66,12.77,12.77,111400,111400,-0.53,-3.98,12.98,"January 30, 15",-0.0398,LFCR
2015-01-29,13.07,13.46,12.96,13.45,13.45,45400,45400,0.38,2.91,13.29,"January 29, 15",0.0291,LFCR
2015-01-28,13.46,13.71,12.95,13.07,13.07,61400,61400,-0.39,-2.9,13.24,"January 28, 15",-0.029,LFCR
2015-01-27,13.22,13.64,13.22,13.4,13.4,40300,40300,0.18,1.36,13.42,"January 27, 15",0.0136,LFCR
2015-01-26,13.62,13.78,13.4,13.42,13.42,48200,48200,-0.2,-1.47,13.53,"January 26, 15",-0.0147,LFCR
2015-01-23,13.67,13.97,13.46,13.62,13.62,86500,86500,-0.05,-0.36576,13.68,"January 23, 15",-0.0036576,LFCR
2015-01-22,13.29,13.7,13.21,13.62,13.62,54000,54000,0.33,2.48,13.51,"January 22, 15",0.0248,LFCR
2015-01-21,13.25,13.36,13.13,13.25,13.25,52100,52100,0.0,0.0,13.25,"January 21, 15",0.0,LFCR
2015-01-20,13.37,13.52,13.04,13.31,13.31,51500,51500,-0.06,-0.44877,13.29,"January 20, 15",-0.0044877,LFCR
2015-01-16,12.99,13.39,12.99,13.37,13.37,56200,56200,0.38,2.93,13.25,"January 16, 15",0.0293,LFCR
2015-01-15,13.42,13.42,12.84,13.05,13.05,63100,63100,-0.37,-2.76,13.1,"January 15, 15",-0.0276,LFCR
2015-01-14,13.45,13.57,13.24,13.43,13.43,35100,35100,-0.02,-0.1487,13.41,"January 14, 15",-0.001487,LFCR
2015-01-13,13.35,13.81,13.35,13.56,13.56,87400,87400,0.21,1.57,13.57,"January 13, 15",0.0157,LFCR
2015-01-12,13.45,13.58,13.21,13.26,13.26,110200,110200,-0.19,-1.41,13.35,"January 12, 15",-0.0141,LFCR
2015-01-09,13.87,13.9,13.4,13.41,13.41,80000,80000,-0.46,-3.32,13.57,"January 09, 15",-0.0332,LFCR
2015-01-08,13.83,14.29,13.51,13.91,13.91,97100,97100,0.08,0.57845,13.9,"January 08, 15",0.0057845,LFCR
2015-01-07,13.61,13.96,13.06,13.49,13.49,123300,123300,-0.12,-0.8817,13.5,"January 07, 15",-0.008817,LFCR
2015-01-06,13.77,13.77,13.24,13.53,13.53,77900,77900,-0.24,-1.74,13.51,"January 06, 15",-0.0174,LFCR
2015-01-05,13.85,14.14,13.63,13.7,13.7,74200,74200,-0.15,-1.08,13.82,"January 05, 15",-0.0108,LFCR
2015-01-02,13.85,14.06,13.64,13.9,13.9,149800,149800,0.05,0.36101,13.87,"January 02, 15",0.0036101,LFCR
2014-12-31,14.24,14.32,13.79,13.81,13.81,81800,81800,-0.43,-3.02,13.97,"December 31, 14",-0.0302,LFCR
2014-12-30,14.17,14.44,14.11,14.13,14.13,31100,31100,-0.04,-0.28229,14.23,"December 30, 14",-0.0028229,LFCR
2014-12-29,14.25,14.58,14.11,14.23,14.23,97200,97200,-0.02,-0.14035,14.31,"December 29, 14",-0.0014035,LFCR
2014-12-26,14.04,14.34,13.99,14.2,14.2,38400,38400,0.16,1.14,14.18,"December 26, 14",0.0114,LFCR
2014-12-24,14.19,14.25,13.93,13.96,13.96,27800,27800,-0.23,-1.62,14.05,"December 24, 14",-0.0162,LFCR
2014-12-23,13.69,14.23,13.59,14.11,14.11,80200,80200,0.42,3.07,13.98,"December 23, 14",0.0307,LFCR
2014-12-22,13.01,13.68,13.01,13.6,13.6,171900,171900,0.59,4.53,13.43,"December 22, 14",0.0453,LFCR
2014-12-19,14.64,14.64,13.0,13.0,13.0,898300,898300,-1.64,-11.2,13.55,"December 19, 14",-0.112,LFCR
2014-12-18,14.44,14.73,14.25,14.68,14.68,139100,139100,0.24,1.66,14.55,"December 18, 14",0.0166,LFCR
2014-12-17,14.0,14.48,13.86,14.44,14.44,98200,98200,0.44,3.14,14.26,"December 17, 14",0.0314,LFCR
2014-12-16,13.49,14.0,13.42,13.87,13.87,196700,196700,0.38,2.82,13.76,"December 16, 14",0.0282,LFCR
2014-12-15,13.67,13.87,13.34,13.51,13.51,59700,59700,-0.16,-1.17,13.57,"December 15, 14",-0.0117,LFCR
2014-12-12,13.58,13.88,13.44,13.56,13.56,57900,57900,-0.02,-0.14728,13.63,"December 12, 14",-0.0014728,LFCR
2014-12-11,13.8,13.97,13.7,13.79,13.79,124100,124100,-0.01,-0.07246377,13.82,"December 11, 14",-0.0007246377,LFCR
2014-12-10,13.92,13.92,13.58,13.7,13.7,66800,66800,-0.22,-1.58,13.73,"December 10, 14",-0.0158,LFCR
2014-12-09,13.58,14.0,13.5,14.0,14.0,60700,60700,0.42,3.09,13.83,"December 09, 14",0.0309,LFCR
2014-12-08,13.95,14.06,13.72,13.74,13.74,71000,71000,-0.21,-1.51,13.84,"December 08, 14",-0.0151,LFCR
2014-12-05,13.76,14.04,13.75,13.96,13.96,66900,66900,0.2,1.45,13.92,"December 05, 14",0.0145,LFCR
2014-12-04,13.49,13.89,13.49,13.76,13.76,106300,106300,0.27,2.0,13.71,"December 04, 14",0.02,LFCR
2014-12-03,13.15,13.63,13.13,13.48,13.48,100900,100900,0.33,2.51,13.41,"December 03, 14",0.0251,LFCR
2014-12-02,13.06,13.45,13.03,13.14,13.14,93000,93000,0.08,0.61256,13.21,"December 02, 14",0.0061256,LFCR
2014-12-01,13.15,13.3,12.93,13.09,13.09,62600,62600,-0.06,-0.45627,13.11,"December 01, 14",-0.0045627,LFCR
2014-11-28,13.4,13.48,13.1,13.14,13.14,32200,32200,-0.26,-1.94,13.24,"November 28, 14",-0.0194,LFCR
2014-11-26,13.24,13.49,13.23,13.37,13.37,62700,62700,0.13,0.98187,13.36,"November 26, 14",0.0098187,LFCR
2014-11-25,13.41,13.49,13.19,13.2,13.2,49100,49100,-0.21,-1.57,13.29,"November 25, 14",-0.0157,LFCR
2014-11-24,13.27,13.42,13.16,13.35,13.35,57000,57000,0.08,0.60286,13.31,"November 24, 14",0.0060286,LFCR
2014-11-21,13.64,13.64,13.22,13.27,13.27,86000,86000,-0.37,-2.71,13.38,"November 21, 14",-0.0271,LFCR
2014-11-20,13.35,13.5,13.3,13.43,13.43,62700,62700,0.08,0.59925,13.41,"November 20, 14",0.0059925,LFCR
2014-11-19,13.45,13.57,13.05,13.36,13.36,89500,89500,-0.09,-0.66914,13.33,"November 19, 14",-0.0066914,LFCR
2014-11-18,13.24,13.47,13.24,13.45,13.45,89600,89600,0.21,1.59,13.39,"November 18, 14",0.0159,LFCR
2014-11-17,13.29,13.37,13.13,13.2,13.2,47500,47500,-0.09,-0.6772,13.23,"November 17, 14",-0.006772,LFCR
2014-11-14,13.2,13.39,13.13,13.26,13.26,42800,42800,0.06,0.45455,13.26,"November 14, 14",0.0045455,LFCR
2014-11-13,13.47,13.54,13.2,13.23,13.23,157500,157500,-0.24,-1.78,13.32,"November 13, 14",-0.0178,LFCR
2014-11-12,13.38,13.5,13.3,13.45,13.45,126700,126700,0.07,0.52317,13.42,"November 12, 14",0.0052317,LFCR
2014-11-11,13.14,13.45,13.08,13.42,13.42,80100,80100,0.28,2.13,13.32,"November 11, 14",0.0213,LFCR
2014-11-10,12.98,13.18,12.88,13.16,13.16,108700,108700,0.18,1.39,13.07,"November 10, 14",0.0139,LFCR
2014-11-07,12.98,13.24,12.87,12.97,12.97,85800,85800,-0.01,-0.0770416,13.03,"November 07, 14",-0.000770416,LFCR
2014-11-06,12.71,13.25,12.69,13.09,13.09,109800,109800,0.38,2.99,13.01,"November 06, 14",0.0299,LFCR
2014-11-05,12.71,12.74,12.51,12.71,12.71,99300,99300,0.0,0.0,12.65,"November 05, 14",0.0,LFCR
2014-11-04,12.64,12.88,12.59,12.66,12.66,71500,71500,0.02,0.15823,12.71,"November 04, 14",0.0015823,LFCR
2014-11-03,12.6,12.75,12.52,12.72,12.72,84600,84600,0.12,0.95238,12.66,"November 03, 14",0.0095238,LFCR
2014-10-31,12.76,12.8,12.44,12.59,12.59,129500,129500,-0.17,-1.33,12.61,"October 31, 14",-0.0133,LFCR
2014-10-30,12.31,12.62,12.26,12.5,12.5,92800,92800,0.19,1.54,12.46,"October 30, 14",0.0154,LFCR
2014-10-29,12.35,12.44,12.11,12.33,12.33,141700,141700,-0.02,-0.16194,12.29,"October 29, 14",-0.0016194,LFCR
2014-10-28,12.01,12.45,11.99,12.28,12.28,136500,136500,0.27,2.25,12.24,"October 28, 14",0.0225,LFCR
2014-10-27,12.01,12.15,11.78,11.9,11.9,57900,57900,-0.11,-0.9159,11.94,"October 27, 14",-0.009159,LFCR
2014-10-24,12.06,12.24,11.9,12.05,12.05,108900,108900,-0.01,-0.08291874,12.06,"October 24, 14",-0.0008291874,LFCR
2014-10-23,12.05,12.19,11.13,12.03,12.03,83900,83900,-0.02,-0.16598,11.78,"October 23, 14",-0.0016598,LFCR
2014-10-22,12.0,12.11,11.79,11.88,11.88,107800,107800,-0.12,-1.0,11.93,"October 22, 14",-0.01,LFCR
2014-10-21,11.95,12.15,11.67,11.96,11.96,57200,57200,0.01,0.08368201,11.93,"October 21, 14",0.0008368201,LFCR
2014-10-20,11.79,12.29,11.75,11.92,11.92,88600,88600,0.13,1.1,11.99,"October 20, 14",0.011,LFCR
2014-10-17,12.03,12.04,11.47,11.8,11.8,233500,233500,-0.23,-1.91,11.77,"October 17, 14",-0.0191,LFCR
2014-10-16,11.79,12.19,11.67,11.88,11.88,177300,177300,0.09,0.76336,11.91,"October 16, 14",0.0076336,LFCR
2014-10-15,11.39,12.0,11.2,11.94,11.94,367000,367000,0.55,4.83,11.71,"October 15, 14",0.0483,LFCR
2014-10-14,11.62,11.66,11.33,11.45,11.45,486100,486100,-0.17,-1.46,11.48,"October 14, 14",-0.0146,LFCR
2014-10-13,11.14,11.43,11.1,11.4,11.4,257500,257500,0.26,2.33,11.31,"October 13, 14",0.0233,LFCR
2014-10-10,11.08,11.32,10.97,11.15,11.15,362700,362700,0.07,0.63177,11.15,"October 10, 14",0.0063177,LFCR
2014-10-09,11.33,11.39,10.75,11.14,11.14,504600,504600,-0.19,-1.68,11.09,"October 09, 14",-0.0168,LFCR
2014-10-08,11.3,11.62,11.2,11.54,11.54,575500,575500,0.24,2.12,11.45,"October 08, 14",0.0212,LFCR
2014-10-07,11.67,11.85,11.29,11.32,11.32,174800,174800,-0.35,-3.0,11.49,"October 07, 14",-0.03,LFCR
2014-10-06,11.92,12.3,11.78,11.78,11.78,68400,68400,-0.14,-1.17,11.95,"October 06, 14",-0.0117,LFCR
2014-10-03,12.23,12.25,11.9,11.93,11.93,81900,81900,-0.3,-2.45,12.03,"October 03, 14",-0.0245,LFCR
2014-10-02,11.89,12.09,11.68,12.03,12.03,127500,127500,0.14,1.18,11.93,"October 02, 14",0.0118,LFCR
2014-10-01,12.21,12.32,11.86,11.91,11.91,155500,155500,-0.3,-2.46,12.03,"October 01, 14",-0.0246,LFCR
2014-09-30,12.4,12.51,12.2,12.25,12.25,144200,144200,-0.15,-1.21,12.32,"September 30, 14",-0.0121,LFCR
2014-09-29,12.36,12.5,12.3,12.35,12.35,45400,45400,-0.01,-0.08090615,12.38,"September 29, 14",-0.0008090615,LFCR
2014-09-26,12.26,12.57,12.26,12.51,12.51,58900,58900,0.25,2.04,12.45,"September 26, 14",0.0204,LFCR
2014-09-25,12.71,12.86,12.21,12.26,12.26,77400,77400,-0.45,-3.54,12.44,"September 25, 14",-0.0354,LFCR
2014-09-24,12.35,12.86,12.35,12.78,12.78,117500,117500,0.43,3.48,12.66,"September 24, 14",0.0348,LFCR
2014-09-23,12.53,12.58,12.25,12.28,12.28,216000,216000,-0.25,-2.0,12.37,"September 23, 14",-0.02,LFCR
2014-09-22,12.43,12.6,12.36,12.53,12.53,110900,110900,0.1,0.80451,12.5,"September 22, 14",0.0080451,LFCR
2014-09-19,12.65,12.71,12.4,12.52,12.52,253100,253100,-0.13,-1.03,12.54,"September 19, 14",-0.0103,LFCR
2014-09-18,12.63,12.75,12.58,12.64,12.64,42200,42200,0.01,0.07917656,12.66,"September 18, 14",0.0007917656,LFCR
2014-09-17,12.59,12.64,12.5,12.58,12.58,63400,63400,-0.01,-0.07942812,12.57,"September 17, 14",-0.0007942812,LFCR
2014-09-16,12.51,12.77,12.46,12.51,12.51,58500,58500,0.0,0.0,12.58,"September 16, 14",0.0,LFCR
2014-09-15,12.89,12.89,12.55,12.57,12.57,42200,42200,-0.32,-2.48,12.67,"September 15, 14",-0.0248,LFCR
2014-09-12,12.83,12.95,12.54,12.8,12.8,104700,104700,-0.03,-0.23383,12.76,"September 12, 14",-0.0023383,LFCR
2014-09-11,12.66,12.89,12.66,12.8,12.8,96900,96900,0.14,1.11,12.78,"September 11, 14",0.0111,LFCR
2014-09-10,12.87,12.9,12.63,12.75,12.75,67900,67900,-0.12,-0.9324,12.76,"September 10, 14",-0.009324,LFCR
2014-09-09,12.9,13.03,12.73,12.9,12.9,248700,248700,0.0,0.0,12.89,"September 09, 14",0.0,LFCR
2014-09-08,12.88,13.03,12.73,12.94,12.94,103900,103900,0.06,0.46584,12.9,"September 08, 14",0.0046584,LFCR
2014-09-05,12.87,12.97,12.81,12.93,12.93,71800,71800,0.06,0.4662,12.9,"September 05, 14",0.004662,LFCR
2014-09-04,13.11,13.16,12.8,12.85,12.85,90000,90000,-0.26,-1.98,12.94,"September 04, 14",-0.0198,LFCR
2014-09-03,13.15,13.18,13.09,13.09,13.09,135500,135500,-0.06,-0.45627,13.12,"September 03, 14",-0.0045627,LFCR
2014-09-02,13.24,13.24,13.0,13.15,13.15,135200,135200,-0.09,-0.67976,13.13,"September 02, 14",-0.0067976,LFCR
2014-08-29,13.09,13.16,12.95,13.13,13.13,66100,66100,0.04,0.30558,13.08,"August 29, 14",0.0030558,LFCR
2014-08-28,13.02,13.15,12.95,13.1,13.1,70400,70400,0.08,0.61444,13.07,"August 28, 14",0.0061444,LFCR
2014-08-27,13.12,13.23,12.97,13.11,13.11,53100,53100,-0.01,-0.07621951,13.1,"August 27, 14",-0.0007621951,LFCR
2014-08-26,13.1,13.22,13.1,13.14,13.14,80300,80300,0.04,0.30534,13.15,"August 26, 14",0.0030534,LFCR
2014-08-25,12.99,13.26,12.98,13.14,13.14,161600,161600,0.15,1.15,13.13,"August 25, 14",0.0115,LFCR
2014-08-22,12.75,12.94,12.62,12.91,12.91,273200,273200,0.16,1.25,12.82,"August 22, 14",0.0125,LFCR
2014-08-21,12.26,13.0,12.12,12.81,12.81,949100,949100,0.55,4.49,12.64,"August 21, 14",0.0449,LFCR
2014-08-20,12.25,12.25,12.11,12.24,12.24,79400,79400,-0.01,-0.08163265,12.2,"August 20, 14",-0.0008163265,LFCR
2014-08-19,12.22,12.28,12.22,12.25,12.25,58300,58300,0.03,0.2455,12.25,"August 19, 14",0.002455,LFCR
2014-08-18,12.28,12.28,12.18,12.25,12.25,78100,78100,-0.03,-0.2443,12.24,"August 18, 14",-0.002443,LFCR
2014-08-15,12.22,12.25,11.98,12.25,12.25,92700,92700,0.03,0.2455,12.16,"August 15, 14",0.002455,LFCR
2014-08-14,12.06,12.21,12.01,12.05,12.05,45300,45300,-0.01,-0.08291874,12.09,"August 14, 14",-0.0008291874,LFCR
2014-08-13,12.16,12.29,12.03,12.08,12.08,66600,66600,-0.08,-0.65789,12.13,"August 13, 14",-0.0065789,LFCR
2014-08-12,12.14,12.2,12.07,12.16,12.16,49000,49000,0.02,0.16474,12.14,"August 12, 14",0.0016474,LFCR
2014-08-11,12.25,12.25,12.19,12.2,12.2,71300,71300,-0.05,-0.40816,12.21,"August 11, 14",-0.0040816,LFCR
2014-08-08,12.07,12.22,12.07,12.15,12.15,74200,74200,0.08,0.6628,12.15,"August 08, 14",0.006628,LFCR
2014-08-07,12.16,12.2,12.03,12.1,12.1,53100,53100,-0.06,-0.49342,12.11,"August 07, 14",-0.0049342,LFCR
2014-08-06,12.13,12.27,12.13,12.19,12.19,63500,63500,0.06,0.49464,12.2,"August 06, 14",0.0049464,LFCR
2014-08-05,12.14,12.3,11.99,12.17,12.17,110000,110000,0.03,0.24712,12.15,"August 05, 14",0.0024712,LFCR
2014-08-04,12.31,12.36,12.11,12.23,12.23,55000,55000,-0.08,-0.64988,12.23,"August 04, 14",-0.0064988,LFCR
2014-08-01,12.26,12.4,12.16,12.27,12.27,82000,82000,0.01,0.08156607,12.28,"August 01, 14",0.0008156607,LFCR
2014-07-31,12.19,12.25,12.03,12.21,12.21,127200,127200,0.02,0.16407,12.16,"July 31, 14",0.0016407,LFCR
2014-07-30,11.66,12.36,11.66,12.35,12.35,129400,129400,0.69,5.92,12.12,"July 30, 14",0.0592,LFCR
2014-07-29,11.73,12.21,11.73,12.02,12.02,51300,51300,0.29,2.47,11.99,"July 29, 14",0.0247,LFCR
2014-07-28,11.99,11.99,11.68,11.76,11.76,69600,69600,-0.23,-1.92,11.81,"July 28, 14",-0.0192,LFCR
2014-07-25,12.04,12.05,11.81,11.94,11.94,58400,58400,-0.1,-0.83056,11.93,"July 25, 14",-0.0083056,LFCR
2014-07-24,12.22,12.23,12.08,12.13,12.13,51200,51200,-0.09,-0.7365,12.15,"July 24, 14",-0.007365,LFCR
2014-07-23,11.99,12.23,11.95,12.16,12.16,125900,125900,0.17,1.42,12.11,"July 23, 14",0.0142,LFCR
2014-07-22,12.1,12.1,11.95,12.0,12.0,91000,91000,-0.1,-0.82645,12.02,"July 22, 14",-0.0082645,LFCR
2014-07-21,12.07,12.18,11.99,12.04,12.04,74200,74200,-0.03,-0.24855,12.07,"July 21, 14",-0.0024855,LFCR
2014-07-18,11.84,12.15,11.76,12.12,12.12,62400,62400,0.28,2.36,12.01,"July 18, 14",0.0236,LFCR
2014-07-17,12.07,12.1,11.81,11.91,11.91,94600,94600,-0.16,-1.33,11.94,"July 17, 14",-0.0133,LFCR
2014-07-16,12.32,12.32,12.01,12.17,12.17,57900,57900,-0.15,-1.22,12.17,"July 16, 14",-0.0122,LFCR
2014-07-15,12.56,12.62,12.18,12.24,12.24,53900,53900,-0.32,-2.55,12.35,"July 15, 14",-0.0255,LFCR
2014-07-14,12.52,12.55,12.45,12.52,12.52,43700,43700,0.0,0.0,12.51,"July 14, 14",0.0,LFCR
2014-07-11,12.35,12.56,12.25,12.42,12.42,58600,58600,0.07,0.5668,12.41,"July 11, 14",0.005668,LFCR
2014-07-10,12.44,12.66,12.32,12.35,12.35,85400,85400,-0.09,-0.72347,12.44,"July 10, 14",-0.0072347,LFCR
2014-07-09,12.84,12.84,12.59,12.6,12.6,31800,31800,-0.24,-1.87,12.68,"July 09, 14",-0.0187,LFCR
2014-07-08,12.47,12.83,12.38,12.77,12.77,59600,59600,0.3,2.41,12.66,"July 08, 14",0.0241,LFCR
2014-07-07,12.92,12.94,12.32,12.43,12.43,94500,94500,-0.49,-3.79,12.56,"July 07, 14",-0.0379,LFCR
2014-07-03,13.05,13.16,12.94,12.98,12.98,46800,46800,-0.07,-0.5364,13.03,"July 03, 14",-0.005364,LFCR
2014-07-02,12.92,13.11,12.81,12.96,12.96,87100,87100,0.04,0.3096,12.96,"July 02, 14",0.003096,LFCR
2014-07-01,12.5,13.03,12.5,12.93,12.93,132600,132600,0.43,3.44,12.82,"July 01, 14",0.0344,LFCR
2014-06-30,12.43,12.59,12.34,12.49,12.49,99100,99100,0.06,0.4827,12.47,"June 30, 14",0.004827,LFCR
2014-06-27,11.99,12.49,11.99,12.49,12.49,804700,804700,0.5,4.17,12.32,"June 27, 14",0.0417,LFCR
2014-06-26,12.06,12.2,11.92,12.09,12.09,94600,94600,0.03,0.24876,12.07,"June 26, 14",0.0024876,LFCR
2014-06-25,11.72,12.1,11.72,12.1,12.1,50800,50800,0.38,3.24,11.97,"June 25, 14",0.0324,LFCR
2014-06-24,11.88,12.1,11.71,11.73,11.73,48300,48300,-0.15,-1.26,11.85,"June 24, 14",-0.0126,LFCR
2014-06-23,11.98,11.98,11.75,11.86,11.86,31000,31000,-0.12,-1.0,11.86,"June 23, 14",-0.01,LFCR
2014-06-20,12.2,12.2,11.9,12.01,12.01,96100,96100,-0.19,-1.56,12.04,"June 20, 14",-0.0156,LFCR
2014-06-19,11.79,12.14,11.79,12.12,12.12,81300,81300,0.33,2.8,12.02,"June 19, 14",0.028,LFCR
2014-06-18,11.75,11.81,11.51,11.79,11.79,126800,126800,0.04,0.34043,11.7,"June 18, 14",0.0034043,LFCR
2014-06-17,11.56,11.79,11.43,11.76,11.76,51400,51400,0.2,1.73,11.66,"June 17, 14",0.0173,LFCR
2014-06-16,11.6,11.74,11.5,11.6,11.6,35400,35400,0.0,0.0,11.61,"June 16, 14",0.0,LFCR
2014-06-13,11.86,12.02,11.58,11.65,11.65,57800,57800,-0.21,-1.77,11.75,"June 13, 14",-0.0177,LFCR
2014-06-12,11.55,11.82,11.55,11.79,11.79,73500,73500,0.24,2.08,11.72,"June 12, 14",0.0208,LFCR
2014-06-11,11.46,11.6,11.3,11.55,11.55,59300,59300,0.09,0.78534,11.48,"June 11, 14",0.0078534,LFCR
2014-06-10,11.43,11.58,11.34,11.54,11.54,49000,49000,0.11,0.96238,11.49,"June 10, 14",0.0096238,LFCR
2014-06-09,11.47,11.64,11.43,11.51,11.51,81300,81300,0.04,0.34874,11.53,"June 09, 14",0.0034874,LFCR
2014-06-06,11.66,11.66,11.5,11.52,11.52,108300,108300,-0.14,-1.2,11.56,"June 06, 14",-0.012,LFCR
2014-06-05,11.23,11.64,11.15,11.56,11.56,96800,96800,0.33,2.94,11.45,"June 05, 14",0.0294,LFCR
2014-06-04,11.29,11.3,11.16,11.27,11.27,50100,50100,-0.02,-0.17715,11.24,"June 04, 14",-0.0017715,LFCR
2014-06-03,11.64,11.8,11.34,11.37,11.37,113500,113500,-0.27,-2.32,11.5,"June 03, 14",-0.0232,LFCR
2014-06-02,12.01,12.02,11.65,11.69,11.69,118000,118000,-0.32,-2.66,11.79,"June 02, 14",-0.0266,LFCR
2014-05-30,11.89,12.09,11.87,12.01,12.01,81100,81100,0.12,1.01,11.99,"May 30, 14",0.0101,LFCR
2014-05-29,11.99,12.03,11.75,11.85,11.85,85600,85600,-0.14,-1.17,11.88,"May 29, 14",-0.0117,LFCR
2014-05-28,12.17,12.17,11.78,11.95,11.95,67800,67800,-0.22,-1.81,11.97,"May 28, 14",-0.0181,LFCR
2014-05-27,12.09,12.33,12.04,12.24,12.24,73500,73500,0.15,1.24,12.2,"May 27, 14",0.0124,LFCR
2014-05-23,11.84,12.05,11.77,12.01,12.01,57200,57200,0.17,1.44,11.94,"May 23, 14",0.0144,LFCR
2014-05-22,11.71,11.85,11.63,11.8,11.8,34200,34200,0.09,0.76857,11.76,"May 22, 14",0.0076857,LFCR
2014-05-21,11.69,11.74,11.49,11.65,11.65,81100,81100,-0.04,-0.34217,11.63,"May 21, 14",-0.0034217,LFCR
2014-05-20,11.68,11.73,11.35,11.57,11.57,134000,134000,-0.11,-0.94178,11.55,"May 20, 14",-0.0094178,LFCR
2014-05-19,11.57,11.83,11.57,11.75,11.75,37700,37700,0.18,1.56,11.72,"May 19, 14",0.0156,LFCR
2014-05-16,11.5,11.62,11.44,11.58,11.58,68200,68200,0.08,0.69565,11.55,"May 16, 14",0.0069565,LFCR
2014-05-15,11.61,11.62,11.45,11.53,11.53,89500,89500,-0.08,-0.68906,11.53,"May 15, 14",-0.0068906,LFCR
2014-05-14,11.69,11.76,11.6,11.68,11.68,108900,108900,-0.01,-0.0855432,11.68,"May 14, 14",-0.000855432,LFCR
2014-05-13,11.99,12.02,11.65,11.67,11.67,125500,125500,-0.32,-2.67,11.78,"May 13, 14",-0.0267,LFCR
2014-05-12,11.67,12.14,11.59,12.02,12.02,84100,84100,0.35,3.0,11.92,"May 12, 14",0.03,LFCR
2014-05-09,11.75,11.79,11.35,11.59,11.59,124600,124600,-0.16,-1.36,11.58,"May 09, 14",-0.0136,LFCR
2014-05-08,11.72,11.81,11.68,11.75,11.75,100600,100600,0.03,0.25597,11.75,"May 08, 14",0.0025597,LFCR
2014-05-07,11.56,11.76,11.5,11.69,11.69,99200,99200,0.13,1.12,11.65,"May 07, 14",0.0112,LFCR
2014-05-06,11.5,11.82,11.44,11.55,11.55,121300,121300,0.05,0.43478,11.6,"May 06, 14",0.0043478,LFCR
2014-05-05,11.85,11.95,11.51,11.56,11.56,53600,53600,-0.29,-2.45,11.67,"May 05, 14",-0.0245,LFCR
2014-05-02,11.51,12.04,11.51,11.97,11.97,145300,145300,0.46,4.0,11.84,"May 02, 14",0.04,LFCR
2014-05-01,11.82,12.05,11.35,11.52,11.52,134800,134800,-0.3,-2.54,11.64,"May 01, 14",-0.0254,LFCR
2014-04-30,11.97,12.01,11.69,11.86,11.86,79800,79800,-0.11,-0.91896,11.85,"April 30, 14",-0.0091896,LFCR
2014-04-29,12.11,12.12,11.82,11.96,11.96,66700,66700,-0.15,-1.24,11.97,"April 29, 14",-0.0124,LFCR
2014-04-28,12.04,12.27,11.67,12.04,12.04,103200,103200,0.0,0.0,11.99,"April 28, 14",0.0,LFCR
2014-04-25,12.13,12.3,11.91,12.04,12.04,115700,115700,-0.09,-0.74196,12.08,"April 25, 14",-0.0074196,LFCR
2014-04-24,12.26,12.28,12.03,12.15,12.15,64100,64100,-0.11,-0.89723,12.15,"April 24, 14",-0.0089723,LFCR
2014-04-23,12.13,12.31,12.13,12.16,12.16,104000,104000,0.03,0.24732,12.2,"April 23, 14",0.0024732,LFCR
2014-04-22,12.18,12.23,12.08,12.15,12.15,100100,100100,-0.03,-0.24631,12.15,"April 22, 14",-0.0024631,LFCR
2014-04-21,12.09,12.33,12.05,12.15,12.15,154500,154500,0.06,0.49628,12.18,"April 21, 14",0.0049628,LFCR
2014-04-17,12.08,12.25,11.87,12.12,12.12,130300,130300,0.04,0.33113,12.08,"April 17, 14",0.0033113,LFCR
2014-04-16,12.08,12.16,11.44,12.08,12.08,97600,97600,0.0,0.0,11.89,"April 16, 14",0.0,LFCR
2014-04-15,11.79,12.01,11.71,11.96,11.96,150100,150100,0.17,1.44,11.89,"April 15, 14",0.0144,LFCR
2014-04-14,11.67,11.82,11.6,11.73,11.73,113700,113700,0.06,0.51414,11.72,"April 14, 14",0.0051414,LFCR
2014-04-11,11.51,11.67,11.51,11.6,11.6,90500,90500,0.09,0.78193,11.59,"April 11, 14",0.0078193,LFCR
2014-04-10,11.67,11.72,11.52,11.62,11.62,112400,112400,-0.05,-0.42845,11.62,"April 10, 14",-0.0042845,LFCR
2014-04-09,11.52,11.77,11.4,11.67,11.67,89500,89500,0.15,1.3,11.61,"April 09, 14",0.013,LFCR
2014-04-08,11.23,11.58,11.23,11.47,11.47,200900,200900,0.24,2.14,11.43,"April 08, 14",0.0214,LFCR
2014-04-07,11.15,11.3,11.02,11.22,11.22,94600,94600,0.07,0.6278,11.18,"April 07, 14",0.006278,LFCR
2014-04-04,11.2,11.29,11.07,11.17,11.17,134600,134600,-0.03,-0.26786,11.18,"April 04, 14",-0.0026786,LFCR
2014-04-03,11.32,11.44,10.98,11.11,11.11,496200,496200,-0.21,-1.86,11.18,"April 03, 14",-0.0186,LFCR
2014-04-02,11.5,11.5,11.16,11.25,11.25,151900,151900,-0.25,-2.17,11.3,"April 02, 14",-0.0217,LFCR
2014-04-01,11.66,11.83,11.38,11.48,11.48,138300,138300,-0.18,-1.54,11.56,"April 01, 14",-0.0154,LFCR
2014-03-31,11.02,11.41,10.99,11.16,11.16,142900,142900,0.14,1.27,11.19,"March 31, 14",0.0127,LFCR
2014-03-28,11.02,11.24,10.95,11.0,11.0,152400,152400,-0.02,-0.18149,11.06,"March 28, 14",-0.0018149,LFCR
2014-03-27,11.0,11.1,10.82,11.04,11.04,255600,255600,0.04,0.36364,10.99,"March 27, 14",0.0036364,LFCR
2014-03-26,11.1,11.14,10.75,10.9,10.9,389600,389600,-0.2,-1.8,10.93,"March 26, 14",-0.018,LFCR
2014-03-25,11.19,11.28,11.17,11.2,11.2,157500,157500,0.01,0.0893655,11.22,"March 25, 14",0.000893655,LFCR
2014-03-24,11.27,11.3,11.19,11.2,11.2,97600,97600,-0.07,-0.62112,11.23,"March 24, 14",-0.0062112,LFCR
2014-03-21,11.25,11.29,11.2,11.26,11.26,113800,113800,0.01,0.08888889,11.25,"March 21, 14",0.0008888889,LFCR
2014-03-20,11.17,11.34,11.17,11.22,11.22,89700,89700,0.05,0.44763,11.24,"March 20, 14",0.0044763,LFCR
2014-03-19,11.25,11.28,11.11,11.22,11.22,57200,57200,-0.03,-0.26667,11.2,"March 19, 14",-0.0026667,LFCR
2014-03-18,11.1,11.31,11.07,11.28,11.28,56200,56200,0.18,1.62,11.22,"March 18, 14",0.0162,LFCR
2014-03-17,11.21,11.23,11.09,11.11,11.11,54200,54200,-0.1,-0.89206,11.14,"March 17, 14",-0.0089206,LFCR
2014-03-14,11.03,11.19,10.99,11.14,11.14,44100,44100,0.11,0.99728,11.11,"March 14, 14",0.0099728,LFCR
2014-03-13,11.29,11.41,11.01,11.08,11.08,77000,77000,-0.21,-1.86,11.17,"March 13, 14",-0.0186,LFCR
2014-03-12,10.95,11.28,10.88,11.28,11.28,78400,78400,0.33,3.01,11.15,"March 12, 14",0.0301,LFCR
2014-03-11,11.84,11.95,10.99,10.99,10.99,112100,112100,-0.85,-7.18,11.31,"March 11, 14",-0.0718,LFCR
2014-03-10,11.39,11.95,11.28,11.86,11.86,174600,174600,0.47,4.13,11.7,"March 10, 14",0.0413,LFCR
2014-03-07,11.1,11.46,10.92,11.39,11.39,182700,182700,0.29,2.61,11.26,"March 07, 14",0.0261,LFCR
2014-03-06,10.9,11.1,10.9,11.08,11.08,47100,47100,0.18,1.65,11.03,"March 06, 14",0.0165,LFCR
2014-03-05,10.84,10.91,10.62,10.84,10.84,44200,44200,0.0,0.0,10.79,"March 05, 14",0.0,LFCR
2014-03-04,10.5,10.97,10.39,10.88,10.88,156100,156100,0.38,3.62,10.75,"March 04, 14",0.0362,LFCR
2014-03-03,10.1,10.44,10.1,10.37,10.37,109000,109000,0.27,2.67,10.3,"March 03, 14",0.0267,LFCR
2014-02-28,10.43,10.5,10.16,10.19,10.19,138900,138900,-0.24,-2.3,10.28,"February 28, 14",-0.023,LFCR
2014-02-27,10.4,10.43,10.26,10.4,10.4,88100,88100,0.0,0.0,10.36,"February 27, 14",0.0,LFCR
2014-02-26,10.35,10.5,10.33,10.44,10.44,139600,139600,0.09,0.86957,10.42,"February 26, 14",0.0086957,LFCR
2014-02-25,10.28,10.38,10.25,10.3,10.3,64800,64800,0.02,0.19455,10.31,"February 25, 14",0.0019455,LFCR
2014-02-24,10.07,10.31,10.05,10.26,10.26,90100,90100,0.19,1.89,10.21,"February 24, 14",0.0189,LFCR
2014-02-21,10.1,10.19,10.05,10.08,10.08,63500,63500,-0.02,-0.19802,10.11,"February 21, 14",-0.0019802,LFCR
2014-02-20,10.08,10.13,10.03,10.09,10.09,81300,81300,0.01,0.09920635,10.08,"February 20, 14",0.0009920635,LFCR
2014-02-19,10.4,10.4,10.03,10.1,10.1,110000,110000,-0.3,-2.88,10.18,"February 19, 14",-0.0288,LFCR
2014-02-18,10.36,10.55,10.27,10.48,10.48,37200,37200,0.12,1.16,10.43,"February 18, 14",0.0116,LFCR
2014-02-14,10.32,10.42,10.25,10.37,10.37,48900,48900,0.05,0.4845,10.35,"February 14, 14",0.004845,LFCR
2014-02-13,10.14,10.48,10.14,10.38,10.38,95900,95900,0.24,2.37,10.33,"February 13, 14",0.0237,LFCR
2014-02-12,10.5,10.52,10.15,10.25,10.25,374400,374400,-0.25,-2.38,10.31,"February 12, 14",-0.0238,LFCR
2014-02-11,10.47,10.69,10.47,10.47,10.47,43400,43400,0.0,0.0,10.54,"February 11, 14",0.0,LFCR
2014-02-10,10.5,10.57,10.37,10.49,10.49,60600,60600,-0.01,-0.0952381,10.48,"February 10, 14",-0.000952381,LFCR
2014-02-07,10.36,10.5,10.3,10.48,10.48,203800,203800,0.12,1.16,10.43,"February 07, 14",0.0116,LFCR
2014-02-06,10.26,10.37,10.19,10.34,10.34,200600,200600,0.08,0.77973,10.3,"February 06, 14",0.0077973,LFCR
2014-02-05,10.25,10.32,9.84,10.19,10.19,108300,108300,-0.06,-0.58537,10.12,"February 05, 14",-0.0058537,LFCR
2014-02-04,10.47,10.52,10.31,10.32,10.32,96100,96100,-0.15,-1.43,10.38,"February 04, 14",-0.0143,LFCR
2014-02-03,10.75,10.81,10.34,10.45,10.45,196800,196800,-0.3,-2.79,10.53,"February 03, 14",-0.0279,LFCR
2014-01-31,10.86,11.0,10.69,10.75,10.75,133800,133800,-0.11,-1.01,10.81,"January 31, 14",-0.0101,LFCR
2014-01-30,11.07,11.18,10.87,11.02,11.02,116800,116800,-0.05,-0.45167,11.02,"January 30, 14",-0.0045167,LFCR
2014-01-29,11.04,11.3,10.92,11.0,11.0,89600,89600,-0.04,-0.36232,11.07,"January 29, 14",-0.0036232,LFCR
2014-01-28,11.27,11.27,11.02,11.12,11.12,91700,91700,-0.15,-1.33,11.14,"January 28, 14",-0.0133,LFCR
2014-01-27,11.35,11.39,11.15,11.22,11.22,55700,55700,-0.13,-1.15,11.25,"January 27, 14",-0.0115,LFCR
2014-01-24,11.21,11.35,11.0,11.35,11.35,239400,239400,0.14,1.25,11.23,"January 24, 14",0.0125,LFCR
2014-01-23,11.41,11.51,11.14,11.29,11.29,175200,175200,-0.12,-1.05,11.31,"January 23, 14",-0.0105,LFCR
2014-01-22,11.33,11.57,11.13,11.5,11.5,80800,80800,0.17,1.5,11.4,"January 22, 14",0.015,LFCR
2014-01-21,11.15,11.34,11.06,11.27,11.27,113000,113000,0.12,1.08,11.22,"January 21, 14",0.0108,LFCR
2014-01-17,11.12,11.27,11.05,11.12,11.12,76500,76500,0.0,0.0,11.15,"January 17, 14",0.0,LFCR
2014-01-16,11.14,11.14,10.95,11.1,11.1,250600,250600,-0.04,-0.35907,11.06,"January 16, 14",-0.0035907,LFCR
2014-01-15,11.08,11.21,11.08,11.13,11.13,326300,326300,0.05,0.45126,11.14,"January 15, 14",0.0045126,LFCR
2014-01-14,11.17,11.3,11.05,11.09,11.09,97400,97400,-0.08,-0.7162,11.15,"January 14, 14",-0.007162,LFCR
2014-01-13,11.33,11.35,11.04,11.17,11.17,168900,168900,-0.16,-1.41,11.19,"January 13, 14",-0.0141,LFCR
2014-01-10,11.71,11.71,11.28,11.41,11.41,167500,167500,-0.3,-2.56,11.47,"January 10, 14",-0.0256,LFCR
2014-01-09,11.88,11.97,11.55,11.72,11.72,112800,112800,-0.16,-1.35,11.75,"January 09, 14",-0.0135,LFCR
2014-01-08,11.99,12.11,11.78,11.8,11.8,84600,84600,-0.19,-1.58,11.9,"January 08, 14",-0.0158,LFCR
2014-01-07,12.2,12.4,12.01,12.04,12.04,132000,132000,-0.16,-1.31,12.15,"January 07, 14",-0.0131,LFCR
2014-01-06,12.26,12.4,11.97,12.19,12.19,156100,156100,-0.07,-0.57096,12.19,"January 06, 14",-0.0057096,LFCR
2014-01-03,11.53,12.57,11.5,12.25,12.25,251800,251800,0.72,6.24,12.11,"January 03, 14",0.0624,LFCR
2014-01-02,12.08,12.25,11.64,12.02,12.02,259500,259500,-0.06,-0.49669,11.97,"January 02, 14",-0.0049669,LFCR
2013-12-31,12.54,12.54,12.1,12.12,12.12,63100,63100,-0.42,-3.35,12.25,"December 31, 13",-0.0335,LFCR
2013-12-30,12.3,12.66,12.24,12.48,12.48,151200,151200,0.18,1.46,12.46,"December 30, 13",0.0146,LFCR
2013-12-27,12.42,12.45,12.2,12.28,12.28,74700,74700,-0.14,-1.13,12.31,"December 27, 13",-0.0113,LFCR
2013-12-26,12.53,12.68,12.27,12.34,12.34,135700,135700,-0.19,-1.52,12.43,"December 26, 13",-0.0152,LFCR
2013-12-24,12.34,12.62,12.34,12.48,12.48,36700,36700,0.14,1.13,12.48,"December 24, 13",0.0113,LFCR
2013-12-23,12.3,12.48,12.26,12.3,12.3,74000,74000,0.0,0.0,12.35,"December 23, 13",0.0,LFCR
2013-12-20,12.23,12.42,12.2,12.26,12.26,244900,244900,0.03,0.2453,12.29,"December 20, 13",0.002453,LFCR
2013-12-19,12.56,12.59,12.2,12.2,12.2,63900,63900,-0.36,-2.87,12.33,"December 19, 13",-0.0287,LFCR
2013-12-18,12.41,12.67,12.35,12.62,12.62,162600,162600,0.21,1.69,12.55,"December 18, 13",0.0169,LFCR
2013-12-17,12.23,12.45,12.07,12.4,12.4,175000,175000,0.17,1.39,12.31,"December 17, 13",0.0139,LFCR
2013-12-16,12.3,12.39,12.1,12.29,12.29,63300,63300,-0.01,-0.08130081,12.26,"December 16, 13",-0.0008130081,LFCR
2013-12-13,12.18,12.51,12.0,12.29,12.29,97500,97500,0.11,0.90312,12.27,"December 13, 13",0.0090312,LFCR
2013-12-12,12.08,12.3,12.0,12.11,12.11,140300,140300,0.03,0.24834,12.14,"December 12, 13",0.0024834,LFCR
2013-12-11,12.06,12.11,12.0,12.03,12.03,147700,147700,-0.03,-0.24876,12.05,"December 11, 13",-0.0024876,LFCR
2013-12-10,11.88,12.1,11.83,12.01,12.01,249300,249300,0.13,1.09,11.98,"December 10, 13",0.0109,LFCR
2013-12-09,11.85,11.97,11.85,11.9,11.9,96000,96000,0.05,0.42194,11.91,"December 09, 13",0.0042194,LFCR
2013-12-06,11.99,12.16,11.85,11.87,11.87,89900,89900,-0.12,-1.0,11.96,"December 06, 13",-0.01,LFCR
2013-12-05,11.87,12.03,11.78,11.91,11.91,54700,54700,0.04,0.33698,11.91,"December 05, 13",0.0033698,LFCR
2013-12-04,11.71,12.17,11.71,11.87,11.87,109600,109600,0.16,1.37,11.92,"December 04, 13",0.0137,LFCR
2013-12-03,11.61,11.73,11.51,11.72,11.72,115500,115500,0.11,0.94746,11.65,"December 03, 13",0.0094746,LFCR
2013-12-02,11.76,12.0,11.55,11.67,11.67,127200,127200,-0.09,-0.76531,11.74,"December 02, 13",-0.0076531,LFCR
2013-11-29,11.67,11.89,11.66,11.74,11.74,68500,68500,0.07,0.59983,11.76,"November 29, 13",0.0059983,LFCR
2013-11-27,11.36,11.63,11.3,11.59,11.59,71200,71200,0.23,2.02,11.51,"November 27, 13",0.0202,LFCR
2013-11-26,11.25,11.53,11.22,11.36,11.36,222300,222300,0.11,0.97778,11.37,"November 26, 13",0.0097778,LFCR
2013-11-25,11.38,11.38,11.24,11.25,11.25,547100,547100,-0.13,-1.14,11.29,"November 25, 13",-0.0114,LFCR
2013-11-22,11.92,11.97,11.25,11.4,11.4,954300,954300,-0.52,-4.36,11.54,"November 22, 13",-0.0436,LFCR
2013-11-21,12.09,12.43,12.03,12.4,12.4,232700,232700,0.31,2.56,12.29,"November 21, 13",0.0256,LFCR
2013-11-20,12.05,12.27,11.92,12.03,12.03,89500,89500,-0.02,-0.16598,12.07,"November 20, 13",-0.0016598,LFCR
2013-11-19,12.09,12.44,11.95,12.03,12.03,60900,60900,-0.06,-0.49628,12.14,"November 19, 13",-0.0049628,LFCR
2013-11-18,11.89,12.15,11.85,12.04,12.04,64300,64300,0.15,1.26,12.01,"November 18, 13",0.0126,LFCR
2013-11-15,11.85,12.01,11.75,11.87,11.87,125300,125300,0.02,0.16878,11.88,"November 15, 13",0.0016878,LFCR
2013-11-14,11.96,12.13,11.66,11.86,11.86,43000,43000,-0.1,-0.83612,11.88,"November 14, 13",-0.0083612,LFCR
2013-11-13,11.67,11.94,11.52,11.92,11.92,59600,59600,0.25,2.14,11.79,"November 13, 13",0.0214,LFCR
2013-11-12,11.65,11.83,11.6,11.74,11.74,42800,42800,0.09,0.77253,11.72,"November 12, 13",0.0077253,LFCR
2013-11-11,11.5,11.67,11.42,11.65,11.65,155100,155100,0.15,1.3,11.58,"November 11, 13",0.013,LFCR
2013-11-08,11.33,11.52,11.31,11.5,11.5,112800,112800,0.17,1.5,11.44,"November 08, 13",0.015,LFCR
2013-11-07,11.6,11.65,11.31,11.34,11.34,178100,178100,-0.26,-2.24,11.43,"November 07, 13",-0.0224,LFCR
2013-11-06,11.65,11.78,11.41,11.51,11.51,60700,60700,-0.14,-1.2,11.57,"November 06, 13",-0.012,LFCR
2013-11-05,11.78,11.95,11.53,11.53,11.53,104300,104300,-0.25,-2.12,11.67,"November 05, 13",-0.0212,LFCR
2013-11-04,11.77,11.93,11.61,11.87,11.87,113900,113900,0.1,0.84962,11.8,"November 04, 13",0.0084962,LFCR
2013-11-01,11.7,11.86,11.49,11.7,11.7,148100,148100,0.0,0.0,11.68,"November 01, 13",0.0,LFCR
2013-10-31,12.05,12.09,11.71,11.71,11.71,121900,121900,-0.34,-2.82,11.84,"October 31, 13",-0.0282,LFCR
2013-10-30,12.08,12.31,11.86,12.04,12.04,155800,155800,-0.04,-0.33113,12.07,"October 30, 13",-0.0033113,LFCR
2013-10-29,12.28,12.34,12.01,12.06,12.06,103400,103400,-0.22,-1.79,12.14,"October 29, 13",-0.0179,LFCR
2013-10-28,12.55,12.6,12.19,12.26,12.26,92700,92700,-0.29,-2.31,12.35,"October 28, 13",-0.0231,LFCR
2013-10-25,12.15,12.55,12.0,12.5,12.5,151000,151000,0.35,2.88,12.35,"October 25, 13",0.0288,LFCR
2013-10-24,11.92,12.15,11.82,12.1,12.1,113500,113500,0.18,1.51,12.02,"October 24, 13",0.0151,LFCR
2013-10-23,11.7,11.89,11.68,11.86,11.86,98000,98000,0.16,1.37,11.81,"October 23, 13",0.0137,LFCR
2013-10-22,11.79,11.85,11.6,11.74,11.74,252900,252900,-0.05,-0.42409,11.73,"October 22, 13",-0.0042409,LFCR
2013-10-21,11.82,12.0,11.51,11.78,11.78,144600,144600,-0.04,-0.33841,11.76,"October 21, 13",-0.0033841,LFCR
2013-10-18,11.8,11.93,11.75,11.84,11.84,134000,134000,0.04,0.33898,11.84,"October 18, 13",0.0033898,LFCR
2013-10-17,11.5,11.72,11.28,11.7,11.7,367000,367000,0.2,1.74,11.57,"October 17, 13",0.0174,LFCR
2013-10-16,12.1,12.1,11.53,11.53,11.53,155900,155900,-0.57,-4.71,11.72,"October 16, 13",-0.0471,LFCR
2013-10-15,11.6,12.09,11.53,12.06,12.06,280800,280800,0.46,3.97,11.89,"October 15, 13",0.0397,LFCR
2013-10-14,12.05,12.3,12.0,12.27,12.27,149000,149000,0.22,1.83,12.19,"October 14, 13",0.0183,LFCR
2013-10-11,11.68,12.15,11.68,12.1,12.1,107900,107900,0.42,3.6,11.98,"October 11, 13",0.036,LFCR
2013-10-10,11.75,11.84,11.51,11.75,11.75,113700,113700,0.0,0.0,11.7,"October 10, 13",0.0,LFCR
2013-10-09,11.72,11.75,11.52,11.61,11.61,129500,129500,-0.11,-0.93857,11.63,"October 09, 13",-0.0093857,LFCR
2013-10-08,11.7,11.77,11.63,11.71,11.71,243300,243300,0.01,0.08547009,11.7,"October 08, 13",0.0008547009,LFCR
2013-10-07,11.88,11.92,11.61,11.7,11.7,130000,130000,-0.18,-1.52,11.74,"October 07, 13",-0.0152,LFCR
2013-10-04,12.02,12.09,11.94,11.96,11.96,78500,78500,-0.06,-0.49917,12.0,"October 04, 13",-0.0049917,LFCR
2013-10-03,12.09,12.19,12.0,12.05,12.05,157100,157100,-0.04,-0.33085,12.08,"October 03, 13",-0.0033085,LFCR
2013-10-02,12.19,12.27,12.08,12.13,12.13,249800,249800,-0.06,-0.49221,12.16,"October 02, 13",-0.0049221,LFCR
2013-10-01,12.2,12.32,12.14,12.27,12.27,287000,287000,0.07,0.57377,12.24,"October 01, 13",0.0057377,LFCR
2013-09-30,12.11,12.33,11.94,12.2,12.2,249600,249600,0.09,0.74319,12.16,"September 30, 13",0.0074319,LFCR
2013-09-27,12.13,12.41,12.06,12.21,12.21,243800,243800,0.08,0.65952,12.23,"September 27, 13",0.0065952,LFCR
2013-09-26,12.38,12.52,11.87,12.21,12.21,569000,569000,-0.17,-1.37,12.2,"September 26, 13",-0.0137,LFCR
2013-09-25,12.75,12.79,11.81,12.08,12.08,1488900,1488900,-0.67,-5.25,12.23,"September 25, 13",-0.0525,LFCR
2013-09-24,13.18,13.66,13.01,13.57,13.57,405300,405300,0.39,2.96,13.41,"September 24, 13",0.0296,LFCR
2013-09-23,13.16,13.24,13.05,13.19,13.19,152000,152000,0.03,0.22796,13.16,"September 23, 13",0.0022796,LFCR
2013-09-20,13.25,13.39,13.15,13.18,13.18,230800,230800,-0.07,-0.5283,13.24,"September 20, 13",-0.005283,LFCR
2013-09-19,13.51,13.64,13.18,13.23,13.23,140100,140100,-0.28,-2.07,13.35,"September 19, 13",-0.0207,LFCR
2013-09-18,13.3,13.6,13.22,13.49,13.49,78000,78000,0.19,1.43,13.44,"September 18, 13",0.0143,LFCR
2013-09-17,13.11,13.33,13.05,13.32,13.32,89800,89800,0.21,1.6,13.23,"September 17, 13",0.016,LFCR
2013-09-16,13.28,13.28,13.07,13.12,13.12,73100,73100,-0.16,-1.2,13.16,"September 16, 13",-0.012,LFCR
2013-09-13,13.31,13.31,13.17,13.2,13.2,75800,75800,-0.11,-0.82645,13.23,"September 13, 13",-0.0082645,LFCR
2013-09-12,13.25,13.3,13.15,13.24,13.24,76700,76700,-0.01,-0.0754717,13.23,"September 12, 13",-0.000754717,LFCR
2013-09-11,13.31,13.41,13.23,13.26,13.26,126200,126200,-0.05,-0.37566,13.3,"September 11, 13",-0.0037566,LFCR
2013-09-10,13.37,13.43,13.22,13.3,13.3,102600,102600,-0.07,-0.52356,13.32,"September 10, 13",-0.0052356,LFCR
2013-09-09,12.99,13.36,12.93,13.25,13.25,114800,114800,0.26,2.0,13.18,"September 09, 13",0.02,LFCR
2013-09-06,13.14,13.42,12.87,12.92,12.92,337300,337300,-0.22,-1.67,13.07,"September 06, 13",-0.0167,LFCR
2013-09-05,12.62,13.08,12.62,13.07,13.07,146000,146000,0.45,3.57,12.92,"September 05, 13",0.0357,LFCR
2013-09-04,13.03,13.1,12.59,12.69,12.69,83800,83800,-0.34,-2.61,12.79,"September 04, 13",-0.0261,LFCR
2013-09-03,13.37,13.52,12.63,13.0,13.0,202500,202500,-0.37,-2.77,13.05,"September 03, 13",-0.0277,LFCR
2013-08-30,13.4,13.42,13.11,13.2,13.2,81600,81600,-0.2,-1.49,13.24,"August 30, 13",-0.0149,LFCR
2013-08-29,13.26,13.5,13.26,13.46,13.46,41600,41600,0.2,1.51,13.41,"August 29, 13",0.0151,LFCR
2013-08-28,13.17,13.35,13.16,13.26,13.26,40700,40700,0.09,0.68337,13.26,"August 28, 13",0.0068337,LFCR
2013-08-27,13.27,13.35,13.1,13.17,13.17,98400,98400,-0.1,-0.75358,13.21,"August 27, 13",-0.0075358,LFCR
2013-08-26,13.61,13.65,13.46,13.48,13.48,33500,33500,-0.13,-0.95518,13.53,"August 26, 13",-0.0095518,LFCR
2013-08-23,13.65,13.65,13.45,13.62,13.62,44000,44000,-0.03,-0.21978,13.57,"August 23, 13",-0.0021978,LFCR
2013-08-22,13.35,13.65,13.3,13.64,13.64,51400,51400,0.29,2.17,13.53,"August 22, 13",0.0217,LFCR
2013-08-21,13.26,13.5,13.26,13.26,13.26,80900,80900,0.0,0.0,13.34,"August 21, 13",0.0,LFCR
2013-08-20,13.3,13.52,13.24,13.33,13.33,66200,66200,0.03,0.22556,13.36,"August 20, 13",0.0022556,LFCR
2013-08-19,13.14,13.34,13.09,13.26,13.26,225700,225700,0.12,0.91324,13.23,"August 19, 13",0.0091324,LFCR
2013-08-16,13.18,13.43,13.11,13.24,13.24,87500,87500,0.06,0.45524,13.26,"August 16, 13",0.0045524,LFCR
2013-08-15,13.65,13.66,13.2,13.27,13.27,124300,124300,-0.38,-2.78,13.38,"August 15, 13",-0.0278,LFCR
2013-08-14,14.11,14.15,13.84,13.84,13.84,117900,117900,-0.27,-1.91,13.94,"August 14, 13",-0.0191,LFCR
2013-08-13,14.16,14.2,13.87,14.17,14.17,55700,55700,0.01,0.07062147,14.08,"August 13, 13",0.0007062147,LFCR
2013-08-12,13.89,14.28,13.81,14.21,14.21,105000,105000,0.32,2.3,14.1,"August 12, 13",0.023,LFCR
2013-08-09,14.69,14.79,14.01,14.04,14.04,110800,110800,-0.65,-4.42,14.28,"August 09, 13",-0.0442,LFCR
2013-08-08,14.78,14.85,14.57,14.77,14.77,120400,120400,-0.01,-0.067659,14.73,"August 08, 13",-0.00067659,LFCR
2013-08-07,14.78,14.88,14.64,14.68,14.68,67600,67600,-0.1,-0.67659,14.73,"August 07, 13",-0.0067659,LFCR
2013-08-06,14.84,14.9,14.72,14.78,14.78,69000,69000,-0.06,-0.40431,14.8,"August 06, 13",-0.0040431,LFCR
2013-08-05,15.01,15.09,14.83,14.87,14.87,194800,194800,-0.14,-0.93271,14.93,"August 05, 13",-0.0093271,LFCR
2013-08-02,14.56,15.06,14.41,14.98,14.98,144400,144400,0.42,2.88,14.82,"August 02, 13",0.0288,LFCR
2013-08-01,15.25,15.25,14.64,14.69,14.69,308400,308400,-0.56,-3.67,14.86,"August 01, 13",-0.0367,LFCR
2013-07-31,15.17,15.28,15.03,15.09,15.09,83100,83100,-0.08,-0.52736,15.13,"July 31, 13",-0.0052736,LFCR
2013-07-30,15.17,15.28,15.0,15.09,15.09,73700,73700,-0.08,-0.52736,15.12,"July 30, 13",-0.0052736,LFCR
2013-07-29,15.35,15.5,15.07,15.14,15.14,59800,59800,-0.21,-1.37,15.24,"July 29, 13",-0.0137,LFCR
2013-07-26,15.65,15.79,15.33,15.39,15.39,87700,87700,-0.26,-1.66,15.5,"July 26, 13",-0.0166,LFCR
2013-07-25,15.59,15.96,15.36,15.82,15.82,166800,166800,0.23,1.48,15.71,"July 25, 13",0.0148,LFCR
2013-07-24,15.6,15.7,15.38,15.54,15.54,52900,52900,-0.06,-0.38462,15.54,"July 24, 13",-0.0038462,LFCR
2013-07-23,15.42,15.65,15.42,15.47,15.47,97500,97500,0.05,0.32425,15.51,"July 23, 13",0.0032425,LFCR
2013-07-22,15.29,15.43,15.13,15.41,15.41,271000,271000,0.12,0.78483,15.32,"July 22, 13",0.0078483,LFCR
2013-07-19,15.12,15.25,15.01,15.18,15.18,44200,44200,0.06,0.39683,15.15,"July 19, 13",0.0039683,LFCR
2013-07-18,15.1,15.28,15.1,15.13,15.13,75400,75400,0.03,0.19868,15.17,"July 18, 13",0.0019868,LFCR
2013-07-17,15.1,15.15,14.97,15.09,15.09,129100,129100,-0.01,-0.06622517,15.07,"July 17, 13",-0.0006622517,LFCR
2013-07-16,15.12,15.15,14.82,14.97,14.97,83300,83300,-0.15,-0.99206,14.98,"July 16, 13",-0.0099206,LFCR
2013-07-15,15.04,15.29,14.79,15.16,15.16,88600,88600,0.12,0.79787,15.08,"July 15, 13",0.0079787,LFCR
2013-07-12,15.05,15.12,14.87,15.08,15.08,116600,116600,0.03,0.19934,15.02,"July 12, 13",0.0019934,LFCR
2013-07-11,15.05,15.33,14.81,15.05,15.05,134400,134400,0.0,0.0,15.06,"July 11, 13",0.0,LFCR
2013-07-10,14.51,14.99,14.51,14.91,14.91,67300,67300,0.4,2.76,14.8,"July 10, 13",0.0276,LFCR
2013-07-09,14.33,14.66,14.3,14.58,14.58,136300,136300,0.25,1.74,14.51,"July 09, 13",0.0174,LFCR
2013-07-08,14.26,14.38,14.08,14.29,14.29,147100,147100,0.03,0.21038,14.25,"July 08, 13",0.0021038,LFCR
2013-07-05,13.84,14.26,13.84,14.22,14.22,62300,62300,0.38,2.75,14.11,"July 05, 13",0.0275,LFCR
2013-07-03,13.72,14.0,13.59,13.84,13.84,60400,60400,0.12,0.87464,13.81,"July 03, 13",0.0087464,LFCR
2013-07-02,13.85,13.85,13.52,13.75,13.75,151100,151100,-0.1,-0.72202,13.71,"July 02, 13",-0.0072202,LFCR
2013-07-01,13.23,13.91,13.22,13.84,13.84,136100,136100,0.61,4.61,13.66,"July 01, 13",0.0461,LFCR
2013-06-28,13.36,13.38,13.2,13.21,13.21,842300,842300,-0.15,-1.12,13.26,"June 28, 13",-0.0112,LFCR
2013-06-27,13.61,13.61,13.27,13.39,13.39,153500,153500,-0.22,-1.62,13.42,"June 27, 13",-0.0162,LFCR
2013-06-26,13.9,13.91,13.45,13.48,13.48,78700,78700,-0.42,-3.02,13.61,"June 26, 13",-0.0302,LFCR
2013-06-25,13.77,14.05,13.45,13.82,13.82,124000,124000,0.05,0.36311,13.77,"June 25, 13",0.0036311,LFCR
2013-06-24,13.6,13.95,13.2,13.65,13.65,150600,150600,0.05,0.36765,13.6,"June 24, 13",0.0036765,LFCR
2013-06-21,14.1,14.11,13.75,13.88,13.88,170500,170500,-0.22,-1.56,13.91,"June 21, 13",-0.0156,LFCR
2013-06-20,14.17,14.17,13.57,14.05,14.05,121200,121200,-0.12,-0.84686,13.93,"June 20, 13",-0.0084686,LFCR
2013-06-19,15.58,15.58,14.33,14.34,14.34,42100,42100,-1.24,-7.96,14.75,"June 19, 13",-0.0796,LFCR
2013-06-18,14.42,14.63,14.2,14.61,14.61,155700,155700,0.19,1.32,14.48,"June 18, 13",0.0132,LFCR
2013-06-17,14.45,14.46,14.19,14.35,14.35,42700,42700,-0.1,-0.69204,14.33,"June 17, 13",-0.0069204,LFCR
2013-06-14,14.68,14.73,14.19,14.3,14.3,99600,99600,-0.38,-2.59,14.41,"June 14, 13",-0.0259,LFCR
2013-06-13,14.4,14.71,14.21,14.64,14.64,77800,77800,0.24,1.67,14.52,"June 13, 13",0.0167,LFCR
2013-06-12,14.96,14.96,14.41,14.44,14.44,42500,42500,-0.52,-3.48,14.6,"June 12, 13",-0.0348,LFCR
2013-06-11,14.72,14.98,14.67,14.8,14.8,94700,94700,0.08,0.54348,14.82,"June 11, 13",0.0054348,LFCR
2013-06-10,14.37,15.0,14.28,14.94,14.94,123000,123000,0.57,3.97,14.74,"June 10, 13",0.0397,LFCR
2013-06-07,14.22,14.32,14.08,14.3,14.3,69600,69600,0.08,0.56259,14.23,"June 07, 13",0.0056259,LFCR
2013-06-06,14.17,14.29,14.08,14.19,14.19,61400,61400,0.02,0.14114,14.19,"June 06, 13",0.0014114,LFCR
2013-06-05,14.24,14.24,13.91,14.12,14.12,64500,64500,-0.12,-0.8427,14.09,"June 05, 13",-0.008427,LFCR
2013-06-04,14.1,14.32,14.0,14.21,14.21,200300,200300,0.11,0.78014,14.18,"June 04, 13",0.0078014,LFCR
2013-06-03,14.03,14.2,13.49,14.13,14.13,158800,158800,0.1,0.71276,13.94,"June 03, 13",0.0071276,LFCR
2013-05-31,14.01,14.1,13.94,14.04,14.04,76400,76400,0.03,0.21413,14.03,"May 31, 13",0.0021413,LFCR
2013-05-30,14.1,14.15,13.97,14.09,14.09,69100,69100,-0.01,-0.07092199,14.07,"May 30, 13",-0.0007092199,LFCR
2013-05-29,14.14,14.14,13.85,14.09,14.09,37900,37900,-0.05,-0.35361,14.03,"May 29, 13",-0.0035361,LFCR
2013-05-28,14.0,14.28,13.89,14.19,14.19,44100,44100,0.19,1.36,14.12,"May 28, 13",0.0136,LFCR
2013-05-24,13.89,13.91,13.65,13.88,13.88,30300,30300,-0.01,-0.07199424,13.81,"May 24, 13",-0.0007199424,LFCR
2013-05-23,13.86,14.19,13.85,13.96,13.96,50400,50400,0.1,0.7215,14.0,"May 23, 13",0.007215,LFCR
2013-05-22,14.31,14.66,14.0,14.2,14.2,151800,151800,-0.11,-0.76869,14.29,"May 22, 13",-0.0076869,LFCR
2013-05-21,14.45,14.54,14.3,14.31,14.31,75100,75100,-0.14,-0.96886,14.38,"May 21, 13",-0.0096886,LFCR
2013-05-20,14.22,14.63,14.1,14.45,14.45,140200,140200,0.23,1.62,14.39,"May 20, 13",0.0162,LFCR
2013-05-17,13.73,14.26,13.73,14.22,14.22,209400,209400,0.49,3.57,14.07,"May 17, 13",0.0357,LFCR
2013-05-16,13.59,14.02,13.5,14.0,14.0,142200,142200,0.41,3.02,13.84,"May 16, 13",0.0302,LFCR
2013-05-15,13.27,13.65,13.12,13.65,13.65,172600,172600,0.38,2.86,13.47,"May 15, 13",0.0286,LFCR
2013-05-14,13.3,13.42,13.2,13.36,13.36,71700,71700,0.06,0.45113,13.33,"May 14, 13",0.0045113,LFCR
2013-05-13,13.22,13.31,13.14,13.26,13.26,59500,59500,0.04,0.30257,13.24,"May 13, 13",0.0030257,LFCR
2013-05-10,13.37,13.46,13.22,13.26,13.26,96600,96600,-0.11,-0.82274,13.31,"May 10, 13",-0.0082274,LFCR
2013-05-09,13.35,13.39,13.13,13.32,13.32,83500,83500,-0.03,-0.22472,13.28,"May 09, 13",-0.0022472,LFCR
2013-05-08,13.45,13.68,13.18,13.35,13.35,70900,70900,-0.1,-0.74349,13.4,"May 08, 13",-0.0074349,LFCR
2013-05-07,13.54,13.61,13.33,13.45,13.45,59700,59700,-0.09,-0.6647,13.46,"May 07, 13",-0.006647,LFCR
2013-05-06,13.58,13.58,13.37,13.54,13.54,42100,42100,-0.04,-0.29455,13.5,"May 06, 13",-0.0029455,LFCR
2013-05-03,13.35,13.67,13.32,13.48,13.48,84300,84300,0.13,0.97378,13.49,"May 03, 13",0.0097378,LFCR
2013-05-02,12.96,13.29,12.96,13.14,13.14,88600,88600,0.18,1.39,13.13,"May 02, 13",0.0139,LFCR
2013-05-01,13.32,13.42,12.84,12.93,12.93,228900,228900,-0.39,-2.93,13.06,"May 01, 13",-0.0293,LFCR
2013-04-30,13.78,13.84,13.27,13.41,13.41,102200,102200,-0.37,-2.69,13.51,"April 30, 13",-0.0269,LFCR
2013-04-29,13.5,13.79,13.5,13.76,13.76,56800,56800,0.26,1.93,13.68,"April 29, 13",0.0193,LFCR
2013-04-26,14.02,14.02,13.4,13.48,13.48,96400,96400,-0.54,-3.85,13.63,"April 26, 13",-0.0385,LFCR
2013-04-25,14.13,14.22,13.96,14.03,14.03,86000,86000,-0.1,-0.70771,14.07,"April 25, 13",-0.0070771,LFCR
2013-04-24,14.14,14.14,13.85,14.06,14.06,71100,71100,-0.08,-0.56577,14.02,"April 24, 13",-0.0056577,LFCR
2013-04-23,13.73,14.1,13.65,14.1,14.1,198000,198000,0.37,2.69,13.95,"April 23, 13",0.0269,LFCR
2013-04-22,13.84,13.85,13.26,13.65,13.65,147600,147600,-0.19,-1.37,13.59,"April 22, 13",-0.0137,LFCR
2013-04-19,13.02,13.77,13.0,13.7,13.7,263100,263100,0.68,5.22,13.49,"April 19, 13",0.0522,LFCR
2013-04-18,13.16,13.16,12.86,12.97,12.97,141900,141900,-0.19,-1.44,13.0,"April 18, 13",-0.0144,LFCR
2013-04-17,13.06,13.2,12.74,13.08,13.08,181000,181000,0.02,0.15314,13.01,"April 17, 13",0.0015314,LFCR
2013-04-16,13.4,13.6,12.99,13.23,13.23,131000,131000,-0.17,-1.27,13.27,"April 16, 13",-0.0127,LFCR
2013-04-15,13.9,13.9,13.14,13.26,13.26,132900,132900,-0.64,-4.6,13.43,"April 15, 13",-0.046,LFCR
2013-04-12,14.04,14.2,13.77,13.99,13.99,131500,131500,-0.05,-0.35613,13.99,"April 12, 13",-0.0035613,LFCR
2013-04-11,14.03,14.26,13.99,14.09,14.09,181600,181600,0.06,0.42766,14.11,"April 11, 13",0.0042766,LFCR
2013-04-10,13.79,14.01,13.79,14.0,14.0,196700,196700,0.21,1.52,13.93,"April 10, 13",0.0152,LFCR
2013-04-09,13.57,13.83,13.51,13.69,13.69,188300,188300,0.12,0.8843,13.68,"April 09, 13",0.008843,LFCR
2013-04-08,13.38,13.65,12.91,13.64,13.64,223300,223300,0.26,1.94,13.4,"April 08, 13",0.0194,LFCR
2013-04-05,13.18,13.43,13.18,13.36,13.36,109600,109600,0.18,1.37,13.32,"April 05, 13",0.0137,LFCR
2013-04-04,13.25,13.47,13.16,13.45,13.45,104400,104400,0.2,1.51,13.36,"April 04, 13",0.0151,LFCR
2013-04-03,13.82,13.92,13.23,13.25,13.25,211900,211900,-0.57,-4.12,13.47,"April 03, 13",-0.0412,LFCR
2013-04-02,13.76,13.95,13.5,13.92,13.92,225100,225100,0.16,1.16,13.79,"April 02, 13",0.0116,LFCR
2013-04-01,14.5,14.5,13.6,13.82,13.82,358600,358600,-0.68,-4.69,13.97,"April 01, 13",-0.0469,LFCR
2013-03-28,14.0,14.55,13.77,14.47,14.47,576400,576400,0.47,3.36,14.26,"March 28, 13",0.0336,LFCR
2013-03-27,12.55,13.65,12.11,13.63,13.63,1009300,1009300,1.08,8.61,13.13,"March 27, 13",0.0861,LFCR
2013-03-26,13.43,13.43,12.9,13.34,13.34,458300,458300,-0.09,-0.67014,13.22,"March 26, 13",-0.0067014,LFCR
2013-03-25,12.45,13.25,12.31,13.1,13.1,819300,819300,0.65,5.22,12.89,"March 25, 13",0.0522,LFCR
2013-03-22,12.24,12.24,12.0,12.08,12.08,163900,163900,-0.16,-1.31,12.11,"March 22, 13",-0.0131,LFCR
2013-03-21,12.09,12.23,12.09,12.16,12.16,108200,108200,0.07,0.57899,12.16,"March 21, 13",0.0057899,LFCR
2013-03-20,12.14,12.29,12.02,12.14,12.14,100800,100800,0.0,0.0,12.15,"March 20, 13",0.0,LFCR
2013-03-19,12.06,12.09,11.96,12.03,12.03,70800,70800,-0.03,-0.24876,12.03,"March 19, 13",-0.0024876,LFCR
2013-03-18,12.18,12.21,11.94,12.0,12.0,56800,56800,-0.18,-1.48,12.05,"March 18, 13",-0.0148,LFCR
2013-03-15,12.07,12.25,12.0,12.1,12.1,232200,232200,0.03,0.24855,12.12,"March 15, 13",0.0024855,LFCR
2013-03-14,11.74,12.08,11.63,12.04,12.04,122000,122000,0.3,2.56,11.92,"March 14, 13",0.0256,LFCR
2013-03-13,11.74,11.76,11.55,11.69,11.69,51300,51300,-0.05,-0.42589,11.67,"March 13, 13",-0.0042589,LFCR
2013-03-12,11.67,11.71,11.61,11.7,11.7,66600,66600,0.03,0.25707,11.67,"March 12, 13",0.0025707,LFCR
2013-03-11,11.74,11.76,11.6,11.66,11.66,75600,75600,-0.08,-0.68143,11.67,"March 11, 13",-0.0068143,LFCR
2013-03-08,11.65,11.87,11.61,11.84,11.84,131700,131700,0.19,1.63,11.77,"March 08, 13",0.0163,LFCR
2013-03-07,11.39,11.6,11.29,11.57,11.57,87300,87300,0.18,1.58,11.49,"March 07, 13",0.0158,LFCR
2013-03-06,11.44,11.6,11.27,11.42,11.42,105700,105700,-0.02,-0.17483,11.43,"March 06, 13",-0.0017483,LFCR
2013-03-05,11.31,11.44,11.3,11.35,11.35,98100,98100,0.04,0.35367,11.36,"March 05, 13",0.0035367,LFCR
2013-03-04,11.1,11.38,11.1,11.24,11.24,159100,159100,0.14,1.26,11.24,"March 04, 13",0.0126,LFCR
2013-03-01,10.95,11.29,10.95,11.16,11.16,84400,84400,0.21,1.92,11.13,"March 01, 13",0.0192,LFCR
2013-02-28,10.98,11.18,10.93,11.01,11.01,465800,465800,0.03,0.27322,11.04,"February 28, 13",0.0027322,LFCR
2013-02-27,10.75,11.05,10.66,11.0,11.0,112600,112600,0.25,2.33,10.9,"February 27, 13",0.0233,LFCR
2013-02-26,10.91,10.95,10.48,10.73,10.73,116200,116200,-0.18,-1.65,10.72,"February 26, 13",-0.0165,LFCR
2013-02-25,11.03,11.19,10.82,10.91,10.91,152200,152200,-0.12,-1.09,10.97,"February 25, 13",-0.0109,LFCR
2013-02-22,10.54,11.0,10.54,11.0,11.0,161700,161700,0.46,4.36,10.85,"February 22, 13",0.0436,LFCR
2013-02-21,10.58,10.76,10.23,10.45,10.45,192300,192300,-0.13,-1.23,10.48,"February 21, 13",-0.0123,LFCR
2013-02-20,11.15,11.17,10.75,10.76,10.76,146200,146200,-0.39,-3.5,10.89,"February 20, 13",-0.035,LFCR
2013-02-19,11.39,11.54,10.66,11.12,11.12,313300,313300,-0.27,-2.37,11.11,"February 19, 13",-0.0237,LFCR
2013-02-15,11.43,11.63,11.3,11.34,11.34,154300,154300,-0.09,-0.7874,11.42,"February 15, 13",-0.007874,LFCR
2013-02-14,11.24,11.46,11.19,11.34,11.34,85500,85500,0.1,0.88968,11.33,"February 14, 13",0.0088968,LFCR
2013-02-13,11.42,11.47,11.13,11.24,11.24,142100,142100,-0.18,-1.58,11.28,"February 13, 13",-0.0158,LFCR
2013-02-12,11.38,11.5,11.2,11.39,11.39,77400,77400,0.01,0.08787346,11.36,"February 12, 13",0.0008787346,LFCR
2013-02-11,11.7,11.82,11.28,11.39,11.39,89600,89600,-0.31,-2.65,11.5,"February 11, 13",-0.0265,LFCR
2013-02-08,11.6,11.79,11.42,11.7,11.7,141500,141500,0.1,0.86207,11.64,"February 08, 13",0.0086207,LFCR
2013-02-07,11.51,11.7,11.27,11.59,11.59,149000,149000,0.08,0.69505,11.52,"February 07, 13",0.0069505,LFCR
2013-02-06,11.28,11.5,11.12,11.49,11.49,118000,118000,0.21,1.86,11.37,"February 06, 13",0.0186,LFCR
2013-02-05,11.42,11.51,11.22,11.35,11.35,118200,118200,-0.07,-0.61296,11.36,"February 05, 13",-0.0061296,LFCR
2013-02-04,11.79,11.79,11.25,11.38,11.38,189900,189900,-0.41,-3.48,11.47,"February 04, 13",-0.0348,LFCR
2013-02-01,11.79,12.13,11.6,11.85,11.85,170400,170400,0.06,0.50891,11.86,"February 01, 13",0.0050891,LFCR
2013-01-31,11.86,11.95,11.65,11.8,11.8,112100,112100,-0.06,-0.5059,11.8,"January 31, 13",-0.005059,LFCR
2013-01-30,12.03,12.1,11.8,11.86,11.86,109000,109000,-0.17,-1.41,11.92,"January 30, 13",-0.0141,LFCR
2013-01-29,12.0,12.13,11.94,11.97,11.97,127900,127900,-0.03,-0.25,12.01,"January 29, 13",-0.0025,LFCR
2013-01-28,11.94,12.14,11.9,12.07,12.07,170100,170100,0.13,1.09,12.04,"January 28, 13",0.0109,LFCR
2013-01-25,11.9,12.26,11.9,12.03,12.03,151400,151400,0.13,1.09,12.06,"January 25, 13",0.0109,LFCR
2013-01-24,12.28,12.5,11.8,11.83,11.83,302300,302300,-0.45,-3.66,12.04,"January 24, 13",-0.0366,LFCR
2013-01-23,12.45,12.58,12.23,12.33,12.33,216600,216600,-0.12,-0.96386,12.38,"January 23, 13",-0.0096386,LFCR
2013-01-22,12.15,12.47,12.12,12.45,12.45,236100,236100,0.3,2.47,12.35,"January 22, 13",0.0247,LFCR
2013-01-18,11.99,12.16,11.99,12.11,12.11,146800,146800,0.12,1.0,12.09,"January 18, 13",0.01,LFCR
2013-01-17,12.31,12.45,11.97,12.04,12.04,239500,239500,-0.27,-2.19,12.15,"January 17, 13",-0.0219,LFCR
2013-01-16,12.6,12.6,11.9,12.2,12.2,279300,279300,-0.4,-3.17,12.23,"January 16, 13",-0.0317,LFCR
2013-01-15,12.79,12.85,12.5,12.6,12.6,192900,192900,-0.19,-1.49,12.65,"January 15, 13",-0.0149,LFCR
2013-01-14,12.26,12.87,12.22,12.78,12.78,451900,451900,0.52,4.24,12.62,"January 14, 13",0.0424,LFCR
2013-01-11,12.0,12.01,11.8,11.99,11.99,188900,188900,-0.01,-0.08333333,11.93,"January 11, 13",-0.0008333333,LFCR
2013-01-10,12.25,12.36,11.96,12.06,12.06,225200,225200,-0.19,-1.55,12.13,"January 10, 13",-0.0155,LFCR
2013-01-09,12.33,12.5,12.12,12.17,12.17,135700,135700,-0.16,-1.3,12.26,"January 09, 13",-0.013,LFCR
2013-01-08,12.23,12.4,12.01,12.24,12.24,148600,148600,0.01,0.08176615,12.22,"January 08, 13",0.0008176615,LFCR
2013-01-07,11.97,12.41,11.75,12.14,12.14,313100,313100,0.17,1.42,12.1,"January 07, 13",0.0142,LFCR
2013-01-04,11.27,12.2,11.26,11.89,11.89,405500,405500,0.62,5.5,11.78,"January 04, 13",0.055,LFCR
2013-01-03,10.85,12.0,10.65,11.36,11.36,937800,937800,0.51,4.7,11.34,"January 03, 13",0.047,LFCR
2013-01-02,10.0,10.04,9.76,9.82,9.82,342100,342100,-0.18,-1.8,9.87,"January 02, 13",-0.018,LFCR
2012-12-31,9.28,9.57,9.25,9.51,9.51,104400,104400,0.23,2.48,9.44,"December 31, 12",0.0248,LFCR
2012-12-28,9.34,9.49,9.15,9.24,9.24,46400,46400,-0.1,-1.07,9.29,"December 28, 12",-0.0107,LFCR
2012-12-27,9.51,9.51,9.21,9.37,9.37,41900,41900,-0.14,-1.47,9.36,"December 27, 12",-0.0147,LFCR
2012-12-26,9.43,9.6,9.27,9.48,9.48,83000,83000,0.05,0.53022,9.45,"December 26, 12",0.0053022,LFCR
2012-12-24,9.48,9.49,9.32,9.38,9.38,17700,17700,-0.1,-1.05,9.4,"December 24, 12",-0.0105,LFCR
2012-12-21,9.56,9.59,9.31,9.5,9.5,244400,244400,-0.06,-0.62762,9.47,"December 21, 12",-0.0062762,LFCR
2012-12-20,9.56,9.63,9.52,9.6,9.6,88600,88600,0.04,0.41841,9.58,"December 20, 12",0.0041841,LFCR
2012-12-19,9.67,9.69,9.55,9.58,9.58,117400,117400,-0.09,-0.93071,9.61,"December 19, 12",-0.0093071,LFCR
2012-12-18,9.57,9.66,9.47,9.6,9.6,96000,96000,0.03,0.31348,9.58,"December 18, 12",0.0031348,LFCR
2012-12-17,9.6,9.62,9.51,9.57,9.57,62100,62100,-0.03,-0.3125,9.57,"December 17, 12",-0.003125,LFCR
2012-12-14,9.39,9.7,9.39,9.61,9.61,42600,42600,0.22,2.34,9.57,"December 14, 12",0.0234,LFCR
2012-12-13,9.45,9.5,9.28,9.45,9.45,74100,74100,0.0,0.0,9.41,"December 13, 12",0.0,LFCR
2012-12-12,10.17,10.17,9.41,9.45,9.45,294300,294300,-0.72,-7.08,9.68,"December 12, 12",-0.0708,LFCR
2012-12-11,9.83,10.18,9.58,10.18,10.18,98200,98200,0.35,3.56,9.98,"December 11, 12",0.0356,LFCR
2012-12-10,9.85,9.88,9.67,9.76,9.76,43200,43200,-0.09,-0.91371,9.77,"December 10, 12",-0.0091371,LFCR
2012-12-07,9.95,9.95,9.62,9.81,9.81,24100,24100,-0.14,-1.41,9.79,"December 07, 12",-0.0141,LFCR
2012-12-06,9.99,10.0,9.77,9.88,9.88,37300,37300,-0.11,-1.1,9.88,"December 06, 12",-0.011,LFCR
2012-12-05,10.12,10.18,9.93,10.03,10.03,75400,75400,-0.09,-0.88933,10.05,"December 05, 12",-0.0088933,LFCR
2012-12-04,10.02,10.08,9.94,10.05,10.05,145600,145600,0.03,0.2994,10.02,"December 04, 12",0.002994,LFCR
2012-12-03,10.11,10.14,9.9,9.97,9.97,67500,67500,-0.14,-1.38,10.0,"December 03, 12",-0.0138,LFCR
2012-11-30,9.94,10.17,9.89,10.06,10.06,62700,62700,0.12,1.21,10.04,"November 30, 12",0.0121,LFCR
2012-11-29,9.78,10.11,9.73,9.88,9.88,94200,94200,0.1,1.02,9.91,"November 29, 12",0.0102,LFCR
2012-11-28,9.68,9.74,9.6,9.68,9.68,41200,41200,0.0,0.0,9.67,"November 28, 12",0.0,LFCR
2012-11-27,9.63,9.8,9.58,9.66,9.66,74600,74600,0.03,0.31153,9.68,"November 27, 12",0.0031153,LFCR
2012-11-26,9.39,9.61,9.39,9.58,9.58,114700,114700,0.19,2.02,9.53,"November 26, 12",0.0202,LFCR
2012-11-23,9.39,9.45,9.33,9.35,9.35,30700,30700,-0.04,-0.42599,9.38,"November 23, 12",-0.0042599,LFCR
2012-11-21,9.31,9.52,9.3,9.33,9.33,106400,106400,0.02,0.21482,9.38,"November 21, 12",0.0021482,LFCR
2012-11-20,9.25,9.43,9.21,9.35,9.35,90500,90500,0.1,1.08,9.33,"November 20, 12",0.0108,LFCR
2012-11-19,9.09,9.4,9.09,9.25,9.25,216300,216300,0.16,1.76,9.25,"November 19, 12",0.0176,LFCR
2012-11-16,9.06,9.11,9.0,9.06,9.06,133500,133500,0.0,0.0,9.06,"November 16, 12",0.0,LFCR
2012-11-15,9.1,9.18,9.05,9.11,9.11,153900,153900,0.01,0.10989,9.11,"November 15, 12",0.0010989,LFCR
2012-11-14,8.95,9.21,8.95,9.1,9.1,79500,79500,0.15,1.68,9.09,"November 14, 12",0.0168,LFCR
2012-11-13,9.16,9.22,8.86,9.01,9.01,154000,154000,-0.15,-1.64,9.03,"November 13, 12",-0.0164,LFCR
2012-11-12,9.33,9.42,9.16,9.2,9.2,62300,62300,-0.13,-1.39,9.26,"November 12, 12",-0.0139,LFCR
2012-11-09,9.41,9.5,9.2,9.33,9.33,113000,113000,-0.08,-0.85016,9.34,"November 09, 12",-0.0085016,LFCR
2012-11-08,9.49,9.61,9.41,9.53,9.53,142700,142700,0.04,0.4215,9.52,"November 08, 12",0.004215,LFCR
2012-11-07,10.08,10.08,9.54,9.64,9.64,153500,153500,-0.44,-4.37,9.75,"November 07, 12",-0.0437,LFCR
2012-11-06,10.33,10.36,10.07,10.21,10.21,67800,67800,-0.12,-1.16,10.21,"November 06, 12",-0.0116,LFCR
2012-11-05,10.44,10.5,10.24,10.27,10.27,138400,138400,-0.17,-1.63,10.34,"November 05, 12",-0.0163,LFCR
2012-11-02,10.84,10.85,10.46,10.46,10.46,75200,75200,-0.38,-3.51,10.59,"November 02, 12",-0.0351,LFCR
2012-11-01,10.85,10.92,10.73,10.79,10.79,76000,76000,-0.06,-0.553,10.81,"November 01, 12",-0.00553,LFCR
2012-10-31,10.72,10.84,10.63,10.82,10.82,101700,101700,0.1,0.93284,10.76,"October 31, 12",0.0093284,LFCR
2012-10-26,10.63,10.72,10.54,10.67,10.67,96100,96100,0.04,0.37629,10.64,"October 26, 12",0.0037629,LFCR
2012-10-25,10.64,10.72,10.52,10.61,10.61,60000,60000,-0.03,-0.28195,10.62,"October 25, 12",-0.0028195,LFCR
2012-10-24,10.75,10.75,10.54,10.61,10.61,76100,76100,-0.14,-1.3,10.63,"October 24, 12",-0.013,LFCR
2012-10-23,10.57,10.75,10.26,10.74,10.74,76000,76000,0.17,1.61,10.58,"October 23, 12",0.0161,LFCR
2012-10-22,10.49,10.65,10.45,10.62,10.62,51100,51100,0.13,1.24,10.57,"October 22, 12",0.0124,LFCR
2012-10-19,10.74,10.76,10.5,10.55,10.55,109400,109400,-0.19,-1.77,10.6,"October 19, 12",-0.0177,LFCR
2012-10-18,10.98,11.02,10.8,10.82,10.82,149700,149700,-0.16,-1.46,10.88,"October 18, 12",-0.0146,LFCR
2012-10-17,10.56,11.05,10.37,10.96,10.96,131800,131800,0.4,3.79,10.79,"October 17, 12",0.0379,LFCR
2012-10-16,10.65,10.74,10.34,10.56,10.56,144000,144000,-0.09,-0.84507,10.55,"October 16, 12",-0.0084507,LFCR
2012-10-15,10.62,10.65,10.4,10.57,10.57,187900,187900,-0.05,-0.47081,10.54,"October 15, 12",-0.0047081,LFCR
2012-10-12,10.8,10.9,10.54,10.62,10.62,95000,95000,-0.18,-1.67,10.69,"October 12, 12",-0.0167,LFCR
2012-10-11,10.88,11.03,10.66,10.77,10.77,142400,142400,-0.11,-1.01,10.82,"October 11, 12",-0.0101,LFCR
2012-10-10,10.89,10.97,10.73,10.85,10.85,154400,154400,-0.04,-0.36731,10.85,"October 10, 12",-0.0036731,LFCR
2012-10-09,11.03,11.1,10.8,10.9,10.9,160600,160600,-0.13,-1.18,10.93,"October 09, 12",-0.0118,LFCR
2012-10-08,11.05,11.14,10.92,11.02,11.02,256200,256200,-0.03,-0.27149,11.03,"October 08, 12",-0.0027149,LFCR
2012-10-05,11.35,11.43,11.16,11.24,11.24,123800,123800,-0.11,-0.96916,11.28,"October 05, 12",-0.0096916,LFCR
2012-10-04,11.44,11.46,11.21,11.24,11.24,178000,178000,-0.2,-1.75,11.3,"October 04, 12",-0.0175,LFCR
2012-10-03,11.43,11.46,11.35,11.37,11.37,291100,291100,-0.06,-0.52493,11.39,"October 03, 12",-0.0052493,LFCR
2012-10-02,11.49,11.64,11.33,11.44,11.44,210700,210700,-0.05,-0.43516,11.47,"October 02, 12",-0.0043516,LFCR
2012-10-01,11.55,11.66,11.39,11.52,11.52,293900,293900,-0.03,-0.25974,11.52,"October 01, 12",-0.0025974,LFCR
2012-09-28,11.42,11.65,11.23,11.45,11.45,396100,396100,0.03,0.2627,11.44,"September 28, 12",0.002627,LFCR
2012-09-27,11.9,12.2,11.14,11.39,11.39,537900,537900,-0.51,-4.29,11.58,"September 27, 12",-0.0429,LFCR
2012-09-26,11.45,11.62,11.29,11.45,11.45,471300,471300,0.0,0.0,11.45,"September 26, 12",0.0,LFCR
2012-09-25,11.45,11.62,11.29,11.42,11.42,376000,376000,-0.03,-0.26201,11.44,"September 25, 12",-0.0026201,LFCR
2012-09-24,11.37,11.44,11.28,11.39,11.39,255000,255000,0.02,0.1759,11.37,"September 24, 12",0.001759,LFCR
2012-09-21,11.53,11.56,11.3,11.37,11.37,372500,372500,-0.16,-1.39,11.41,"September 21, 12",-0.0139,LFCR
2012-09-20,11.3,11.43,11.18,11.4,11.4,236100,236100,0.1,0.88496,11.34,"September 20, 12",0.0088496,LFCR
2012-09-19,11.08,11.34,11.05,11.28,11.28,547100,547100,0.2,1.81,11.22,"September 19, 12",0.0181,LFCR
2012-09-18,11.0,11.4,10.98,11.12,11.12,262200,262200,0.12,1.09,11.17,"September 18, 12",0.0109,LFCR
2012-09-17,10.81,11.09,10.7,11.06,11.06,242900,242900,0.25,2.31,10.95,"September 17, 12",0.0231,LFCR
2012-09-14,10.8,10.89,10.72,10.76,10.76,308400,308400,-0.04,-0.37037,10.79,"September 14, 12",-0.0037037,LFCR
2012-09-13,10.5,10.89,10.37,10.73,10.73,281400,281400,0.23,2.19,10.66,"September 13, 12",0.0219,LFCR
2012-09-12,10.42,10.53,10.26,10.44,10.44,280300,280300,0.02,0.19194,10.41,"September 12, 12",0.0019194,LFCR
2012-09-11,10.32,10.54,10.3,10.4,10.4,154800,154800,0.08,0.77519,10.41,"September 11, 12",0.0077519,LFCR
2012-09-10,10.1,10.57,10.01,10.29,10.29,148600,148600,0.19,1.88,10.29,"September 10, 12",0.0188,LFCR
2012-09-07,9.92,10.1,9.68,10.07,10.07,164700,164700,0.15,1.51,9.95,"September 07, 12",0.0151,LFCR
2012-09-06,10.0,10.0,9.75,9.82,9.82,163100,163100,-0.18,-1.8,9.86,"September 06, 12",-0.018,LFCR
2012-09-05,9.75,9.98,9.68,9.91,9.91,143700,143700,0.16,1.64,9.86,"September 05, 12",0.0164,LFCR
2012-09-04,9.8,9.92,9.65,9.76,9.76,68000,68000,-0.04,-0.40816,9.78,"September 04, 12",-0.0040816,LFCR
2012-08-31,9.73,9.94,9.42,9.8,9.8,110100,110100,0.07,0.71942,9.72,"August 31, 12",0.0071942,LFCR
2012-08-30,9.81,9.9,9.53,9.61,9.61,94900,94900,-0.2,-2.04,9.68,"August 30, 12",-0.0204,LFCR
2012-08-29,9.29,9.99,9.13,9.81,9.81,159900,159900,0.52,5.6,9.64,"August 29, 12",0.056,LFCR
2012-08-28,9.15,9.26,8.95,9.25,9.25,73600,73600,0.1,1.09,9.15,"August 28, 12",0.0109,LFCR
2012-08-27,9.26,9.3,9.03,9.17,9.17,46500,46500,-0.09,-0.97192,9.17,"August 27, 12",-0.0097192,LFCR
2012-08-24,9.0,9.26,8.91,9.17,9.17,41800,41800,0.17,1.89,9.11,"August 24, 12",0.0189,LFCR
2012-08-23,9.26,9.28,9.0,9.08,9.08,70000,70000,-0.18,-1.94,9.12,"August 23, 12",-0.0194,LFCR
2012-08-22,9.38,9.58,9.15,9.29,9.29,66700,66700,-0.09,-0.95949,9.34,"August 22, 12",-0.0095949,LFCR
2012-08-21,9.63,9.96,9.35,9.42,9.42,170900,170900,-0.21,-2.18,9.58,"August 21, 12",-0.0218,LFCR
2012-08-20,9.23,9.72,9.23,9.6,9.6,163900,163900,0.37,4.01,9.52,"August 20, 12",0.0401,LFCR
2012-08-17,9.11,9.23,9.01,9.23,9.23,143300,143300,0.12,1.32,9.16,"August 17, 12",0.0132,LFCR
2012-08-16,8.99,9.16,8.95,9.15,9.15,76700,76700,0.16,1.78,9.09,"August 16, 12",0.0178,LFCR
2012-08-15,8.97,9.19,8.95,9.02,9.02,112300,112300,0.05,0.55741,9.05,"August 15, 12",0.0055741,LFCR
2012-08-14,8.99,9.2,8.9,8.97,8.97,102800,102800,-0.02,-0.22247,9.02,"August 14, 12",-0.0022247,LFCR
2012-08-13,8.63,8.96,8.63,8.94,8.94,64300,64300,0.31,3.59,8.84,"August 13, 12",0.0359,LFCR
2012-08-10,8.73,8.75,8.62,8.66,8.66,55800,55800,-0.07,-0.80183,8.68,"August 10, 12",-0.0080183,LFCR
2012-08-09,8.69,8.88,8.68,8.73,8.73,39900,39900,0.04,0.4603,8.76,"August 09, 12",0.004603,LFCR
2012-08-08,8.59,8.87,8.57,8.67,8.67,104600,104600,0.08,0.93132,8.7,"August 08, 12",0.0093132,LFCR
2012-08-07,8.63,8.72,8.56,8.65,8.65,51100,51100,0.02,0.23175,8.64,"August 07, 12",0.0023175,LFCR
2012-08-06,8.69,8.74,8.48,8.55,8.55,55300,55300,-0.14,-1.61,8.59,"August 06, 12",-0.0161,LFCR
2012-08-03,8.62,8.75,8.55,8.69,8.69,62900,62900,0.07,0.81206,8.66,"August 03, 12",0.0081206,LFCR
2012-08-02,8.31,8.59,8.31,8.51,8.51,60800,60800,0.2,2.41,8.47,"August 02, 12",0.0241,LFCR
2012-08-01,8.07,8.54,8.01,8.38,8.38,205900,205900,0.31,3.84,8.31,"August 01, 12",0.0384,LFCR
2012-07-31,7.9,8.12,7.9,7.99,7.99,89300,89300,0.09,1.14,8.0,"July 31, 12",0.0114,LFCR
2012-07-30,8.13,8.29,7.88,7.89,7.89,79200,79200,-0.24,-2.95,8.02,"July 30, 12",-0.0295,LFCR
2012-07-27,8.06,8.24,7.86,8.11,8.11,71300,71300,0.05,0.62035,8.07,"July 27, 12",0.0062035,LFCR
2012-07-26,8.22,8.22,8.03,8.06,8.06,37000,37000,-0.16,-1.95,8.1,"July 26, 12",-0.0195,LFCR
2012-07-25,8.26,8.26,8.09,8.14,8.14,84900,84900,-0.12,-1.45,8.16,"July 25, 12",-0.0145,LFCR
2012-07-24,8.34,8.38,8.09,8.18,8.18,79600,79600,-0.16,-1.92,8.22,"July 24, 12",-0.0192,LFCR
2012-07-23,8.37,8.39,8.24,8.27,8.27,59100,59100,-0.1,-1.19,8.3,"July 23, 12",-0.0119,LFCR
2012-07-20,8.48,8.55,8.42,8.46,8.46,63900,63900,-0.02,-0.23585,8.48,"July 20, 12",-0.0023585,LFCR
2012-07-19,8.66,8.66,8.47,8.56,8.56,80300,80300,-0.1,-1.15,8.56,"July 19, 12",-0.0115,LFCR
2012-07-18,8.54,8.75,8.54,8.62,8.62,67000,67000,0.08,0.93677,8.64,"July 18, 12",0.0093677,LFCR
2012-07-17,8.47,8.7,8.47,8.59,8.59,64800,64800,0.12,1.42,8.59,"July 17, 12",0.0142,LFCR
2012-07-16,8.38,8.47,8.36,8.39,8.39,40300,40300,0.01,0.11933,8.41,"July 16, 12",0.0011933,LFCR
2012-07-13,8.5,8.5,8.39,8.44,8.44,92100,92100,-0.06,-0.70588,8.44,"July 13, 12",-0.0070588,LFCR
2012-07-12,8.41,8.5,8.37,8.47,8.47,70500,70500,0.06,0.71344,8.45,"July 12, 12",0.0071344,LFCR
2012-07-11,8.5,8.53,8.44,8.47,8.47,77800,77800,-0.03,-0.35294,8.48,"July 11, 12",-0.0035294,LFCR
2012-07-10,8.51,8.58,8.21,8.46,8.46,127000,127000,-0.05,-0.58754,8.42,"July 10, 12",-0.0058754,LFCR
2012-07-09,8.39,8.56,8.21,8.42,8.42,77300,77300,0.03,0.35757,8.4,"July 09, 12",0.0035757,LFCR
2012-07-06,8.57,8.69,8.24,8.45,8.45,123400,123400,-0.12,-1.4,8.46,"July 06, 12",-0.014,LFCR
2012-07-05,8.79,8.83,8.65,8.68,8.68,64100,64100,-0.11,-1.25,8.72,"July 05, 12",-0.0125,LFCR
2012-07-03,8.86,8.96,8.73,8.8,8.8,64400,64400,-0.06,-0.6772,8.83,"July 03, 12",-0.006772,LFCR
2012-07-02,8.65,8.93,8.54,8.93,8.93,115500,115500,0.28,3.24,8.8,"July 02, 12",0.0324,LFCR
2012-06-29,8.7,8.7,8.4,8.56,8.56,118900,118900,-0.14,-1.61,8.55,"June 29, 12",-0.0161,LFCR
2012-06-28,8.34,8.57,8.15,8.47,8.47,80200,80200,0.13,1.56,8.4,"June 28, 12",0.0156,LFCR
2012-06-27,8.31,8.5,8.26,8.45,8.45,114400,114400,0.14,1.68,8.4,"June 27, 12",0.0168,LFCR
2012-06-26,7.73,8.45,7.73,8.27,8.27,229100,229100,0.54,6.99,8.15,"June 26, 12",0.0699,LFCR
2012-06-25,7.5,7.74,7.45,7.73,7.73,34300,34300,0.23,3.07,7.64,"June 25, 12",0.0307,LFCR
2012-06-22,7.37,7.72,7.18,7.68,7.68,345300,345300,0.31,4.21,7.53,"June 22, 12",0.0421,LFCR
2012-06-21,7.75,7.77,7.18,7.27,7.27,83200,83200,-0.48,-6.19,7.41,"June 21, 12",-0.0619,LFCR
2012-06-20,7.93,8.0,7.75,7.78,7.78,90600,90600,-0.15,-1.89,7.84,"June 20, 12",-0.0189,LFCR
2012-06-19,7.56,8.19,7.53,7.9,7.9,210700,210700,0.34,4.5,7.87,"June 19, 12",0.045,LFCR
2012-06-18,7.45,7.62,7.39,7.55,7.55,120100,120100,0.1,1.34,7.52,"June 18, 12",0.0134,LFCR
2012-06-15,7.11,7.5,7.11,7.48,7.48,145400,145400,0.37,5.2,7.36,"June 15, 12",0.052,LFCR
2012-06-14,7.03,7.18,7.03,7.14,7.14,42400,42400,0.11,1.56,7.12,"June 14, 12",0.0156,LFCR
2012-06-13,7.19,7.28,6.98,7.03,7.03,50900,50900,-0.16,-2.23,7.1,"June 13, 12",-0.0223,LFCR
2012-06-12,7.21,7.26,7.04,7.24,7.24,61600,61600,0.03,0.41609,7.18,"June 12, 12",0.0041609,LFCR
2012-06-11,7.4,7.4,7.14,7.14,7.14,88200,88200,-0.26,-3.51,7.23,"June 11, 12",-0.0351,LFCR
2012-06-08,7.08,7.38,7.02,7.27,7.27,99200,99200,0.19,2.68,7.22,"June 08, 12",0.0268,LFCR
2012-06-07,7.25,7.26,7.07,7.1,7.1,55300,55300,-0.15,-2.07,7.14,"June 07, 12",-0.0207,LFCR
2012-06-06,6.97,7.17,6.9,7.16,7.16,67700,67700,0.19,2.73,7.08,"June 06, 12",0.0273,LFCR
2012-06-05,6.85,7.11,6.8,6.91,6.91,60700,60700,0.06,0.87591,6.94,"June 05, 12",0.0087591,LFCR
2012-06-04,6.82,6.94,6.72,6.92,6.92,58000,58000,0.1,1.47,6.86,"June 04, 12",0.0147,LFCR
2012-06-01,7.14,7.21,6.72,6.79,6.79,95800,95800,-0.35,-4.9,6.91,"June 01, 12",-0.049,LFCR
2012-05-31,7.33,7.44,7.08,7.31,7.31,66300,66300,-0.02,-0.27285,7.28,"May 31, 12",-0.0027285,LFCR
2012-05-30,7.14,7.31,7.1,7.3,7.3,79400,79400,0.16,2.24,7.24,"May 30, 12",0.0224,LFCR
2012-05-29,7.15,7.2,7.0,7.18,7.18,95600,95600,0.03,0.41958,7.13,"May 29, 12",0.0041958,LFCR
2012-05-25,6.99,7.15,6.95,7.07,7.07,67600,67600,0.08,1.14,7.06,"May 25, 12",0.0114,LFCR
2012-05-24,6.91,7.02,6.87,6.95,6.95,44200,44200,0.04,0.57887,6.95,"May 24, 12",0.0057887,LFCR
2012-05-23,6.69,6.95,6.69,6.92,6.92,61000,61000,0.23,3.44,6.85,"May 23, 12",0.0344,LFCR
2012-05-22,6.92,6.97,6.7,6.76,6.76,82000,82000,-0.16,-2.31,6.81,"May 22, 12",-0.0231,LFCR
2012-05-21,6.73,6.97,6.67,6.95,6.95,62000,62000,0.22,3.27,6.86,"May 21, 12",0.0327,LFCR
2012-05-18,6.65,6.8,6.65,6.7,6.7,90600,90600,0.05,0.75188,6.72,"May 18, 12",0.0075188,LFCR
2012-05-17,6.66,6.83,6.62,6.66,6.66,113100,113100,0.0,0.0,6.7,"May 17, 12",0.0,LFCR
2012-05-16,6.69,6.81,6.63,6.66,6.66,49700,49700,-0.03,-0.44843,6.7,"May 16, 12",-0.0044843,LFCR
2012-05-15,6.67,6.87,6.58,6.65,6.65,52000,52000,-0.02,-0.29985,6.7,"May 15, 12",-0.0029985,LFCR
2012-05-14,6.51,6.74,6.4,6.68,6.68,87100,87100,0.17,2.61,6.61,"May 14, 12",0.0261,LFCR
2012-05-11,6.57,6.65,6.51,6.6,6.6,56100,56100,0.03,0.45662,6.59,"May 11, 12",0.0045662,LFCR
2012-05-10,6.71,6.75,6.58,6.64,6.64,34000,34000,-0.07,-1.04,6.66,"May 10, 12",-0.0104,LFCR
2012-05-09,6.63,6.76,6.6,6.65,6.65,42000,42000,0.02,0.30166,6.67,"May 09, 12",0.0030166,LFCR
2012-05-08,6.54,6.77,6.54,6.74,6.74,46400,46400,0.2,3.06,6.68,"May 08, 12",0.0306,LFCR
2012-05-07,6.6,6.69,6.52,6.6,6.6,25000,25000,0.0,0.0,6.6,"May 07, 12",0.0,LFCR
2012-05-04,6.73,6.77,6.55,6.6,6.6,59700,59700,-0.13,-1.93,6.64,"May 04, 12",-0.0193,LFCR
2012-05-03,7.04,7.05,6.67,6.8,6.8,42000,42000,-0.24,-3.41,6.84,"May 03, 12",-0.0341,LFCR
2012-05-02,6.5,7.16,6.5,7.07,7.07,157100,157100,0.57,8.77,6.91,"May 02, 12",0.0877,LFCR
2012-05-01,6.46,6.65,6.37,6.56,6.56,109000,109000,0.1,1.55,6.53,"May 01, 12",0.0155,LFCR
2012-04-30,6.58,6.59,6.38,6.44,6.44,71000,71000,-0.14,-2.13,6.47,"April 30, 12",-0.0213,LFCR
2012-04-27,6.63,6.63,6.4,6.56,6.56,61100,61100,-0.07,-1.06,6.53,"April 27, 12",-0.0106,LFCR
2012-04-26,6.63,6.75,6.44,6.6,6.6,70300,70300,-0.03,-0.45249,6.6,"April 26, 12",-0.0045249,LFCR
2012-04-25,6.74,6.76,6.59,6.62,6.62,135700,135700,-0.12,-1.78,6.66,"April 25, 12",-0.0178,LFCR
2012-04-24,6.61,6.68,6.58,6.65,6.65,59400,59400,0.04,0.60514,6.64,"April 24, 12",0.0060514,LFCR
2012-04-23,6.18,6.66,6.18,6.61,6.61,151500,151500,0.43,6.96,6.48,"April 23, 12",0.0696,LFCR
2012-04-20,6.38,6.46,6.25,6.31,6.31,51300,51300,-0.07,-1.1,6.34,"April 20, 12",-0.011,LFCR
2012-04-19,6.24,6.3,6.14,6.25,6.25,39600,39600,0.01,0.16026,6.23,"April 19, 12",0.0016026,LFCR
2012-04-18,6.38,6.39,6.2,6.22,6.22,52400,52400,-0.16,-2.51,6.27,"April 18, 12",-0.0251,LFCR
2012-04-17,6.37,6.52,6.33,6.43,6.43,28300,28300,0.06,0.94192,6.43,"April 17, 12",0.0094192,LFCR
2012-04-16,6.25,6.33,6.16,6.29,6.29,24700,24700,0.04,0.64,6.26,"April 16, 12",0.0064,LFCR
2012-04-13,6.37,6.39,6.18,6.2,6.2,50200,50200,-0.17,-2.67,6.26,"April 13, 12",-0.0267,LFCR
2012-04-12,6.36,6.55,6.34,6.43,6.43,35100,35100,0.07,1.1,6.44,"April 12, 12",0.011,LFCR
2012-04-11,6.2,6.38,6.13,6.38,6.38,52700,52700,0.18,2.9,6.3,"April 11, 12",0.029,LFCR
2012-04-10,6.34,6.35,6.13,6.15,6.15,92300,92300,-0.19,-3.0,6.21,"April 10, 12",-0.03,LFCR
2012-04-09,6.32,6.41,6.21,6.34,6.34,55300,55300,0.02,0.31646,6.32,"April 09, 12",0.0031646,LFCR
2012-04-05,6.44,6.57,6.35,6.46,6.46,143800,143800,0.02,0.31056,6.46,"April 05, 12",0.0031056,LFCR
2012-04-04,6.49,6.62,6.46,6.58,6.58,77100,77100,0.09,1.39,6.55,"April 04, 12",0.0139,LFCR
2012-04-03,6.65,6.66,6.49,6.55,6.55,73300,73300,-0.1,-1.5,6.57,"April 03, 12",-0.015,LFCR
2012-04-02,6.53,6.69,6.5,6.68,6.68,83200,83200,0.15,2.3,6.62,"April 02, 12",0.023,LFCR
2012-03-30,6.64,6.66,6.49,6.53,6.53,48100,48100,-0.11,-1.66,6.56,"March 30, 12",-0.0166,LFCR
2012-03-29,6.44,6.65,6.34,6.57,6.57,61100,61100,0.13,2.02,6.52,"March 29, 12",0.0202,LFCR
2012-03-28,6.61,6.65,6.34,6.51,6.51,125100,125100,-0.1,-1.51,6.5,"March 28, 12",-0.0151,LFCR
2012-03-27,7.39,7.44,6.51,6.6,6.6,491600,491600,-0.79,-10.69,6.85,"March 27, 12",-0.1069,LFCR
2012-03-26,6.8,7.02,6.7,7.0,7.0,191300,191300,0.2,2.94,6.91,"March 26, 12",0.0294,LFCR
2012-03-23,6.56,6.77,6.55,6.74,6.74,77800,77800,0.18,2.74,6.69,"March 23, 12",0.0274,LFCR
2012-03-22,6.5,6.57,6.45,6.54,6.54,38000,38000,0.04,0.61538,6.52,"March 22, 12",0.0061538,LFCR
2012-03-21,6.56,6.66,6.5,6.57,6.57,54500,54500,0.01,0.15244,6.58,"March 21, 12",0.0015244,LFCR
2012-03-20,6.64,6.64,6.41,6.53,6.53,68600,68600,-0.11,-1.66,6.53,"March 20, 12",-0.0166,LFCR
2012-03-19,6.51,6.74,6.44,6.67,6.67,71300,71300,0.16,2.46,6.62,"March 19, 12",0.0246,LFCR
2012-03-16,6.62,6.62,6.5,6.52,6.52,72500,72500,-0.1,-1.51,6.55,"March 16, 12",-0.0151,LFCR
2012-03-15,6.51,6.6,6.43,6.59,6.59,68300,68300,0.08,1.23,6.54,"March 15, 12",0.0123,LFCR
2012-03-14,6.48,6.61,6.48,6.49,6.49,60800,60800,0.01,0.15432,6.53,"March 14, 12",0.0015432,LFCR
2012-03-13,6.51,6.51,6.32,6.5,6.5,86200,86200,-0.01,-0.15361,6.44,"March 13, 12",-0.0015361,LFCR
2012-03-12,6.29,6.49,6.23,6.43,6.43,58600,58600,0.14,2.23,6.38,"March 12, 12",0.0223,LFCR
2012-03-09,6.32,6.46,6.2,6.31,6.31,56300,56300,-0.01,-0.15823,6.32,"March 09, 12",-0.0015823,LFCR
2012-03-08,6.09,6.4,6.0,6.35,6.35,80600,80600,0.26,4.27,6.25,"March 08, 12",0.0427,LFCR
2012-03-07,6.07,6.1,6.0,6.07,6.07,29000,29000,0.0,0.0,6.06,"March 07, 12",0.0,LFCR
2012-03-06,6.15,6.26,6.03,6.03,6.03,41500,41500,-0.12,-1.95,6.11,"March 06, 12",-0.0195,LFCR
2012-03-05,6.08,6.32,6.0,6.24,6.24,156700,156700,0.16,2.63,6.19,"March 05, 12",0.0263,LFCR
2012-03-02,6.17,6.22,5.98,6.1,6.1,110400,110400,-0.07,-1.13,6.1,"March 02, 12",-0.0113,LFCR
2012-03-01,6.32,6.45,6.14,6.17,6.17,98200,98200,-0.15,-2.37,6.25,"March 01, 12",-0.0237,LFCR
2012-02-29,6.72,6.78,6.29,6.3,6.3,65000,65000,-0.42,-6.25,6.46,"February 29, 12",-0.0625,LFCR
2012-02-28,6.88,6.88,6.65,6.69,6.69,48200,48200,-0.19,-2.76,6.74,"February 28, 12",-0.0276,LFCR
2012-02-27,6.65,7.12,6.61,6.87,6.87,53300,53300,0.22,3.31,6.87,"February 27, 12",0.0331,LFCR
2012-02-24,6.94,6.94,6.66,6.69,6.69,32800,32800,-0.25,-3.6,6.76,"February 24, 12",-0.036,LFCR
2012-02-23,6.76,6.97,6.67,6.94,6.94,48600,48600,0.18,2.66,6.86,"February 23, 12",0.0266,LFCR
2012-02-22,6.93,6.93,6.72,6.74,6.74,52700,52700,-0.19,-2.74,6.8,"February 22, 12",-0.0274,LFCR
2012-02-21,6.9,6.99,6.78,6.96,6.96,80100,80100,0.06,0.86957,6.91,"February 21, 12",0.0086957,LFCR
2012-02-17,6.95,6.95,6.83,6.87,6.87,64400,64400,-0.08,-1.15,6.88,"February 17, 12",-0.0115,LFCR
2012-02-16,6.79,7.05,6.72,6.94,6.94,78000,78000,0.15,2.21,6.9,"February 16, 12",0.0221,LFCR
2012-02-15,6.87,7.05,6.71,6.75,6.75,183500,183500,-0.12,-1.75,6.84,"February 15, 12",-0.0175,LFCR
2012-02-14,6.72,6.89,6.69,6.79,6.79,78800,78800,0.07,1.04,6.79,"February 14, 12",0.0104,LFCR
2012-02-13,6.64,6.81,6.62,6.77,6.77,91100,91100,0.13,1.96,6.73,"February 13, 12",0.0196,LFCR
2012-02-10,6.59,6.7,6.53,6.55,6.55,77800,77800,-0.04,-0.60698,6.59,"February 10, 12",-0.0060698,LFCR
2012-02-09,6.75,6.75,6.61,6.69,6.69,153700,153700,-0.06,-0.88889,6.68,"February 09, 12",-0.0088889,LFCR
2012-02-08,6.59,6.79,6.53,6.75,6.75,106200,106200,0.16,2.43,6.69,"February 08, 12",0.0243,LFCR
2012-02-07,6.5,6.65,6.43,6.6,6.6,103600,103600,0.1,1.54,6.56,"February 07, 12",0.0154,LFCR
2012-02-06,6.48,6.55,6.04,6.47,6.47,54800,54800,-0.01,-0.15432,6.35,"February 06, 12",-0.0015432,LFCR
2012-02-03,6.48,6.56,6.35,6.52,6.52,81800,81800,0.04,0.61728,6.48,"February 03, 12",0.0061728,LFCR
2012-02-02,6.23,6.45,6.13,6.34,6.34,43400,43400,0.11,1.77,6.31,"February 02, 12",0.0177,LFCR
2012-02-01,6.06,6.32,6.04,6.24,6.24,63400,63400,0.18,2.97,6.2,"February 01, 12",0.0297,LFCR
2012-01-31,6.1,6.14,6.0,6.03,6.03,40700,40700,-0.07,-1.15,6.06,"January 31, 12",-0.0115,LFCR
2012-01-30,6.22,6.3,6.03,6.04,6.04,82700,82700,-0.18,-2.89,6.12,"January 30, 12",-0.0289,LFCR
2012-01-27,5.96,6.3,5.96,6.26,6.26,51700,51700,0.3,5.03,6.17,"January 27, 12",0.0503,LFCR
2012-01-26,5.95,6.05,5.91,5.99,5.99,64900,64900,0.04,0.67227,5.98,"January 26, 12",0.0067227,LFCR
2012-01-25,5.83,5.94,5.76,5.93,5.93,47400,47400,0.1,1.72,5.88,"January 25, 12",0.0172,LFCR
2012-01-24,5.76,5.85,5.71,5.85,5.85,37900,37900,0.09,1.56,5.8,"January 24, 12",0.0156,LFCR
2012-01-23,5.69,5.83,5.67,5.79,5.79,20500,20500,0.1,1.76,5.76,"January 23, 12",0.0176,LFCR
2012-01-20,5.7,5.72,5.65,5.69,5.69,62300,62300,-0.01,-0.17544,5.69,"January 20, 12",-0.0017544,LFCR
2012-01-19,5.73,5.73,5.64,5.71,5.71,40600,40600,-0.02,-0.34904,5.69,"January 19, 12",-0.0034904,LFCR
2012-01-18,5.55,5.74,5.55,5.7,5.7,34200,34200,0.15,2.7,5.66,"January 18, 12",0.027,LFCR
2012-01-17,5.76,5.76,5.57,5.62,5.62,59900,59900,-0.14,-2.43,5.65,"January 17, 12",-0.0243,LFCR
2012-01-13,5.65,5.73,5.61,5.71,5.71,53600,53600,0.06,1.06,5.68,"January 13, 12",0.0106,LFCR
2012-01-12,5.8,5.8,5.67,5.75,5.75,54000,54000,-0.05,-0.86207,5.74,"January 12, 12",-0.0086207,LFCR
2012-01-11,5.65,5.81,5.64,5.8,5.8,25500,25500,0.15,2.65,5.75,"January 11, 12",0.0265,LFCR
2012-01-10,5.71,5.71,5.58,5.65,5.65,47400,47400,-0.06,-1.05,5.65,"January 10, 12",-0.0105,LFCR
2012-01-09,5.61,5.75,5.55,5.64,5.64,60100,60100,0.03,0.53476,5.65,"January 09, 12",0.0053476,LFCR
2012-01-06,5.6,5.65,5.55,5.57,5.57,48500,48500,-0.03,-0.53571,5.59,"January 06, 12",-0.0053571,LFCR
2012-01-05,5.54,5.66,5.54,5.62,5.62,46200,46200,0.08,1.44,5.61,"January 05, 12",0.0144,LFCR
2012-01-04,5.89,5.89,5.47,5.6,5.6,85800,85800,-0.29,-4.92,5.65,"January 04, 12",-0.0492,LFCR
2012-01-03,5.62,5.9,5.6,5.9,5.9,79500,79500,0.28,4.98,5.8,"January 03, 12",0.0498,LFCR
2011-12-30,5.5,5.57,5.47,5.52,5.52,122800,122800,0.02,0.36364,5.52,"December 30, 11",0.0036364,LFCR
2011-12-29,5.5,5.58,5.5,5.53,5.53,46300,46300,0.03,0.54545,5.54,"December 29, 11",0.0054545,LFCR
2011-12-28,5.54,5.6,5.44,5.46,5.46,36100,36100,-0.08,-1.44,5.5,"December 28, 11",-0.0144,LFCR
2011-12-27,5.52,5.63,5.38,5.6,5.6,39100,39100,0.08,1.45,5.54,"December 27, 11",0.0145,LFCR
2011-12-23,5.54,5.58,5.47,5.51,5.51,24400,24400,-0.03,-0.54152,5.52,"December 23, 11",-0.0054152,LFCR
2011-12-22,5.65,5.65,5.39,5.5,5.5,44100,44100,-0.15,-2.65,5.51,"December 22, 11",-0.0265,LFCR
2011-12-21,5.58,5.65,5.41,5.63,5.63,40300,40300,0.05,0.89606,5.56,"December 21, 11",0.0089606,LFCR
2011-12-20,5.33,5.59,5.27,5.56,5.56,89900,89900,0.23,4.32,5.47,"December 20, 11",0.0432,LFCR
2011-12-19,5.37,5.49,5.15,5.19,5.19,65200,65200,-0.18,-3.35,5.28,"December 19, 11",-0.0335,LFCR
2011-12-16,5.32,5.51,5.31,5.35,5.35,98600,98600,0.03,0.56391,5.39,"December 16, 11",0.0056391,LFCR
2011-12-15,5.42,5.42,5.19,5.27,5.27,71200,71200,-0.15,-2.77,5.29,"December 15, 11",-0.0277,LFCR
2011-12-14,5.22,5.38,5.21,5.32,5.32,87400,87400,0.1,1.92,5.3,"December 14, 11",0.0192,LFCR
2011-12-13,5.5,5.54,5.22,5.28,5.28,83100,83100,-0.22,-4.0,5.35,"December 13, 11",-0.04,LFCR
2011-12-12,5.54,5.54,5.24,5.47,5.47,64000,64000,-0.07,-1.26,5.42,"December 12, 11",-0.0126,LFCR
2011-12-09,5.44,5.71,5.34,5.64,5.64,66800,66800,0.2,3.68,5.56,"December 09, 11",0.0368,LFCR
2011-12-08,5.63,5.63,5.4,5.42,5.42,87100,87100,-0.21,-3.73,5.48,"December 08, 11",-0.0373,LFCR
2011-12-07,5.82,5.86,5.65,5.69,5.69,116400,116400,-0.13,-2.23,5.73,"December 07, 11",-0.0223,LFCR
2011-12-06,5.9,5.9,5.7,5.88,5.88,77200,77200,-0.02,-0.33898,5.83,"December 06, 11",-0.0033898,LFCR
2011-12-05,5.8,5.94,5.68,5.92,5.92,58400,58400,0.12,2.07,5.85,"December 05, 11",0.0207,LFCR
2011-12-02,5.76,5.76,5.62,5.71,5.71,55600,55600,-0.05,-0.86806,5.7,"December 02, 11",-0.0086806,LFCR
2011-12-01,5.92,5.92,5.66,5.67,5.67,78600,78600,-0.25,-4.22,5.75,"December 01, 11",-0.0422,LFCR
2011-11-30,5.53,5.95,5.47,5.95,5.95,122100,122100,0.42,7.59,5.79,"November 30, 11",0.0759,LFCR
2011-11-29,5.35,5.48,5.22,5.32,5.32,54500,54500,-0.03,-0.56075,5.34,"November 29, 11",-0.0056075,LFCR
2011-11-28,5.34,5.37,5.16,5.36,5.36,88600,88600,0.02,0.37453,5.3,"November 28, 11",0.0037453,LFCR
2011-11-25,5.34,5.49,5.16,5.16,5.16,83700,83700,-0.18,-3.37,5.27,"November 25, 11",-0.0337,LFCR
2011-11-23,5.53,5.56,5.35,5.35,5.35,103200,103200,-0.18,-3.25,5.42,"November 23, 11",-0.0325,LFCR
2011-11-22,5.62,5.72,5.54,5.57,5.57,55900,55900,-0.05,-0.88968,5.61,"November 22, 11",-0.0088968,LFCR
2011-11-21,5.55,5.68,5.54,5.63,5.63,55600,55600,0.08,1.44,5.62,"November 21, 11",0.0144,LFCR
2011-11-18,5.59,5.66,5.49,5.65,5.65,67600,67600,0.06,1.07,5.6,"November 18, 11",0.0107,LFCR
2011-11-17,5.63,5.76,5.59,5.61,5.61,66000,66000,-0.02,-0.35524,5.65,"November 17, 11",-0.0035524,LFCR
2011-11-16,5.68,5.84,5.61,5.62,5.62,66400,66400,-0.06,-1.06,5.69,"November 16, 11",-0.0106,LFCR
2011-11-15,5.49,5.79,5.49,5.75,5.75,45600,45600,0.26,4.74,5.68,"November 15, 11",0.0474,LFCR
2011-11-14,5.75,5.75,5.49,5.55,5.55,67500,67500,-0.2,-3.48,5.6,"November 14, 11",-0.0348,LFCR
2011-11-11,5.67,5.79,5.65,5.76,5.76,43600,43600,0.09,1.59,5.73,"November 11, 11",0.0159,LFCR
2011-11-10,5.54,5.71,5.5,5.63,5.63,78100,78100,0.09,1.62,5.61,"November 10, 11",0.0162,LFCR
2011-11-09,5.62,5.72,5.42,5.45,5.45,95600,95600,-0.17,-3.02,5.53,"November 09, 11",-0.0302,LFCR
2011-11-08,5.63,5.78,5.5,5.77,5.77,78100,78100,0.14,2.49,5.68,"November 08, 11",0.0249,LFCR
2011-11-07,5.76,5.76,5.5,5.62,5.62,96000,96000,-0.14,-2.43,5.63,"November 07, 11",-0.0243,LFCR
2011-11-04,5.92,5.92,5.63,5.76,5.76,68200,68200,-0.16,-2.7,5.77,"November 04, 11",-0.027,LFCR
2011-11-03,5.98,6.03,5.86,5.99,5.99,133700,133700,0.01,0.16722,5.96,"November 03, 11",0.0016722,LFCR
2011-11-02,5.94,6.03,5.82,5.95,5.95,73300,73300,0.01,0.16835,5.93,"November 02, 11",0.0016835,LFCR
2011-11-01,5.98,6.12,5.78,5.82,5.82,90200,90200,-0.16,-2.68,5.91,"November 01, 11",-0.0268,LFCR
2011-10-31,6.19,6.28,6.08,6.21,6.21,101800,101800,0.02,0.3231,6.19,"October 31, 11",0.003231,LFCR
2011-10-28,6.48,6.5,6.24,6.26,6.26,75500,75500,-0.22,-3.4,6.33,"October 28, 11",-0.034,LFCR
2011-10-27,6.29,6.58,6.16,6.52,6.52,178600,178600,0.23,3.66,6.42,"October 27, 11",0.0366,LFCR
2011-10-26,5.89,6.18,5.67,6.08,6.08,223100,223100,0.19,3.23,5.98,"October 26, 11",0.0323,LFCR
2011-10-25,5.76,5.98,5.75,5.78,5.78,69000,69000,0.02,0.34722,5.84,"October 25, 11",0.0034722,LFCR
2011-10-24,5.74,5.99,5.58,5.94,5.94,218900,218900,0.2,3.48,5.84,"October 24, 11",0.0348,LFCR
2011-10-21,5.78,5.92,5.61,5.74,5.74,150400,150400,-0.04,-0.69204,5.76,"October 21, 11",-0.0069204,LFCR
2011-10-20,5.65,5.73,5.49,5.67,5.67,69400,69400,0.02,0.35398,5.63,"October 20, 11",0.0035398,LFCR
2011-10-19,6.03,6.04,5.53,5.63,5.63,153100,153100,-0.4,-6.63,5.73,"October 19, 11",-0.0663,LFCR
2011-10-18,5.78,6.07,5.65,6.03,6.03,122200,122200,0.25,4.33,5.92,"October 18, 11",0.0433,LFCR
2011-10-17,5.93,5.93,5.63,5.76,5.76,123900,123900,-0.17,-2.87,5.77,"October 17, 11",-0.0287,LFCR
2011-10-14,5.69,5.99,5.68,5.99,5.99,59800,59800,0.3,5.27,5.89,"October 14, 11",0.0527,LFCR
2011-10-13,5.65,5.66,5.55,5.64,5.64,53900,53900,-0.01,-0.17699,5.62,"October 13, 11",-0.0017699,LFCR
2011-10-12,5.46,5.7,5.42,5.66,5.66,164300,164300,0.2,3.66,5.59,"October 12, 11",0.0366,LFCR
2011-10-11,5.4,5.64,5.32,5.45,5.45,233500,233500,0.05,0.92593,5.47,"October 11, 11",0.0092593,LFCR
2011-10-10,5.39,5.58,5.35,5.45,5.45,174900,174900,0.06,1.11,5.46,"October 10, 11",0.0111,LFCR
2011-10-07,5.56,5.56,5.24,5.29,5.29,170300,170300,-0.27,-4.86,5.36,"October 07, 11",-0.0486,LFCR
2011-10-06,5.01,5.63,5.01,5.57,5.57,290400,290400,0.56,11.18,5.4,"October 06, 11",0.1118,LFCR
2011-10-05,5.51,5.72,4.85,5.04,5.04,345300,345300,-0.47,-8.53,5.2,"October 05, 11",-0.0853,LFCR
2011-10-04,5.0,5.57,4.97,5.49,5.49,306500,306500,0.49,9.8,5.34,"October 04, 11",0.098,LFCR
2011-10-03,5.31,5.5,5.0,5.0,5.0,194800,194800,-0.31,-5.84,5.17,"October 03, 11",-0.0584,LFCR
2011-09-30,5.55,5.64,5.31,5.32,5.32,181100,181100,-0.23,-4.14,5.42,"September 30, 11",-0.0414,LFCR
2011-09-29,5.5,5.64,5.4,5.64,5.64,106900,106900,0.14,2.55,5.56,"September 29, 11",0.0255,LFCR
2011-09-28,5.55,5.73,5.36,5.38,5.38,87400,87400,-0.17,-3.06,5.49,"September 28, 11",-0.0306,LFCR
2011-09-27,5.62,5.75,5.45,5.55,5.55,144300,144300,-0.07,-1.25,5.58,"September 27, 11",-0.0125,LFCR
2011-09-26,5.43,5.53,5.32,5.52,5.52,99200,99200,0.09,1.66,5.46,"September 26, 11",0.0166,LFCR
2011-09-23,5.43,5.59,5.38,5.41,5.41,815200,815200,-0.02,-0.36832,5.46,"September 23, 11",-0.0036832,LFCR
2011-09-22,5.38,5.58,5.32,5.43,5.43,143400,143400,0.05,0.92937,5.44,"September 22, 11",0.0092937,LFCR
2011-09-21,5.71,5.79,5.5,5.51,5.51,72800,72800,-0.2,-3.5,5.6,"September 21, 11",-0.035,LFCR
2011-09-20,5.82,5.97,5.68,5.68,5.68,75400,75400,-0.14,-2.41,5.78,"September 20, 11",-0.0241,LFCR
2011-09-19,5.74,5.89,5.69,5.85,5.85,44600,44600,0.11,1.92,5.81,"September 19, 11",0.0192,LFCR
2011-09-16,6.0,6.0,5.71,5.85,5.85,137300,137300,-0.15,-2.5,5.85,"September 16, 11",-0.025,LFCR
2011-09-15,6.06,6.06,5.89,5.96,5.96,92200,92200,-0.1,-1.65,5.97,"September 15, 11",-0.0165,LFCR
2011-09-14,5.78,6.14,5.63,5.99,5.99,76900,76900,0.21,3.63,5.92,"September 14, 11",0.0363,LFCR
2011-09-13,5.84,5.84,5.67,5.74,5.74,116200,116200,-0.1,-1.71,5.75,"September 13, 11",-0.0171,LFCR
2011-09-12,5.76,5.92,5.71,5.79,5.79,109500,109500,0.03,0.52083,5.81,"September 12, 11",0.0052083,LFCR
2011-09-09,5.9,5.91,5.71,5.87,5.87,115700,115700,-0.03,-0.50847,5.83,"September 09, 11",-0.0050847,LFCR
2011-09-08,5.94,6.03,5.91,5.94,5.94,96900,96900,0.0,0.0,5.96,"September 08, 11",0.0,LFCR
2011-09-07,5.99,6.1,5.96,6.0,6.0,93400,93400,0.01,0.16694,6.02,"September 07, 11",0.0016694,LFCR
2011-09-06,5.6,5.93,5.6,5.9,5.9,106800,106800,0.3,5.36,5.81,"September 06, 11",0.0536,LFCR
2011-09-02,5.75,5.85,5.71,5.76,5.76,112700,112700,0.01,0.17391,5.77,"September 02, 11",0.0017391,LFCR
2011-09-01,5.98,6.05,5.79,5.88,5.88,154400,154400,-0.1,-1.67,5.91,"September 01, 11",-0.0167,LFCR
2011-08-31,6.03,6.06,5.87,5.95,5.95,144400,144400,-0.08,-1.33,5.96,"August 31, 11",-0.0133,LFCR
2011-08-30,6.07,6.13,5.95,5.99,5.99,118500,118500,-0.08,-1.32,6.02,"August 30, 11",-0.0132,LFCR
2011-08-29,6.09,6.13,6.01,6.11,6.11,180700,180700,0.02,0.32841,6.08,"August 29, 11",0.0032841,LFCR
2011-08-26,5.9,6.03,5.9,6.0,6.0,80400,80400,0.1,1.69,5.98,"August 26, 11",0.0169,LFCR
2011-08-25,6.14,6.2,5.96,5.96,5.96,119700,119700,-0.18,-2.93,6.04,"August 25, 11",-0.0293,LFCR
2011-08-24,6.02,6.13,5.96,6.11,6.11,48200,48200,0.09,1.5,6.07,"August 24, 11",0.015,LFCR
2011-08-23,5.93,6.04,5.92,6.02,6.02,140500,140500,0.09,1.52,5.99,"August 23, 11",0.0152,LFCR
2011-08-22,5.9,5.92,5.72,5.87,5.87,105000,105000,-0.03,-0.50847,5.84,"August 22, 11",-0.0050847,LFCR
2011-08-19,5.74,5.95,5.72,5.76,5.76,131600,131600,0.02,0.34843,5.81,"August 19, 11",0.0034843,LFCR
2011-08-18,5.81,5.88,5.77,5.8,5.8,147000,147000,-0.01,-0.17212,5.82,"August 18, 11",-0.0017212,LFCR
2011-08-17,5.93,6.05,5.86,5.99,5.99,129000,129000,0.06,1.01,5.97,"August 17, 11",0.0101,LFCR
2011-08-16,5.94,6.04,5.83,5.93,5.93,223700,223700,-0.01,-0.16835,5.93,"August 16, 11",-0.0016835,LFCR
2011-08-15,5.98,6.06,5.9,6.01,6.01,106800,106800,0.03,0.50167,5.99,"August 15, 11",0.0050167,LFCR
2011-08-12,5.85,5.97,5.76,5.94,5.94,262000,262000,0.09,1.54,5.89,"August 12, 11",0.0154,LFCR
2011-08-11,5.72,5.95,5.72,5.79,5.79,267300,267300,0.07,1.22,5.82,"August 11, 11",0.0122,LFCR
2011-08-10,5.86,6.01,5.71,5.72,5.72,220700,220700,-0.14,-2.39,5.81,"August 10, 11",-0.0239,LFCR
2011-08-09,5.75,6.09,5.6,6.01,6.01,271800,271800,0.26,4.52,5.9,"August 09, 11",0.0452,LFCR
2011-08-08,5.81,6.03,5.46,5.55,5.55,338400,338400,-0.26,-4.48,5.68,"August 08, 11",-0.0448,LFCR
2011-08-05,5.92,6.0,5.78,5.92,5.92,250900,250900,0.0,0.0,5.9,"August 05, 11",0.0,LFCR
2011-08-04,6.03,6.08,5.84,5.87,5.87,147500,147500,-0.16,-2.65,5.93,"August 04, 11",-0.0265,LFCR
2011-08-03,5.87,6.1,5.85,6.0,6.0,149300,149300,0.13,2.21,5.98,"August 03, 11",0.0221,LFCR
2011-08-02,6.05,6.05,5.84,5.84,5.84,140500,140500,-0.21,-3.47,5.91,"August 02, 11",-0.0347,LFCR
2011-08-01,6.26,6.26,5.98,6.0,6.0,187300,187300,-0.26,-4.15,6.08,"August 01, 11",-0.0415,LFCR
2011-07-29,6.19,6.28,6.06,6.18,6.18,121400,121400,-0.01,-0.16155,6.17,"July 29, 11",-0.0016155,LFCR
2011-07-28,6.36,6.36,6.2,6.26,6.26,123800,123800,-0.1,-1.57,6.27,"July 28, 11",-0.0157,LFCR
2011-07-27,6.71,6.71,6.24,6.37,6.37,182300,182300,-0.34,-5.07,6.44,"July 27, 11",-0.0507,LFCR
2011-07-26,6.73,6.76,6.59,6.64,6.64,78000,78000,-0.09,-1.34,6.66,"July 26, 11",-0.0134,LFCR
2011-07-25,6.73,6.84,6.67,6.8,6.8,65600,65600,0.07,1.04,6.77,"July 25, 11",0.0104,LFCR
2011-07-22,6.94,6.94,6.79,6.82,6.82,35200,35200,-0.12,-1.73,6.85,"July 22, 11",-0.0173,LFCR
2011-07-21,6.71,6.94,6.55,6.94,6.94,62800,62800,0.23,3.43,6.81,"July 21, 11",0.0343,LFCR
2011-07-20,6.57,6.7,6.52,6.67,6.67,20000,20000,0.1,1.52,6.63,"July 20, 11",0.0152,LFCR
2011-07-19,6.5,6.61,6.37,6.58,6.58,45100,45100,0.08,1.23,6.52,"July 19, 11",0.0123,LFCR
2011-07-18,6.74,6.76,6.43,6.44,6.44,55300,55300,-0.3,-4.45,6.54,"July 18, 11",-0.0445,LFCR
2011-07-15,6.55,6.76,6.55,6.75,6.75,73400,73400,0.2,3.05,6.69,"July 15, 11",0.0305,LFCR
2011-07-14,6.73,6.82,6.53,6.55,6.55,37500,37500,-0.18,-2.67,6.63,"July 14, 11",-0.0267,LFCR
2011-07-13,6.55,6.77,6.55,6.74,6.74,71000,71000,0.19,2.9,6.69,"July 13, 11",0.029,LFCR
2011-07-12,6.77,6.77,6.49,6.53,6.53,46100,46100,-0.24,-3.55,6.6,"July 12, 11",-0.0355,LFCR
2011-07-11,6.55,6.8,6.43,6.77,6.77,60700,60700,0.22,3.36,6.67,"July 11, 11",0.0336,LFCR
2011-07-08,6.49,6.67,6.36,6.66,6.66,36600,36600,0.17,2.62,6.56,"July 08, 11",0.0262,LFCR
2011-07-07,6.51,6.65,6.46,6.59,6.59,42100,42100,0.08,1.23,6.57,"July 07, 11",0.0123,LFCR
2011-07-06,6.45,6.48,6.34,6.48,6.48,52600,52600,0.03,0.46512,6.43,"July 06, 11",0.0046512,LFCR
2011-07-05,6.49,6.51,6.34,6.48,6.48,46900,46900,-0.01,-0.15408,6.44,"July 05, 11",-0.0015408,LFCR
2011-07-01,6.58,6.6,6.46,6.52,6.52,90400,90400,-0.06,-0.91185,6.53,"July 01, 11",-0.0091185,LFCR
2011-06-30,6.38,6.63,6.27,6.6,6.6,82000,82000,0.22,3.45,6.5,"June 30, 11",0.0345,LFCR
2011-06-29,6.32,6.35,6.22,6.35,6.35,30300,30300,0.03,0.47468,6.31,"June 29, 11",0.0047468,LFCR
2011-06-28,6.28,6.35,6.17,6.31,6.31,114300,114300,0.03,0.47771,6.28,"June 28, 11",0.0047771,LFCR
2011-06-27,6.17,6.35,6.06,6.25,6.25,81300,81300,0.08,1.3,6.22,"June 27, 11",0.013,LFCR
2011-06-24,6.24,6.24,6.07,6.14,6.14,387500,387500,-0.1,-1.6,6.15,"June 24, 11",-0.016,LFCR
2011-06-23,6.0,6.31,5.99,6.24,6.24,52100,52100,0.24,4.0,6.18,"June 23, 11",0.04,LFCR
2011-06-22,5.98,6.1,5.98,6.08,6.08,44500,44500,0.1,1.67,6.05,"June 22, 11",0.0167,LFCR
2011-06-21,5.91,6.03,5.86,6.02,6.02,69300,69300,0.11,1.86,5.97,"June 21, 11",0.0186,LFCR
2011-06-20,5.89,5.96,5.82,5.85,5.85,71700,71700,-0.04,-0.67912,5.88,"June 20, 11",-0.0067912,LFCR
2011-06-17,6.02,6.02,5.85,5.92,5.92,133800,133800,-0.1,-1.66,5.93,"June 17, 11",-0.0166,LFCR
2011-06-16,5.84,6.01,5.83,5.99,5.99,49300,49300,0.15,2.57,5.94,"June 16, 11",0.0257,LFCR
2011-06-15,5.92,5.96,5.81,5.84,5.84,78200,78200,-0.08,-1.35,5.87,"June 15, 11",-0.0135,LFCR
2011-06-14,6.02,6.02,5.92,5.98,5.98,105200,105200,-0.04,-0.66445,5.97,"June 14, 11",-0.0066445,LFCR
2011-06-13,6.01,6.03,5.97,5.97,5.97,116100,116100,-0.04,-0.66556,5.99,"June 13, 11",-0.0066556,LFCR
2011-06-10,5.83,6.03,5.83,6.0,6.0,75300,75300,0.17,2.92,5.95,"June 10, 11",0.0292,LFCR
2011-06-09,5.98,6.02,5.85,5.87,5.87,31400,31400,-0.11,-1.84,5.91,"June 09, 11",-0.0184,LFCR
2011-06-08,6.02,6.06,5.94,5.97,5.97,48200,48200,-0.05,-0.83056,5.99,"June 08, 11",-0.0083056,LFCR
2011-06-07,6.06,6.12,5.99,6.05,6.05,47500,47500,-0.01,-0.16502,6.05,"June 07, 11",-0.0016502,LFCR
2011-06-06,5.98,6.12,5.91,6.0,6.0,55000,55000,0.02,0.33445,6.01,"June 06, 11",0.0033445,LFCR
2011-06-03,5.72,6.05,5.65,5.99,5.99,117000,117000,0.27,4.72,5.9,"June 03, 11",0.0472,LFCR
2011-06-02,5.81,5.88,5.79,5.84,5.84,43600,43600,0.03,0.51635,5.84,"June 02, 11",0.0051635,LFCR
2011-06-01,5.71,5.86,5.71,5.79,5.79,106000,106000,0.08,1.4,5.79,"June 01, 11",0.014,LFCR
2011-05-31,5.93,6.07,5.63,5.74,5.74,1087400,1087400,-0.19,-3.2,5.81,"May 31, 11",-0.032,LFCR
2011-05-27,5.93,5.93,5.82,5.83,5.83,80100,80100,-0.1,-1.69,5.86,"May 27, 11",-0.0169,LFCR
2011-05-26,5.81,5.98,5.81,5.91,5.91,50800,50800,0.1,1.72,5.9,"May 26, 11",0.0172,LFCR
2011-05-25,5.83,5.92,5.79,5.8,5.8,62600,62600,-0.03,-0.51458,5.84,"May 25, 11",-0.0051458,LFCR
2011-05-24,5.8,5.91,5.75,5.8,5.8,124000,124000,0.0,0.0,5.82,"May 24, 11",0.0,LFCR
2011-05-23,5.72,5.83,5.51,5.77,5.77,93700,93700,0.05,0.87413,5.7,"May 23, 11",0.0087413,LFCR
2011-05-20,5.86,5.88,5.79,5.83,5.83,93800,93800,-0.03,-0.51195,5.83,"May 20, 11",-0.0051195,LFCR
2011-05-19,5.84,5.9,5.75,5.86,5.86,82500,82500,0.02,0.34247,5.84,"May 19, 11",0.0034247,LFCR
2011-05-18,5.72,5.79,5.52,5.77,5.77,155300,155300,0.05,0.87413,5.69,"May 18, 11",0.0087413,LFCR
2011-05-17,5.81,5.9,5.54,5.72,5.72,218200,218200,-0.09,-1.55,5.72,"May 17, 11",-0.0155,LFCR
2011-05-16,5.89,6.06,5.83,5.84,5.84,59800,59800,-0.05,-0.8489,5.91,"May 16, 11",-0.008489,LFCR
2011-05-13,6.03,6.03,5.86,5.94,5.94,59000,59000,-0.09,-1.49,5.94,"May 13, 11",-0.0149,LFCR
2011-05-12,5.94,6.05,5.93,6.03,6.03,69400,69400,0.09,1.52,6.0,"May 12, 11",0.0152,LFCR
2011-05-11,6.19,6.2,5.97,6.0,6.0,49800,49800,-0.19,-3.07,6.06,"May 11, 11",-0.0307,LFCR
2011-05-10,6.09,6.24,6.01,6.24,6.24,48800,48800,0.15,2.46,6.16,"May 10, 11",0.0246,LFCR
2011-05-09,5.97,6.08,5.93,6.04,6.04,38000,38000,0.07,1.17,6.02,"May 09, 11",0.0117,LFCR
2011-05-06,6.02,6.13,5.92,5.96,5.96,26000,26000,-0.06,-0.99668,6.0,"May 06, 11",-0.0099668,LFCR
2011-05-05,5.92,6.17,5.85,5.93,5.93,101500,101500,0.01,0.16892,5.98,"May 05, 11",0.0016892,LFCR
2011-05-04,6.18,6.18,5.95,5.95,5.95,30000,30000,-0.23,-3.72,6.03,"May 04, 11",-0.0372,LFCR
2011-05-03,6.35,6.35,6.06,6.19,6.19,44000,44000,-0.16,-2.52,6.2,"May 03, 11",-0.0252,LFCR
2011-05-02,6.49,6.49,6.32,6.39,6.39,55000,55000,-0.1,-1.54,6.4,"May 02, 11",-0.0154,LFCR
2011-04-29,6.4,6.55,6.28,6.48,6.48,108000,108000,0.08,1.25,6.44,"April 29, 11",0.0125,LFCR
2011-04-28,6.36,6.45,6.28,6.37,6.37,21000,21000,0.01,0.15723,6.37,"April 28, 11",0.0015723,LFCR
2011-04-27,6.34,6.42,6.24,6.41,6.41,48000,48000,0.07,1.1,6.36,"April 27, 11",0.011,LFCR
2011-04-26,6.09,6.36,6.08,6.35,6.35,47300,47300,0.26,4.27,6.26,"April 26, 11",0.0427,LFCR
2011-04-25,6.02,6.1,6.01,6.1,6.1,24200,24200,0.08,1.33,6.07,"April 25, 11",0.0133,LFCR
2011-04-21,6.16,6.16,5.95,6.05,6.05,39200,39200,-0.11,-1.79,6.05,"April 21, 11",-0.0179,LFCR
2011-04-20,6.21,6.22,6.06,6.1,6.1,38900,38900,-0.11,-1.77,6.13,"April 20, 11",-0.0177,LFCR
2011-04-19,6.07,6.12,5.91,6.1,6.1,31000,31000,0.03,0.49423,6.04,"April 19, 11",0.0049423,LFCR
2011-04-18,5.94,6.06,5.9,6.02,6.02,31900,31900,0.08,1.35,5.99,"April 18, 11",0.0135,LFCR
2011-04-15,5.92,6.07,5.8,6.05,6.05,53000,53000,0.13,2.2,5.97,"April 15, 11",0.022,LFCR
2011-04-14,5.72,5.94,5.62,5.94,5.94,91300,91300,0.22,3.85,5.83,"April 14, 11",0.0385,LFCR
2011-04-13,5.86,5.91,5.71,5.76,5.76,80800,80800,-0.1,-1.71,5.79,"April 13, 11",-0.0171,LFCR
2011-04-12,5.9,5.96,5.8,5.84,5.84,76900,76900,-0.06,-1.02,5.87,"April 12, 11",-0.0102,LFCR
2011-04-11,6.01,6.11,5.9,6.0,6.0,65300,65300,-0.01,-0.16639,6.0,"April 11, 11",-0.0016639,LFCR
2011-04-08,6.19,6.19,6.03,6.03,6.03,41200,41200,-0.16,-2.58,6.08,"April 08, 11",-0.0258,LFCR
2011-04-07,6.37,6.37,6.11,6.13,6.13,49300,49300,-0.24,-3.77,6.2,"April 07, 11",-0.0377,LFCR
2011-04-06,6.33,6.4,6.15,6.39,6.39,48300,48300,0.06,0.94787,6.31,"April 06, 11",0.0094787,LFCR
2011-04-05,6.27,6.33,5.86,6.32,6.32,58500,58500,0.05,0.79745,6.17,"April 05, 11",0.0079745,LFCR
2011-04-04,6.53,6.61,6.21,6.32,6.32,56800,56800,-0.21,-3.22,6.38,"April 04, 11",-0.0322,LFCR
2011-04-01,6.53,6.59,6.42,6.51,6.51,38400,38400,-0.02,-0.30628,6.51,"April 01, 11",-0.0030628,LFCR
2011-03-31,6.48,6.5,6.36,6.5,6.5,61300,61300,0.02,0.30864,6.45,"March 31, 11",0.0030864,LFCR
2011-03-30,6.35,6.49,6.11,6.47,6.47,130200,130200,0.12,1.89,6.36,"March 30, 11",0.0189,LFCR
2011-03-29,6.18,6.39,6.15,6.38,6.38,89000,89000,0.2,3.24,6.31,"March 29, 11",0.0324,LFCR
2011-03-28,6.25,6.3,6.14,6.14,6.14,47100,47100,-0.11,-1.76,6.19,"March 28, 11",-0.0176,LFCR
2011-03-25,6.29,6.51,6.2,6.23,6.23,73300,73300,-0.06,-0.9539,6.31,"March 25, 11",-0.009539,LFCR
2011-03-24,6.34,6.4,6.24,6.27,6.27,54600,54600,-0.07,-1.1,6.3,"March 24, 11",-0.011,LFCR
2011-03-23,6.26,6.35,6.18,6.32,6.32,23800,23800,0.06,0.95847,6.28,"March 23, 11",0.0095847,LFCR
2011-03-22,6.23,6.31,6.04,6.29,6.29,48000,48000,0.06,0.96308,6.21,"March 22, 11",0.0096308,LFCR
2011-03-21,6.25,6.38,6.14,6.25,6.25,111000,111000,0.0,0.0,6.26,"March 21, 11",0.0,LFCR
2011-03-18,6.0,6.22,5.93,6.17,6.17,142500,142500,0.17,2.83,6.11,"March 18, 11",0.0283,LFCR
2011-03-17,6.04,6.04,5.91,5.95,5.95,41700,41700,-0.09,-1.49,5.97,"March 17, 11",-0.0149,LFCR
2011-03-16,5.95,6.09,5.82,5.92,5.92,62500,62500,-0.03,-0.5042,5.94,"March 16, 11",-0.005042,LFCR
2011-03-15,5.82,5.99,5.78,5.94,5.94,44500,44500,0.12,2.06,5.9,"March 15, 11",0.0206,LFCR
2011-03-14,5.84,6.05,5.84,6.02,6.02,37900,37900,0.18,3.08,5.97,"March 14, 11",0.0308,LFCR
2011-03-11,5.9,5.97,5.9,5.92,5.92,50900,50900,0.02,0.33898,5.93,"March 11, 11",0.0033898,LFCR
2011-03-10,6.06,6.06,5.9,5.9,5.9,56200,56200,-0.16,-2.64,5.95,"March 10, 11",-0.0264,LFCR
2011-03-09,6.1,6.15,6.06,6.14,6.14,15700,15700,0.04,0.65574,6.12,"March 09, 11",0.0065574,LFCR
2011-03-08,6.02,6.19,6.02,6.09,6.09,31000,31000,0.07,1.16,6.1,"March 08, 11",0.0116,LFCR
2011-03-07,6.32,6.32,5.98,6.04,6.04,45200,45200,-0.28,-4.43,6.11,"March 07, 11",-0.0443,LFCR
2011-03-04,6.26,6.3,6.19,6.26,6.26,36400,36400,0.0,0.0,6.25,"March 04, 11",0.0,LFCR
2011-03-03,6.04,6.3,6.0,6.25,6.25,100800,100800,0.21,3.48,6.18,"March 03, 11",0.0348,LFCR
2011-03-02,6.08,6.16,5.94,6.01,6.01,64100,64100,-0.07,-1.15,6.04,"March 02, 11",-0.0115,LFCR
2011-03-01,6.25,6.25,6.05,6.1,6.1,41100,41100,-0.15,-2.4,6.13,"March 01, 11",-0.024,LFCR
2011-02-28,6.32,6.32,6.05,6.15,6.15,64200,64200,-0.17,-2.69,6.17,"February 28, 11",-0.0269,LFCR
2011-02-25,6.09,6.29,6.09,6.27,6.27,55200,55200,0.18,2.96,6.22,"February 25, 11",0.0296,LFCR
2011-02-24,6.07,6.12,6.05,6.09,6.09,56300,56300,0.02,0.32949,6.09,"February 24, 11",0.0032949,LFCR
2011-02-23,6.15,6.23,6.06,6.08,6.08,25400,25400,-0.07,-1.14,6.12,"February 23, 11",-0.0114,LFCR
2011-02-22,6.27,6.34,6.12,6.12,6.12,79100,79100,-0.15,-2.39,6.19,"February 22, 11",-0.0239,LFCR
2011-02-18,6.35,6.35,6.29,6.35,6.35,108600,108600,0.0,0.0,6.33,"February 18, 11",0.0,LFCR
2011-02-17,6.32,6.36,6.26,6.31,6.31,46500,46500,-0.01,-0.15823,6.31,"February 17, 11",-0.0015823,LFCR
2011-02-16,6.13,6.36,6.06,6.33,6.33,109500,109500,0.2,3.26,6.25,"February 16, 11",0.0326,LFCR
2011-02-15,6.36,6.45,6.3,6.36,6.36,35800,35800,0.0,0.0,6.37,"February 15, 11",0.0,LFCR
2011-02-14,6.39,6.48,6.33,6.41,6.41,72500,72500,0.02,0.31299,6.41,"February 14, 11",0.0031299,LFCR
2011-02-11,6.31,6.43,6.31,6.42,6.42,31200,31200,0.11,1.74,6.39,"February 11, 11",0.0174,LFCR
2011-02-10,6.28,6.5,6.28,6.35,6.35,77500,77500,0.07,1.11,6.38,"February 10, 11",0.0111,LFCR
2011-02-09,6.34,6.43,6.21,6.35,6.35,69000,69000,0.01,0.15773,6.33,"February 09, 11",0.0015773,LFCR
2011-02-08,6.46,6.46,6.25,6.39,6.39,35300,35300,-0.07,-1.08,6.37,"February 08, 11",-0.0108,LFCR
2011-02-07,6.19,6.53,6.17,6.46,6.46,76600,76600,0.27,4.36,6.39,"February 07, 11",0.0436,LFCR
2011-02-04,6.15,6.22,6.1,6.2,6.2,67600,67600,0.05,0.81301,6.17,"February 04, 11",0.0081301,LFCR
2011-02-03,6.17,6.3,6.1,6.14,6.14,73600,73600,-0.03,-0.48622,6.18,"February 03, 11",-0.0048622,LFCR
2011-02-02,6.27,6.32,6.15,6.2,6.2,65600,65600,-0.07,-1.12,6.22,"February 02, 11",-0.0112,LFCR
2011-02-01,6.27,6.36,6.27,6.31,6.31,88300,88300,0.04,0.63796,6.31,"February 01, 11",0.0063796,LFCR
2011-01-31,6.33,6.41,6.1,6.26,6.26,111200,111200,-0.07,-1.11,6.26,"January 31, 11",-0.0111,LFCR
2011-01-28,6.56,6.59,6.32,6.32,6.32,90200,90200,-0.24,-3.66,6.41,"January 28, 11",-0.0366,LFCR
2011-01-27,6.91,6.91,6.54,6.59,6.59,63400,63400,-0.32,-4.63,6.68,"January 27, 11",-0.0463,LFCR
2011-01-26,6.58,6.92,6.44,6.91,6.91,96100,96100,0.33,5.02,6.76,"January 26, 11",0.0502,LFCR
2011-01-25,6.35,6.59,6.31,6.57,6.57,64800,64800,0.22,3.46,6.49,"January 25, 11",0.0346,LFCR
2011-01-24,6.47,6.55,6.36,6.36,6.36,53700,53700,-0.11,-1.7,6.42,"January 24, 11",-0.017,LFCR
2011-01-21,6.58,6.77,6.49,6.49,6.49,74300,74300,-0.09,-1.37,6.58,"January 21, 11",-0.0137,LFCR
2011-01-20,6.6,6.75,6.5,6.54,6.54,65000,65000,-0.06,-0.90909,6.6,"January 20, 11",-0.0090909,LFCR
2011-01-19,7.0,7.05,6.55,6.61,6.61,89200,89200,-0.39,-5.57,6.74,"January 19, 11",-0.0557,LFCR
2011-01-18,6.69,7.02,6.69,7.02,7.02,138000,138000,0.33,4.93,6.91,"January 18, 11",0.0493,LFCR
2011-01-14,6.66,6.76,6.64,6.73,6.73,79000,79000,0.07,1.05,6.71,"January 14, 11",0.0105,LFCR
2011-01-13,6.67,6.73,6.58,6.69,6.69,64700,64700,0.02,0.29985,6.67,"January 13, 11",0.0029985,LFCR
2011-01-12,6.44,6.83,6.4,6.66,6.66,118300,118300,0.22,3.42,6.63,"January 12, 11",0.0342,LFCR
2011-01-11,6.38,6.4,6.33,6.36,6.36,51800,51800,-0.02,-0.31348,6.36,"January 11, 11",-0.0031348,LFCR
2011-01-10,6.3,6.48,6.22,6.36,6.36,76300,76300,0.06,0.95238,6.35,"January 10, 11",0.0095238,LFCR
2011-01-07,6.43,6.44,6.3,6.36,6.36,76300,76300,-0.07,-1.09,6.37,"January 07, 11",-0.0109,LFCR
2011-01-06,7.07,7.08,6.35,6.39,6.39,148800,148800,-0.68,-9.62,6.61,"January 06, 11",-0.0962,LFCR
2011-01-05,6.23,6.71,6.19,6.67,6.67,220100,220100,0.44,7.06,6.52,"January 05, 11",0.0706,LFCR
2011-01-04,6.2,6.29,5.91,5.91,5.91,82400,82400,-0.29,-4.68,6.04,"January 04, 11",-0.0468,LFCR
2011-01-03,6.01,6.22,5.95,6.12,6.12,100600,100600,0.11,1.83,6.1,"January 03, 11",0.0183,LFCR
2010-12-31,5.82,5.98,5.78,5.98,5.98,107800,107800,0.16,2.75,5.91,"December 31, 10",0.0275,LFCR
2010-12-30,5.66,5.87,5.66,5.83,5.83,87700,87700,0.17,3.0,5.79,"December 30, 10",0.03,LFCR
2010-12-29,5.7,5.76,5.66,5.69,5.69,101000,101000,-0.01,-0.17544,5.7,"December 29, 10",-0.0017544,LFCR
2010-12-28,5.66,5.78,5.66,5.7,5.7,117100,117100,0.04,0.70671,5.71,"December 28, 10",0.0070671,LFCR
2010-12-27,5.78,5.81,5.66,5.67,5.67,105900,105900,-0.11,-1.9,5.71,"December 27, 10",-0.019,LFCR
2010-12-23,5.96,6.0,5.73,5.81,5.81,101400,101400,-0.15,-2.52,5.85,"December 23, 10",-0.0252,LFCR
2010-12-22,5.95,5.98,5.86,5.95,5.95,114100,114100,0.0,0.0,5.93,"December 22, 10",0.0,LFCR
2010-12-21,5.89,5.96,5.89,5.95,5.95,142700,142700,0.06,1.02,5.93,"December 21, 10",0.0102,LFCR
2010-12-20,5.95,5.95,5.65,5.88,5.88,307300,307300,-0.07,-1.18,5.83,"December 20, 10",-0.0118,LFCR
2010-12-17,5.97,6.0,5.83,5.95,5.95,248200,248200,-0.02,-0.33501,5.93,"December 17, 10",-0.0033501,LFCR
2010-12-16,6.09,6.14,5.7,5.98,5.98,1557100,1557100,-0.11,-1.81,5.94,"December 16, 10",-0.0181,LFCR
2010-12-15,6.2,6.23,6.05,6.09,6.09,235100,235100,-0.11,-1.77,6.12,"December 15, 10",-0.0177,LFCR
2010-12-14,6.03,6.33,6.02,6.2,6.2,149700,149700,0.17,2.82,6.18,"December 14, 10",0.0282,LFCR
2010-12-13,6.34,6.44,6.33,6.34,6.34,167000,167000,0.0,0.0,6.37,"December 13, 10",0.0,LFCR
2010-12-10,6.32,6.41,6.27,6.39,6.39,46500,46500,0.07,1.11,6.36,"December 10, 10",0.0111,LFCR
2010-12-09,6.36,6.44,6.26,6.3,6.3,170300,170300,-0.06,-0.9434,6.33,"December 09, 10",-0.009434,LFCR
2010-12-08,6.38,6.4,6.29,6.32,6.32,151000,151000,-0.06,-0.94044,6.34,"December 08, 10",-0.0094044,LFCR
2010-12-07,6.36,6.36,6.14,6.34,6.34,118400,118400,-0.02,-0.31447,6.28,"December 07, 10",-0.0031447,LFCR
2010-12-06,6.22,6.32,6.22,6.3,6.3,193800,193800,0.08,1.29,6.28,"December 06, 10",0.0129,LFCR
2010-12-03,6.35,6.35,6.21,6.25,6.25,198500,198500,-0.1,-1.57,6.27,"December 03, 10",-0.0157,LFCR
2010-12-02,6.38,6.48,6.37,6.41,6.41,42000,42000,0.03,0.47022,6.42,"December 02, 10",0.0047022,LFCR
2010-12-01,6.38,6.47,6.35,6.4,6.4,107800,107800,0.02,0.31348,6.41,"December 01, 10",0.0031348,LFCR
2010-11-30,6.21,6.28,6.16,6.26,6.26,76500,76500,0.05,0.80515,6.23,"November 30, 10",0.0080515,LFCR
2010-11-29,6.05,6.38,6.02,6.3,6.3,70500,70500,0.25,4.13,6.23,"November 29, 10",0.0413,LFCR
2010-11-26,6.16,6.22,6.15,6.16,6.16,9400,9400,0.0,0.0,6.18,"November 26, 10",0.0,LFCR
2010-11-24,6.18,6.26,6.17,6.25,6.25,48600,48600,0.07,1.13,6.23,"November 24, 10",0.0113,LFCR
2010-11-23,6.09,6.19,6.07,6.14,6.14,29100,29100,0.05,0.82102,6.13,"November 23, 10",0.0082102,LFCR
2010-11-22,6.17,6.22,6.07,6.16,6.16,65400,65400,-0.01,-0.16207,6.15,"November 22, 10",-0.0016207,LFCR
2010-11-19,6.26,6.3,6.11,6.22,6.22,66400,66400,-0.04,-0.63898,6.21,"November 19, 10",-0.0063898,LFCR
2010-11-18,6.25,6.34,6.2,6.25,6.25,49700,49700,0.0,0.0,6.26,"November 18, 10",0.0,LFCR
2010-11-17,6.2,6.2,6.11,6.17,6.17,35900,35900,-0.03,-0.48387,6.16,"November 17, 10",-0.0048387,LFCR
2010-11-16,6.16,6.25,6.15,6.22,6.22,61400,61400,0.06,0.97403,6.21,"November 16, 10",0.0097403,LFCR
2010-11-15,6.25,6.32,6.15,6.23,6.23,43800,43800,-0.02,-0.32,6.23,"November 15, 10",-0.0032,LFCR
2010-11-12,6.3,6.33,6.27,6.28,6.28,121900,121900,-0.02,-0.31746,6.29,"November 12, 10",-0.0031746,LFCR
2010-11-11,6.37,6.41,6.27,6.38,6.38,66100,66100,0.01,0.15699,6.35,"November 11, 10",0.0015699,LFCR
2010-11-10,6.32,6.5,6.3,6.48,6.48,68300,68300,0.16,2.53,6.43,"November 10, 10",0.0253,LFCR
2010-11-09,6.39,6.4,6.3,6.33,6.33,50800,50800,-0.06,-0.93897,6.34,"November 09, 10",-0.0093897,LFCR
2010-11-08,6.4,6.46,6.32,6.4,6.4,68500,68500,0.0,0.0,6.39,"November 08, 10",0.0,LFCR
2010-11-05,6.41,6.44,6.32,6.41,6.41,102300,102300,0.0,0.0,6.39,"November 05, 10",0.0,LFCR
2010-11-04,6.4,6.45,6.38,6.44,6.44,95600,95600,0.04,0.625,6.42,"November 04, 10",0.00625,LFCR
2010-11-03,6.37,6.4,6.32,6.4,6.4,42400,42400,0.03,0.47096,6.37,"November 03, 10",0.0047096,LFCR
2010-11-02,6.4,6.42,6.34,6.4,6.4,74100,74100,0.0,0.0,6.39,"November 02, 10",0.0,LFCR
2010-11-01,6.35,6.43,6.29,6.36,6.36,66900,66900,0.01,0.15748,6.36,"November 01, 10",0.0015748,LFCR
2010-10-29,6.15,6.32,6.14,6.29,6.29,56300,56300,0.14,2.28,6.25,"October 29, 10",0.0228,LFCR
2010-10-28,6.23,6.24,6.12,6.21,6.21,47100,47100,-0.02,-0.32103,6.19,"October 28, 10",-0.0032103,LFCR
2010-10-27,6.27,6.27,6.1,6.2,6.2,35500,35500,-0.07,-1.12,6.19,"October 27, 10",-0.0112,LFCR
2010-10-26,6.14,6.35,6.14,6.28,6.28,53200,53200,0.14,2.28,6.26,"October 26, 10",0.0228,LFCR
2010-10-25,6.22,6.36,6.17,6.19,6.19,65500,65500,-0.03,-0.48232,6.24,"October 25, 10",-0.0048232,LFCR
2010-10-22,6.17,6.22,6.13,6.16,6.16,38100,38100,-0.01,-0.16207,6.17,"October 22, 10",-0.0016207,LFCR
2010-10-21,6.36,6.4,6.1,6.17,6.17,67600,67600,-0.19,-2.99,6.22,"October 21, 10",-0.0299,LFCR
2010-10-20,6.16,6.46,6.03,6.31,6.31,50300,50300,0.15,2.44,6.27,"October 20, 10",0.0244,LFCR
2010-10-19,6.29,6.36,6.01,6.11,6.11,58400,58400,-0.18,-2.86,6.16,"October 19, 10",-0.0286,LFCR
2010-10-18,6.31,6.47,6.23,6.4,6.4,52900,52900,0.09,1.43,6.37,"October 18, 10",0.0143,LFCR
2010-10-15,6.49,6.49,6.28,6.28,6.28,106400,106400,-0.21,-3.24,6.35,"October 15, 10",-0.0324,LFCR
2010-10-14,6.35,6.41,6.08,6.39,6.39,116200,116200,0.04,0.62992,6.29,"October 14, 10",0.0062992,LFCR
2010-10-13,6.3,6.41,6.22,6.38,6.38,55300,55300,0.08,1.27,6.34,"October 13, 10",0.0127,LFCR
2010-10-12,6.18,6.27,6.14,6.26,6.26,17400,17400,0.08,1.29,6.22,"October 12, 10",0.0129,LFCR
2010-10-11,6.3,6.33,6.19,6.22,6.22,38000,38000,-0.08,-1.27,6.25,"October 11, 10",-0.0127,LFCR
2010-10-08,6.3,6.43,6.25,6.38,6.38,50100,50100,0.08,1.27,6.35,"October 08, 10",0.0127,LFCR
2010-10-07,6.4,6.44,6.32,6.35,6.35,105000,105000,-0.05,-0.78125,6.37,"October 07, 10",-0.0078125,LFCR
2010-10-06,6.42,6.42,6.3,6.39,6.39,58100,58100,-0.03,-0.46729,6.37,"October 06, 10",-0.0046729,LFCR
2010-10-05,6.1,6.44,6.05,6.42,6.42,67900,67900,0.32,5.25,6.3,"October 05, 10",0.0525,LFCR
2010-10-04,6.3,6.36,5.99,6.02,6.02,65600,65600,-0.28,-4.44,6.12,"October 04, 10",-0.0444,LFCR
2010-10-01,6.28,6.42,6.2,6.34,6.34,74900,74900,0.06,0.95541,6.32,"October 01, 10",0.0095541,LFCR
2010-09-30,6.28,6.31,6.13,6.21,6.21,64000,64000,-0.07,-1.11,6.22,"September 30, 10",-0.0111,LFCR
2010-09-29,6.06,6.3,5.87,6.19,6.19,146800,146800,0.13,2.15,6.12,"September 29, 10",0.0215,LFCR
2010-09-28,5.82,6.16,5.81,6.13,6.13,137800,137800,0.31,5.33,6.03,"September 28, 10",0.0533,LFCR
2010-09-27,5.76,5.87,5.5,5.79,5.79,123300,123300,0.03,0.52083,5.72,"September 27, 10",0.0052083,LFCR
2010-09-24,5.63,5.75,5.57,5.74,5.74,94600,94600,0.11,1.95,5.69,"September 24, 10",0.0195,LFCR
2010-09-23,5.57,5.66,5.52,5.55,5.55,90900,90900,-0.02,-0.35907,5.58,"September 23, 10",-0.0035907,LFCR
2010-09-22,5.7,5.83,5.5,5.59,5.59,66700,66700,-0.11,-1.93,5.64,"September 22, 10",-0.0193,LFCR
2010-09-21,5.84,5.84,5.7,5.74,5.74,52700,52700,-0.1,-1.71,5.76,"September 21, 10",-0.0171,LFCR
2010-09-20,5.56,5.85,5.56,5.82,5.82,174900,174900,0.26,4.68,5.74,"September 20, 10",0.0468,LFCR
2010-09-17,5.6,5.67,5.5,5.55,5.55,116800,116800,-0.05,-0.89286,5.57,"September 17, 10",-0.0089286,LFCR
2010-09-16,5.54,5.65,5.5,5.53,5.53,41200,41200,-0.01,-0.18051,5.56,"September 16, 10",-0.0018051,LFCR
2010-09-15,5.57,5.64,5.53,5.56,5.56,39900,39900,-0.01,-0.17953,5.58,"September 15, 10",-0.0017953,LFCR
2010-09-14,5.69,5.72,5.54,5.58,5.58,57900,57900,-0.11,-1.93,5.61,"September 14, 10",-0.0193,LFCR
2010-09-13,5.57,5.77,5.56,5.73,5.73,84300,84300,0.16,2.87,5.69,"September 13, 10",0.0287,LFCR
2010-09-10,5.56,5.56,5.47,5.54,5.54,46600,46600,-0.02,-0.35971,5.52,"September 10, 10",-0.0035971,LFCR
2010-09-09,5.58,5.62,5.47,5.5,5.5,55500,55500,-0.08,-1.43,5.53,"September 09, 10",-0.0143,LFCR
2010-09-08,5.38,5.55,5.38,5.5,5.5,37100,37100,0.12,2.23,5.48,"September 08, 10",0.0223,LFCR
2010-09-07,5.49,5.52,5.32,5.35,5.35,64000,64000,-0.14,-2.55,5.4,"September 07, 10",-0.0255,LFCR
2010-09-03,5.5,5.59,5.46,5.53,5.53,48900,48900,0.03,0.54545,5.53,"September 03, 10",0.0054545,LFCR
2010-09-02,5.33,5.48,5.3,5.47,5.47,45000,45000,0.14,2.63,5.42,"September 02, 10",0.0263,LFCR
2010-09-01,5.56,5.56,5.32,5.35,5.35,293300,293300,-0.21,-3.78,5.41,"September 01, 10",-0.0378,LFCR
2010-08-31,5.47,5.59,5.42,5.5,5.5,69600,69600,0.03,0.54845,5.5,"August 31, 10",0.0054845,LFCR
2010-08-30,5.77,5.77,5.44,5.46,5.46,72100,72100,-0.31,-5.37,5.56,"August 30, 10",-0.0537,LFCR
2010-08-27,5.52,5.88,5.41,5.78,5.78,178500,178500,0.26,4.71,5.69,"August 27, 10",0.0471,LFCR
2010-08-26,5.58,5.6,5.44,5.46,5.46,66800,66800,-0.12,-2.15,5.5,"August 26, 10",-0.0215,LFCR
2010-08-25,5.48,5.6,5.4,5.58,5.58,67900,67900,0.1,1.82,5.53,"August 25, 10",0.0182,LFCR
2010-08-24,5.36,5.58,5.36,5.5,5.5,83200,83200,0.14,2.61,5.48,"August 24, 10",0.0261,LFCR
2010-08-23,5.4,5.54,5.4,5.44,5.44,102600,102600,0.04,0.74074,5.46,"August 23, 10",0.0074074,LFCR
2010-08-20,5.46,5.58,5.33,5.37,5.37,149400,149400,-0.09,-1.65,5.43,"August 20, 10",-0.0165,LFCR
2010-08-19,5.56,5.6,5.44,5.46,5.46,94200,94200,-0.1,-1.8,5.5,"August 19, 10",-0.018,LFCR
2010-08-18,5.62,5.72,5.5,5.59,5.59,65900,65900,-0.03,-0.53381,5.6,"August 18, 10",-0.0053381,LFCR
2010-08-17,5.68,5.78,5.56,5.62,5.62,121500,121500,-0.06,-1.06,5.65,"August 17, 10",-0.0106,LFCR
2010-08-16,5.5,5.73,5.5,5.61,5.61,65100,65100,0.11,2.0,5.61,"August 16, 10",0.02,LFCR
2010-08-13,5.62,5.76,5.5,5.5,5.5,62300,62300,-0.12,-2.14,5.59,"August 13, 10",-0.0214,LFCR
2010-08-12,5.65,5.78,5.65,5.65,5.65,55300,55300,0.0,0.0,5.69,"August 12, 10",0.0,LFCR
2010-08-11,5.91,5.96,5.68,5.72,5.72,86700,86700,-0.19,-3.21,5.79,"August 11, 10",-0.0321,LFCR
2010-08-10,6.12,6.26,5.98,5.99,5.99,47200,47200,-0.13,-2.12,6.08,"August 10, 10",-0.0212,LFCR
2010-08-09,6.25,6.27,6.11,6.21,6.21,68400,68400,-0.04,-0.64,6.2,"August 09, 10",-0.0064,LFCR
2010-08-06,6.29,6.42,6.18,6.22,6.22,26500,26500,-0.07,-1.11,6.27,"August 06, 10",-0.0111,LFCR
2010-08-05,6.43,6.51,6.3,6.37,6.37,43300,43300,-0.06,-0.93313,6.39,"August 05, 10",-0.0093313,LFCR
2010-08-04,6.43,6.75,6.43,6.5,6.5,172300,172300,0.07,1.09,6.56,"August 04, 10",0.0109,LFCR
2010-08-03,6.51,6.56,6.37,6.42,6.42,40000,40000,-0.09,-1.38,6.45,"August 03, 10",-0.0138,LFCR
2010-08-02,6.53,6.58,6.44,6.54,6.54,38700,38700,0.01,0.15314,6.52,"August 02, 10",0.0015314,LFCR
2010-07-30,6.36,6.52,6.36,6.45,6.45,59000,59000,0.09,1.42,6.44,"July 30, 10",0.0142,LFCR
2010-07-29,6.53,6.53,6.38,6.43,6.43,49000,49000,-0.1,-1.53,6.45,"July 29, 10",-0.0153,LFCR
2010-07-28,6.5,6.55,6.4,6.45,6.45,67100,67100,-0.05,-0.76923,6.47,"July 28, 10",-0.0076923,LFCR
2010-07-27,6.76,6.8,6.51,6.53,6.53,61100,61100,-0.23,-3.4,6.61,"July 27, 10",-0.034,LFCR
2010-07-26,6.84,6.84,6.64,6.69,6.69,62900,62900,-0.15,-2.19,6.72,"July 26, 10",-0.0219,LFCR
2010-07-23,6.58,6.78,6.53,6.77,6.77,86600,86600,0.19,2.89,6.69,"July 23, 10",0.0289,LFCR
2010-07-22,6.53,6.73,6.46,6.62,6.62,124500,124500,0.09,1.38,6.6,"July 22, 10",0.0138,LFCR
2010-07-21,6.58,6.61,6.41,6.44,6.44,67200,67200,-0.14,-2.13,6.49,"July 21, 10",-0.0213,LFCR
2010-07-20,6.43,6.54,6.43,6.52,6.52,92100,92100,0.09,1.4,6.5,"July 20, 10",0.014,LFCR
2010-07-19,6.58,6.58,6.33,6.51,6.51,57700,57700,-0.07,-1.06,6.47,"July 19, 10",-0.0106,LFCR
2010-07-16,6.7,6.75,6.51,6.54,6.54,139100,139100,-0.16,-2.39,6.6,"July 16, 10",-0.0239,LFCR
2010-07-15,6.77,6.89,6.6,6.72,6.72,77800,77800,-0.05,-0.73855,6.74,"July 15, 10",-0.0073855,LFCR
2010-07-14,6.36,6.75,6.31,6.74,6.74,97700,97700,0.38,5.97,6.6,"July 14, 10",0.0597,LFCR
2010-07-13,6.12,6.37,6.12,6.36,6.36,114700,114700,0.24,3.92,6.28,"July 13, 10",0.0392,LFCR
2010-07-12,6.31,6.36,6.01,6.03,6.03,46600,46600,-0.28,-4.44,6.13,"July 12, 10",-0.0444,LFCR
2010-07-09,6.02,6.37,5.99,6.32,6.32,99700,99700,0.3,4.98,6.23,"July 09, 10",0.0498,LFCR
2010-07-08,5.97,6.05,5.89,6.01,6.01,56600,56600,0.04,0.67002,5.98,"July 08, 10",0.0067002,LFCR
2010-07-07,5.56,5.95,5.51,5.92,5.92,71200,71200,0.36,6.47,5.79,"July 07, 10",0.0647,LFCR
2010-07-06,5.92,5.93,5.52,5.55,5.55,128500,128500,-0.37,-6.25,5.67,"July 06, 10",-0.0625,LFCR
2010-07-02,5.94,5.94,5.72,5.85,5.85,56500,56500,-0.09,-1.52,5.84,"July 02, 10",-0.0152,LFCR
2010-07-01,5.92,6.01,5.74,5.87,5.87,81100,81100,-0.05,-0.84459,5.87,"July 01, 10",-0.0084459,LFCR
2010-06-30,6.14,6.21,5.85,5.89,5.89,98400,98400,-0.25,-4.07,5.98,"June 30, 10",-0.0407,LFCR
2010-06-29,6.25,6.25,6.02,6.12,6.12,134400,134400,-0.13,-2.08,6.13,"June 29, 10",-0.0208,LFCR
2010-06-28,6.35,6.44,6.11,6.35,6.35,51700,51700,0.0,0.0,6.3,"June 28, 10",0.0,LFCR
2010-06-25,6.05,6.37,6.0,6.36,6.36,1110700,1110700,0.31,5.12,6.24,"June 25, 10",0.0512,LFCR
2010-06-24,6.05,6.09,6.0,6.02,6.02,47000,47000,-0.03,-0.49587,6.04,"June 24, 10",-0.0049587,LFCR
2010-06-23,6.06,6.22,6.01,6.1,6.1,52000,52000,0.04,0.66007,6.11,"June 23, 10",0.0066007,LFCR
2010-06-22,6.1,6.31,6.0,6.04,6.04,163400,163400,-0.06,-0.98361,6.12,"June 22, 10",-0.0098361,LFCR
2010-06-21,6.22,6.22,6.1,6.15,6.15,34300,34300,-0.07,-1.13,6.16,"June 21, 10",-0.0113,LFCR
2010-06-18,6.31,6.38,6.15,6.16,6.16,103000,103000,-0.15,-2.38,6.23,"June 18, 10",-0.0238,LFCR
2010-06-17,6.17,6.3,6.04,6.29,6.29,33600,33600,0.12,1.94,6.21,"June 17, 10",0.0194,LFCR
2010-06-16,6.14,6.21,6.07,6.12,6.12,28300,28300,-0.02,-0.32573,6.13,"June 16, 10",-0.0032573,LFCR
2010-06-15,6.11,6.23,5.98,6.2,6.2,156700,156700,0.09,1.47,6.14,"June 15, 10",0.0147,LFCR
2010-06-14,6.17,6.22,6.0,6.11,6.11,84100,84100,-0.06,-0.97245,6.11,"June 14, 10",-0.0097245,LFCR
2010-06-11,5.99,6.18,5.97,6.12,6.12,42200,42200,0.13,2.17,6.09,"June 11, 10",0.0217,LFCR
2010-06-10,5.87,6.08,5.85,6.06,6.06,86400,86400,0.19,3.24,6.0,"June 10, 10",0.0324,LFCR
2010-06-09,5.88,6.14,5.69,5.8,5.8,161000,161000,-0.08,-1.36,5.88,"June 09, 10",-0.0136,LFCR
2010-06-08,5.72,5.87,5.62,5.82,5.82,64800,64800,0.1,1.75,5.77,"June 08, 10",0.0175,LFCR
2010-06-07,6.0,6.03,5.7,5.71,5.71,102800,102800,-0.29,-4.83,5.81,"June 07, 10",-0.0483,LFCR
2010-06-04,6.15,6.2,5.95,5.95,5.95,115400,115400,-0.2,-3.25,6.03,"June 04, 10",-0.0325,LFCR
2010-06-03,6.19,6.38,6.1,6.33,6.33,62500,62500,0.14,2.26,6.27,"June 03, 10",0.0226,LFCR
2010-06-02,6.08,6.24,6.0,6.21,6.21,54300,54300,0.13,2.14,6.15,"June 02, 10",0.0214,LFCR
2010-06-01,6.15,6.35,6.02,6.02,6.02,123600,123600,-0.13,-2.11,6.13,"June 01, 10",-0.0211,LFCR
2010-05-28,6.02,6.3,5.99,6.19,6.19,69500,69500,0.17,2.82,6.16,"May 28, 10",0.0282,LFCR
2010-05-27,5.71,6.09,5.64,6.05,6.05,107600,107600,0.34,5.95,5.93,"May 27, 10",0.0595,LFCR
2010-05-26,5.72,5.92,5.61,5.63,5.63,97800,97800,-0.09,-1.57,5.72,"May 26, 10",-0.0157,LFCR
2010-05-25,5.68,5.77,5.62,5.71,5.71,70600,70600,0.03,0.52817,5.7,"May 25, 10",0.0052817,LFCR
2010-05-24,5.89,6.06,5.75,5.79,5.79,69200,69200,-0.1,-1.7,5.87,"May 24, 10",-0.017,LFCR
2010-05-21,5.8,5.96,5.77,5.91,5.91,110200,110200,0.11,1.9,5.88,"May 21, 10",0.019,LFCR
2010-05-20,5.9,6.05,5.75,5.75,5.75,101000,101000,-0.15,-2.54,5.85,"May 20, 10",-0.0254,LFCR
2010-05-19,6.07,6.15,5.86,6.09,6.09,94200,94200,0.02,0.32949,6.03,"May 19, 10",0.0032949,LFCR
2010-05-18,6.16,6.17,5.96,6.06,6.06,60000,60000,-0.1,-1.62,6.06,"May 18, 10",-0.0162,LFCR
2010-05-17,5.92,6.24,5.92,6.08,6.08,90600,90600,0.16,2.7,6.08,"May 17, 10",0.027,LFCR
2010-05-14,5.91,5.93,5.71,5.86,5.86,75500,75500,-0.05,-0.84602,5.83,"May 14, 10",-0.0084602,LFCR
2010-05-13,5.99,6.02,5.87,5.97,5.97,31500,31500,-0.02,-0.33389,5.95,"May 13, 10",-0.0033389,LFCR
2010-05-12,5.81,6.1,5.81,6.02,6.02,157300,157300,0.21,3.61,5.98,"May 12, 10",0.0361,LFCR
2010-05-11,5.74,5.99,5.66,5.82,5.82,83800,83800,0.08,1.39,5.82,"May 11, 10",0.0139,LFCR
2010-05-10,5.9,6.1,5.69,5.8,5.8,134600,134600,-0.1,-1.69,5.86,"May 10, 10",-0.0169,LFCR
2010-05-07,5.81,6.06,5.62,5.7,5.7,108200,108200,-0.11,-1.89,5.79,"May 07, 10",-0.0189,LFCR
2010-05-06,6.05,6.24,5.5,5.81,5.81,149900,149900,-0.24,-3.97,5.85,"May 06, 10",-0.0397,LFCR
2010-05-05,6.01,6.13,5.97,6.06,6.06,97300,97300,0.05,0.83195,6.05,"May 05, 10",0.0083195,LFCR
2010-05-04,6.05,6.07,5.95,6.01,6.01,104100,104100,-0.04,-0.66116,6.01,"May 04, 10",-0.0066116,LFCR
2010-05-03,6.12,6.22,5.64,6.1,6.1,394700,394700,-0.02,-0.3268,5.99,"May 03, 10",-0.003268,LFCR
2010-04-30,6.45,6.45,6.13,6.13,6.13,86000,86000,-0.32,-4.96,6.24,"April 30, 10",-0.0496,LFCR
2010-04-29,6.27,6.44,6.16,6.43,6.43,121200,121200,0.16,2.55,6.34,"April 29, 10",0.0255,LFCR
2010-04-28,6.22,6.27,6.17,6.24,6.24,113800,113800,0.02,0.32154,6.23,"April 28, 10",0.0032154,LFCR
2010-04-27,6.43,6.46,6.11,6.22,6.22,110000,110000,-0.21,-3.27,6.26,"April 27, 10",-0.0327,LFCR
2010-04-26,6.37,6.51,6.35,6.47,6.47,40600,40600,0.1,1.57,6.44,"April 26, 10",0.0157,LFCR
2010-04-23,6.54,6.56,6.25,6.4,6.4,181000,181000,-0.14,-2.14,6.4,"April 23, 10",-0.0214,LFCR
2010-04-22,6.6,6.6,6.42,6.56,6.56,74200,74200,-0.04,-0.60606,6.53,"April 22, 10",-0.0060606,LFCR
2010-04-21,6.78,6.8,6.58,6.68,6.68,84200,84200,-0.1,-1.47,6.69,"April 21, 10",-0.0147,LFCR
2010-04-20,6.71,6.89,6.7,6.8,6.8,44900,44900,0.09,1.34,6.8,"April 20, 10",0.0134,LFCR
2010-04-19,6.84,6.88,6.56,6.74,6.74,57300,57300,-0.1,-1.46,6.73,"April 19, 10",-0.0146,LFCR
2010-04-16,7.0,7.03,6.76,6.89,6.89,63500,63500,-0.11,-1.57,6.89,"April 16, 10",-0.0157,LFCR
2010-04-15,6.98,7.0,6.87,6.98,6.98,32200,32200,0.0,0.0,6.95,"April 15, 10",0.0,LFCR
2010-04-14,6.82,7.03,6.81,7.0,7.0,69000,69000,0.18,2.64,6.95,"April 14, 10",0.0264,LFCR
2010-04-13,6.75,6.82,6.67,6.82,6.82,76900,76900,0.07,1.04,6.77,"April 13, 10",0.0104,LFCR
2010-04-12,6.82,6.82,6.68,6.74,6.74,123100,123100,-0.08,-1.17,6.75,"April 12, 10",-0.0117,LFCR
2010-04-09,6.86,6.86,6.71,6.78,6.78,70400,70400,-0.08,-1.17,6.78,"April 09, 10",-0.0117,LFCR
2010-04-08,6.78,6.93,6.77,6.88,6.88,65000,65000,0.1,1.47,6.86,"April 08, 10",0.0147,LFCR
2010-04-07,6.65,6.83,6.54,6.82,6.82,146500,146500,0.17,2.56,6.73,"April 07, 10",0.0256,LFCR
2010-04-06,6.6,6.7,6.57,6.67,6.67,48200,48200,0.07,1.06,6.65,"April 06, 10",0.0106,LFCR
2010-04-05,6.43,6.66,6.34,6.66,6.66,91600,91600,0.23,3.58,6.55,"April 05, 10",0.0358,LFCR
2010-04-01,6.65,6.78,6.38,6.43,6.43,167500,167500,-0.22,-3.31,6.53,"April 01, 10",-0.0331,LFCR
2010-03-31,6.77,7.06,6.59,6.63,6.63,305700,305700,-0.14,-2.07,6.76,"March 31, 10",-0.0207,LFCR
2010-03-30,7.22,7.23,6.97,7.13,7.13,62400,62400,-0.09,-1.25,7.11,"March 30, 10",-0.0125,LFCR
2010-03-29,7.19,7.29,7.04,7.18,7.18,41700,41700,-0.01,-0.13908,7.17,"March 29, 10",-0.0013908,LFCR
2010-03-26,7.11,7.24,7.02,7.15,7.15,44600,44600,0.04,0.56259,7.14,"March 26, 10",0.0056259,LFCR
2010-03-25,7.36,7.41,7.05,7.07,7.07,78200,78200,-0.29,-3.94,7.18,"March 25, 10",-0.0394,LFCR
2010-03-24,7.41,7.41,7.19,7.3,7.3,133700,133700,-0.11,-1.48,7.3,"March 24, 10",-0.0148,LFCR
2010-03-23,7.23,7.45,7.2,7.43,7.43,111900,111900,0.2,2.77,7.36,"March 23, 10",0.0277,LFCR
2010-03-22,6.72,7.2,6.68,7.19,7.19,124000,124000,0.47,6.99,7.02,"March 22, 10",0.0699,LFCR
2010-03-19,6.74,6.83,6.44,6.8,6.8,172900,172900,0.06,0.89021,6.69,"March 19, 10",0.0089021,LFCR
2010-03-18,6.87,6.87,6.67,6.69,6.69,52800,52800,-0.18,-2.62,6.74,"March 18, 10",-0.0262,LFCR
2010-03-17,6.98,7.03,6.88,6.91,6.91,31200,31200,-0.07,-1.0,6.94,"March 17, 10",-0.01,LFCR
2010-03-16,6.96,7.0,6.85,6.99,6.99,30700,30700,0.03,0.43103,6.95,"March 16, 10",0.0043103,LFCR
2010-03-15,6.92,7.0,6.83,6.96,6.96,37500,37500,0.04,0.57803,6.93,"March 15, 10",0.0057803,LFCR
2010-03-12,7.0,7.02,6.83,6.95,6.95,52900,52900,-0.05,-0.71429,6.93,"March 12, 10",-0.0071429,LFCR
2010-03-11,6.78,7.0,6.74,7.0,7.0,41800,41800,0.22,3.24,6.91,"March 11, 10",0.0324,LFCR
2010-03-10,6.86,6.94,6.63,6.85,6.85,63100,63100,-0.01,-0.14577,6.81,"March 10, 10",-0.0014577,LFCR
2010-03-09,6.93,7.01,6.81,6.88,6.88,101000,101000,-0.05,-0.7215,6.9,"March 09, 10",-0.007215,LFCR
2010-03-08,6.95,7.05,6.91,6.93,6.93,58000,58000,-0.02,-0.28777,6.96,"March 08, 10",-0.0028777,LFCR
2010-03-05,6.8,7.0,6.69,6.97,6.97,142600,142600,0.17,2.5,6.89,"March 05, 10",0.025,LFCR
2010-03-04,6.59,6.83,6.58,6.79,6.79,71200,71200,0.2,3.03,6.73,"March 04, 10",0.0303,LFCR
2010-03-03,6.63,6.72,6.57,6.6,6.6,67600,67600,-0.03,-0.45249,6.63,"March 03, 10",-0.0045249,LFCR
2010-03-02,6.41,6.64,6.25,6.64,6.64,140400,140400,0.23,3.59,6.51,"March 02, 10",0.0359,LFCR
2010-03-01,6.07,6.44,6.07,6.42,6.42,133100,133100,0.35,5.77,6.31,"March 01, 10",0.0577,LFCR
2010-02-26,6.15,6.15,6.02,6.06,6.06,57900,57900,-0.09,-1.46,6.08,"February 26, 10",-0.0146,LFCR
2010-02-25,6.04,6.18,6.02,6.18,6.18,55800,55800,0.14,2.32,6.13,"February 25, 10",0.0232,LFCR
2010-02-24,6.15,6.19,6.01,6.13,6.13,149900,149900,-0.02,-0.3252,6.11,"February 24, 10",-0.003252,LFCR
2010-02-23,6.15,6.2,5.99,6.12,6.12,153600,153600,-0.03,-0.4878,6.1,"February 23, 10",-0.004878,LFCR
2010-02-22,6.07,6.14,5.92,6.14,6.14,141000,141000,0.07,1.15,6.07,"February 22, 10",0.0115,LFCR
2010-02-19,6.08,6.16,5.85,6.07,6.07,353100,353100,-0.01,-0.16447,6.03,"February 19, 10",-0.0016447,LFCR
2010-02-18,6.17,6.26,5.87,6.08,6.08,361800,361800,-0.09,-1.46,6.07,"February 18, 10",-0.0146,LFCR
2010-02-17,6.25,6.41,6.12,6.18,6.18,172100,172100,-0.07,-1.12,6.24,"February 17, 10",-0.0112,LFCR
2010-02-16,6.14,6.34,6.14,6.22,6.22,45700,45700,0.08,1.3,6.23,"February 16, 10",0.013,LFCR
2010-02-12,6.1,6.19,6.06,6.08,6.08,72100,72100,-0.02,-0.32787,6.11,"February 12, 10",-0.0032787,LFCR
2010-02-11,6.06,6.16,6.0,6.14,6.14,79600,79600,0.08,1.32,6.1,"February 11, 10",0.0132,LFCR
2010-02-10,6.07,6.23,6.01,6.09,6.09,34000,34000,0.02,0.32949,6.11,"February 10, 10",0.0032949,LFCR
2010-02-09,6.16,6.16,6.04,6.1,6.1,111500,111500,-0.06,-0.97403,6.1,"February 09, 10",-0.0097403,LFCR
2010-02-08,6.27,6.36,6.08,6.11,6.11,62900,62900,-0.16,-2.55,6.18,"February 08, 10",-0.0255,LFCR
2010-02-05,6.11,6.42,6.01,6.31,6.31,124500,124500,0.2,3.27,6.25,"February 05, 10",0.0327,LFCR
2010-02-04,6.29,6.46,6.08,6.08,6.08,110200,110200,-0.21,-3.34,6.21,"February 04, 10",-0.0334,LFCR
2010-02-03,6.32,6.4,6.25,6.34,6.34,71600,71600,0.02,0.31646,6.33,"February 03, 10",0.0031646,LFCR
2010-02-02,6.35,6.48,6.34,6.34,6.34,74000,74000,-0.01,-0.15748,6.39,"February 02, 10",-0.0015748,LFCR
2010-02-01,6.36,6.45,6.3,6.37,6.37,40900,40900,0.01,0.15723,6.37,"February 01, 10",0.0015723,LFCR
2010-01-29,6.36,6.46,6.3,6.35,6.35,94100,94100,-0.01,-0.15723,6.37,"January 29, 10",-0.0015723,LFCR
2010-01-28,6.25,6.39,6.12,6.32,6.32,86700,86700,0.07,1.12,6.28,"January 28, 10",0.0112,LFCR
2010-01-27,6.13,6.34,6.1,6.25,6.25,43800,43800,0.12,1.96,6.23,"January 27, 10",0.0196,LFCR
2010-01-26,6.2,6.3,6.13,6.17,6.17,127800,127800,-0.03,-0.48387,6.2,"January 26, 10",-0.0048387,LFCR
2010-01-25,6.47,6.48,6.25,6.25,6.25,64900,64900,-0.22,-3.4,6.33,"January 25, 10",-0.034,LFCR
2010-01-22,6.47,6.54,6.36,6.44,6.44,86400,86400,-0.03,-0.46368,6.45,"January 22, 10",-0.0046368,LFCR
2010-01-21,6.5,6.54,6.43,6.49,6.49,88900,88900,-0.01,-0.15385,6.49,"January 21, 10",-0.0015385,LFCR
2010-01-20,6.46,6.58,6.42,6.51,6.51,114600,114600,0.05,0.77399,6.5,"January 20, 10",0.0077399,LFCR
2010-01-19,6.49,6.56,6.3,6.54,6.54,54500,54500,0.05,0.77042,6.47,"January 19, 10",0.0077042,LFCR
2010-01-15,6.53,6.53,6.35,6.47,6.47,106300,106300,-0.06,-0.91884,6.45,"January 15, 10",-0.0091884,LFCR
2010-01-14,6.55,6.55,6.41,6.5,6.5,28500,28500,-0.05,-0.76336,6.49,"January 14, 10",-0.0076336,LFCR
2010-01-13,6.32,6.63,6.27,6.59,6.59,101200,101200,0.27,4.27,6.5,"January 13, 10",0.0427,LFCR
2010-01-12,6.3,6.38,6.22,6.29,6.29,50100,50100,-0.01,-0.15873,6.3,"January 12, 10",-0.0015873,LFCR
2010-01-11,6.37,6.47,6.35,6.36,6.36,36500,36500,-0.01,-0.15699,6.39,"January 11, 10",-0.0015699,LFCR
2010-01-08,6.31,6.4,6.31,6.38,6.38,38300,38300,0.07,1.11,6.36,"January 08, 10",0.0111,LFCR
2010-01-07,6.22,6.39,6.22,6.31,6.31,132100,132100,0.09,1.45,6.31,"January 07, 10",0.0145,LFCR
2010-01-06,6.24,6.32,6.1,6.24,6.24,178300,178300,0.0,0.0,6.22,"January 06, 10",0.0,LFCR
2010-01-05,6.39,6.4,6.22,6.27,6.27,60200,60200,-0.12,-1.88,6.3,"January 05, 10",-0.0188,LFCR
2010-01-04,6.33,6.5,6.33,6.38,6.38,68600,68600,0.05,0.78989,6.4,"January 04, 10",0.0078989,LFCR
