date,open,high,low,close,adjClose,volume,unadjustedVolume,change,changePercent,vwap,label,changeOverTime,Symbol
2023-07-11,0.921,0.9801,0.921,0.98,0.98,814,812,0.059,6.41,0.9518,"July 11, 23",0.0641,XTLB
2023-07-10,0.99,0.99,0.99,0.99,0.99,100,100,0.0,0.0,0.99,"July 10, 23",0.0,XTLB
2023-07-07,0.9901,0.9901,0.9901,0.9901,0.99,600,600,0.0,0.0,0.9786,"July 07, 23",0.0,XTLB
2023-07-06,0.920501,0.9998,0.9202,0.9503,0.95,4704,4700,0.029799,3.24,0.959,"July 06, 23",0.0324,XTLB
2023-07-05,1.0,1.0,1.0,1.0,1.0,401,400,0.0,0.0,0.9844,"July 05, 23",0.0,XTLB
2023-07-03,1.0,1.0,1.0,1.0,1.0,590,600,0.0,0.0,1.01,"July 03, 23",0.0,XTLB
2023-06-30,0.9999,0.9999,0.9999,0.9999,1.0,5357,5400,0.0,0.0,0.9977,"June 30, 23",0.0,XTLB
2023-06-29,0.99,1.0417,0.99,0.99,0.99,2912,2800,0.0,0.0,0.9916,"June 29, 23",0.0,XTLB
2023-06-28,1.05,1.05,1.0123,1.0123,1.01,5283,5300,-0.0377,-3.59,1.04,"June 28, 23",-0.0359,XTLB
2023-06-27,1.13,1.13,1.13,1.13,1.13,1153,1200,0.0,0.0,1.05,"June 27, 23",0.0,XTLB
2023-06-26,1.12,1.15,1.0696,1.101,1.1,8952,9000,-0.019,-1.7,1.11,"June 26, 23",-0.017,XTLB
2023-06-23,1.1,1.22,1.04,1.2,1.2,24199,24200,0.1,9.09,1.12,"June 23, 23",0.0909,XTLB
2023-06-22,1.03,1.12,1.03,1.09,1.09,13927,13900,0.06,5.83,1.07,"June 22, 23",0.0583,XTLB
2023-06-21,1.27,1.27,1.1,1.175,1.18,88127,88100,-0.095,-7.48,1.16,"June 21, 23",-0.0748,XTLB
2023-06-20,1.3,1.34,1.12,1.2628,1.26,396424,392600,-0.0372,-2.86,1.5,"June 20, 23",-0.0286,XTLB
2023-06-16,1.35,1.35,1.28,1.3,1.3,1725,1700,-0.05,-3.7,1.32,"June 16, 23",-0.037,XTLB
2023-06-15,1.25,1.25,1.21,1.23,1.23,4965,5000,-0.02,-1.6,1.24,"June 15, 23",-0.016,XTLB
2023-06-14,1.2347,1.296,1.2,1.21,1.21,2056,2100,-0.0247,-2.0,1.22,"June 14, 23",-0.02,XTLB
2023-06-13,1.13,1.22,1.13,1.19,1.19,2225,2200,0.06,5.31,1.19,"June 13, 23",0.0531,XTLB
2023-06-12,1.2,1.24,1.2,1.24,1.24,950,1000,0.04,3.33,1.23,"June 12, 23",0.0333,XTLB
2023-06-09,1.3,1.3,1.3,1.3,1.3,0,0,0.0,0.0,1.3,"June 09, 23",0.0,XTLB
2023-06-08,1.2784,1.3001,1.2784,1.3001,1.3,820,800,0.0217,1.7,1.29,"June 08, 23",0.017,XTLB
2023-06-07,1.24,1.25,1.21,1.25,1.25,720,700,0.01,0.80645,1.23,"June 07, 23",0.0080645,XTLB
2023-06-06,1.2305,1.29,1.18,1.18,1.18,1078,1100,-0.0505,-4.1,1.25,"June 06, 23",-0.041,XTLB
2023-06-05,1.24,1.24,1.24,1.24,1.24,0,0,0.0,0.0,1.24,"June 05, 23",0.0,XTLB
2023-06-02,1.25,1.25,1.1835,1.24,1.24,1365,1400,-0.01,-0.8,1.24,"June 02, 23",-0.008,XTLB
2023-06-01,1.1556,1.21,1.1556,1.21,1.21,324,300,0.0544,4.71,1.19,"June 01, 23",0.0471,XTLB
2023-05-31,1.2146,1.2323,1.2146,1.2323,1.23,900,900,0.0177,1.46,1.22,"May 31, 23",0.0146,XTLB
2023-05-30,1.2307,1.2307,1.2,1.2,1.2,310,300,-0.0307,-2.49,1.21,"May 30, 23",-0.0249,XTLB
2023-05-26,1.2,1.2,1.2,1.2,1.2,0,0,0.0,0.0,1.2,"May 26, 23",0.0,XTLB
2023-05-25,1.24,1.24,1.19,1.2013,1.2,1548,1500,-0.0387,-3.12,1.21,"May 25, 23",-0.0312,XTLB
2023-05-24,1.2083,1.2699,1.15,1.15,1.15,11935,11900,-0.0583,-4.82,1.25,"May 24, 23",-0.0482,XTLB
2023-05-23,1.28,1.28,1.28,1.28,1.28,127,100,0.0,0.0,1.27,"May 23, 23",0.0,XTLB
2023-05-22,1.23,1.3,1.23,1.3,1.3,1054,1100,0.07,5.69,1.28,"May 22, 23",0.0569,XTLB
2023-05-19,1.2801,1.3399,1.2801,1.32,1.32,10724,10700,0.0399,3.12,1.3,"May 19, 23",0.0312,XTLB
2023-05-18,1.34,1.34,1.3,1.3,1.3,1578,1600,-0.04,-2.99,1.3,"May 18, 23",-0.0299,XTLB
2023-05-17,1.2,1.33,1.2,1.33,1.33,2617,2600,0.13,10.83,1.29,"May 17, 23",0.1083,XTLB
2023-05-16,1.27,1.3361,1.23,1.298,1.3,58034,58000,0.028,2.2,1.26,"May 16, 23",0.022,XTLB
2023-05-15,1.2232,1.35,1.198,1.22,1.22,19104,19100,-0.0032,-0.26161,1.27,"May 15, 23",-0.0026161,XTLB
2023-05-12,1.3,1.3199,1.21,1.21,1.21,17077,17100,-0.09,-6.92,1.3,"May 12, 23",-0.0692,XTLB
2023-05-11,1.215,1.39,1.07,1.3027,1.3,69189,69200,0.0877,7.22,1.28,"May 11, 23",0.0722,XTLB
2023-05-10,1.24,1.24,1.2,1.2,1.2,719,700,-0.04,-3.23,1.23,"May 10, 23",-0.0323,XTLB
2023-05-09,1.19,1.21,1.17,1.21,1.21,682,700,0.02,1.68,1.18,"May 09, 23",0.0168,XTLB
2023-05-08,1.19,1.245,1.18,1.2334,1.23,7309,7300,0.0434,3.65,1.22,"May 08, 23",0.0365,XTLB
2023-05-05,1.27,1.27,1.19,1.19,1.19,10142,10100,-0.08,-6.3,1.24,"May 05, 23",-0.063,XTLB
2023-05-04,1.21,1.295,1.21,1.2899,1.29,6214,6200,0.0799,6.6,1.25,"May 04, 23",0.066,XTLB
2023-05-03,1.26,1.27,1.19,1.2505,1.25,19250,19300,-0.0095,-0.75397,1.22,"May 03, 23",-0.0075397,XTLB
2023-05-02,1.16,1.36,1.1514,1.3,1.3,51644,51600,0.14,12.07,1.28,"May 02, 23",0.1207,XTLB
2023-05-01,1.06,1.2269,1.06,1.18,1.18,25818,25800,0.12,11.32,1.18,"May 01, 23",0.1132,XTLB
2023-04-28,1.1999,1.1999,1.1201,1.1201,1.12,1659,1700,-0.0798,-6.65,1.13,"April 28, 23",-0.0665,XTLB
2023-04-27,1.22,1.2201,1.1505,1.206,1.21,809,800,-0.014,-1.15,1.19,"April 27, 23",-0.0115,XTLB
2023-04-26,1.24,1.275,1.0984,1.2,1.2,1588,1600,-0.04,-3.23,1.17,"April 26, 23",-0.0323,XTLB
2023-04-25,1.22,1.22,1.22,1.22,1.22,0,0,0.0,0.0,1.22,"April 25, 23",0.0,XTLB
2023-04-24,1.2201,1.2201,1.2201,1.2201,1.22,1347,1300,0.0,0.0,1.22,"April 24, 23",0.0,XTLB
2023-04-21,1.26,1.335,1.22,1.22,1.22,4879,4900,-0.04,-3.17,1.25,"April 21, 23",-0.0317,XTLB
2023-04-20,1.27,1.32,1.155,1.27,1.27,12577,12600,0.0,0.0,1.24,"April 20, 23",0.0,XTLB
2023-04-19,1.2258,1.3683,1.2179,1.3683,1.37,16024,16000,0.1425,11.63,1.26,"April 19, 23",0.1163,XTLB
2023-04-18,1.25,1.41,1.23,1.26,1.26,25547,25500,0.01,0.8,1.33,"April 18, 23",0.008,XTLB
2023-04-17,1.2438,1.54,1.2438,1.32,1.32,69705,69700,0.0762,6.13,1.38,"April 17, 23",0.0613,XTLB
2023-04-14,1.18,1.2336,1.1772,1.2336,1.23,2310,2300,0.0536,4.54,1.23,"April 14, 23",0.0454,XTLB
2023-04-13,1.2336,1.28,1.2336,1.28,1.28,1156,1200,0.0464,3.76,1.25,"April 13, 23",0.0376,XTLB
2023-04-12,1.2217,1.2217,1.21,1.21,1.21,780,800,-0.0117,-0.95768,1.22,"April 12, 23",-0.0095768,XTLB
2023-04-11,1.27,1.27,1.27,1.27,1.27,169,200,0.0,0.0,1.26,"April 11, 23",0.0,XTLB
2023-04-10,1.28,1.28,1.28,1.28,1.28,367,400,0.0,0.0,1.28,"April 10, 23",0.0,XTLB
2023-04-06,1.14,1.2686,1.14,1.2686,1.27,1743,1700,0.1286,11.28,1.2,"April 06, 23",0.1128,XTLB
2023-04-05,1.19,1.212,1.19,1.212,1.21,667,700,0.022,1.85,1.2,"April 05, 23",0.0185,XTLB
2023-04-04,1.27,1.27,1.23,1.26,1.26,2105,2100,-0.01,-0.7874,1.26,"April 04, 23",-0.007874,XTLB
2023-04-03,1.35,1.35,1.28,1.3,1.3,2750,2800,-0.05,-3.7,1.32,"April 03, 23",-0.037,XTLB
2023-03-31,1.2491,1.31,1.228,1.31,1.31,4749,4700,0.0609,4.88,1.28,"March 31, 23",0.0488,XTLB
2023-03-30,1.2283,1.315,1.2283,1.27,1.27,1457,1500,0.0417,3.39,1.29,"March 30, 23",0.0339,XTLB
2023-03-29,1.2,1.22,1.13,1.21,1.21,1455,1500,0.01,0.83333,1.18,"March 29, 23",0.0083333,XTLB
2023-03-28,1.18,1.38,1.18,1.29,1.29,13586,13600,0.11,9.32,1.24,"March 28, 23",0.0932,XTLB
2023-03-27,1.21,1.21,1.21,1.21,1.21,0,0,0.0,0.0,1.21,"March 27, 23",0.0,XTLB
2023-03-24,1.28,1.28,1.21,1.21,1.21,564,600,-0.07,-5.47,1.23,"March 24, 23",-0.0547,XTLB
2023-03-23,1.22,1.22,1.22,1.22,1.22,101,100,0.0,0.0,1.22,"March 23, 23",0.0,XTLB
2023-03-22,1.1801,1.1801,1.1801,1.1801,1.18,120,100,0.0,0.0,1.18,"March 22, 23",0.0,XTLB
2023-03-21,1.2324,1.28,1.231,1.28,1.28,1049,1000,0.0476,3.86,1.25,"March 21, 23",0.0386,XTLB
2023-03-20,1.2424,1.27,1.2424,1.27,1.27,326,300,0.0276,2.22,1.25,"March 20, 23",0.0222,XTLB
2023-03-17,1.23,1.23,1.23,1.23,1.23,0,0,0.0,0.0,1.23,"March 17, 23",0.0,XTLB
2023-03-16,1.23,1.23,1.23,1.23,1.23,100,100,0.0,0.0,1.23,"March 16, 23",0.0,XTLB
2023-03-15,1.2499,1.26,1.17,1.23,1.23,1428,1400,-0.0199,-1.59,1.24,"March 15, 23",-0.0159,XTLB
2023-03-14,1.2001,1.26,1.2001,1.26,1.26,1017,1000,0.0599,4.99,1.23,"March 14, 23",0.0499,XTLB
2023-03-13,1.235,1.24,1.2301,1.2301,1.23,612,600,-0.0049,-0.39676,1.23,"March 13, 23",-0.0039676,XTLB
2023-03-10,1.28,1.28,1.28,1.28,1.28,900,900,0.0,0.0,1.28,"March 10, 23",0.0,XTLB
2023-03-09,1.2799,1.29,1.2103,1.28,1.28,2316,2300,0.0001,0.00781311,1.28,"March 09, 23",7.81311e-05,XTLB
2023-03-08,1.344,1.38,1.2801,1.2801,1.28,1636,1600,-0.0639,-4.75,1.34,"March 08, 23",-0.0475,XTLB
2023-03-07,1.29,1.39,1.2843,1.3101,1.31,3694,3700,0.0201,1.56,1.34,"March 07, 23",0.0156,XTLB
2023-03-06,1.23,1.2704,1.23,1.2704,1.27,528,500,0.0404,3.28,1.24,"March 06, 23",0.0328,XTLB
2023-03-03,1.23,1.308,1.23,1.308,1.31,1056,1100,0.078,6.34,1.25,"March 03, 23",0.0634,XTLB
2023-03-02,1.36,1.41,1.23,1.2679,1.27,4326,4300,-0.0921,-6.77,1.34,"March 02, 23",-0.0677,XTLB
2023-03-01,1.2887,1.341,1.2887,1.3164,1.32,1810,1800,0.0277,2.15,1.32,"March 01, 23",0.0215,XTLB
2023-02-28,1.25,1.3999,1.25,1.3999,1.4,6031,6000,0.1499,11.99,1.31,"February 28, 23",0.1199,XTLB
2023-02-27,1.25,1.26,1.24,1.24,1.24,1174,1200,-0.01,-0.8,1.28,"February 27, 23",-0.008,XTLB
2023-02-24,1.34,1.34,1.34,1.34,1.34,0,0,0.0,0.0,1.34,"February 24, 23",0.0,XTLB
2023-02-23,1.32,1.3447,1.32,1.3447,1.34,206,200,0.0247,1.87,1.33,"February 23, 23",0.0187,XTLB
2023-02-22,1.26,1.372,1.25,1.372,1.37,3848,3800,0.112,8.89,1.26,"February 22, 23",0.0889,XTLB
2023-02-21,1.33,1.42,1.33,1.42,1.42,647,600,0.09,6.77,1.35,"February 21, 23",0.0677,XTLB
2023-02-17,1.345,1.45,1.345,1.42,1.42,29147,29100,0.075,5.58,1.42,"February 17, 23",0.0558,XTLB
2023-02-16,1.36,1.38,1.34,1.3735,1.37,8725,8700,0.0135,0.99265,1.37,"February 16, 23",0.0099265,XTLB
2023-02-15,1.2368,1.34,1.2368,1.3332,1.33,1536,1500,0.0964,7.79,1.31,"February 15, 23",0.0779,XTLB
2023-02-14,1.24,1.24,1.23,1.23,1.23,393,400,-0.01,-0.80645,1.24,"February 14, 23",-0.0080645,XTLB
2023-02-13,1.31,1.31,1.31,1.31,1.31,0,0,0.0,0.0,1.31,"February 13, 23",0.0,XTLB
2023-02-10,1.32,1.32,1.31,1.31,1.31,473,500,-0.01,-0.75758,1.3,"February 10, 23",-0.0075758,XTLB
2023-02-09,1.35,1.35,1.35,1.35,1.35,0,0,0.0,0.0,1.35,"February 09, 23",0.0,XTLB
2023-02-08,1.35,1.35,1.35,1.35,1.35,0,0,0.0,0.0,1.35,"February 08, 23",0.0,XTLB
2023-02-07,1.35,1.35,1.35,1.35,1.35,0,0,0.0,0.0,1.35,"February 07, 23",0.0,XTLB
2023-02-06,1.35,1.35,1.35,1.35,1.35,400,400,0.0,0.0,1.35,"February 06, 23",0.0,XTLB
2023-02-03,1.35,1.35,1.35,1.35,1.35,0,0,0.0,0.0,1.35,"February 03, 23",0.0,XTLB
2023-02-02,1.25,1.3499,1.25,1.3499,1.35,3703,3700,0.0999,7.99,1.3,"February 02, 23",0.0799,XTLB
2023-02-01,1.2182,1.25,1.19,1.24,1.24,6932,6900,0.0218,1.79,1.21,"February 01, 23",0.0179,XTLB
2023-01-31,1.29,1.29,1.16,1.17,1.17,5727,5700,-0.12,-9.3,1.2,"January 31, 23",-0.093,XTLB
2023-01-30,1.35,1.35,1.21,1.26,1.26,1762,1800,-0.09,-6.67,1.24,"January 30, 23",-0.0667,XTLB
2023-01-27,1.35,1.35,1.35,1.35,1.35,211,200,0.0,0.0,1.34,"January 27, 23",0.0,XTLB
2023-01-26,1.36,1.36,1.36,1.36,1.36,0,0,0.0,0.0,1.36,"January 26, 23",0.0,XTLB
2023-01-25,1.36,1.36,1.36,1.36,1.36,0,0,0.0,0.0,1.36,"January 25, 23",0.0,XTLB
2023-01-24,1.36,1.36,1.36,1.36,1.36,0,0,0.0,0.0,1.36,"January 24, 23",0.0,XTLB
2023-01-23,1.36,1.36,1.36,1.36,1.36,500,500,0.0,0.0,1.36,"January 23, 23",0.0,XTLB
2023-01-20,1.35,1.36,1.3,1.36,1.36,771,800,0.01,0.74074,1.33,"January 20, 23",0.0074074,XTLB
2023-01-19,1.3899,1.3899,1.3148,1.3148,1.31,2513,2500,-0.0751,-5.4,1.35,"January 19, 23",-0.054,XTLB
2023-01-18,1.4,1.4,1.4,1.4,1.4,0,0,0.0,0.0,1.4,"January 18, 23",0.0,XTLB
2023-01-17,1.4,1.4,1.4,1.4,1.4,575,600,0.0,0.0,1.4,"January 17, 23",0.0,XTLB
2023-01-13,1.38,1.38,1.38,1.38,1.38,0,0,0.0,0.0,1.38,"January 13, 23",0.0,XTLB
2023-01-12,1.38,1.38,1.38,1.38,1.38,122,100,0.0,0.0,1.36,"January 12, 23",0.0,XTLB
2023-01-11,1.3889,1.3889,1.3423,1.3423,1.34,1453,1500,-0.0466,-3.36,1.39,"January 11, 23",-0.0336,XTLB
2023-01-10,1.39,1.39,1.3,1.38,1.38,3276,3300,-0.01,-0.71942,1.32,"January 10, 23",-0.0071942,XTLB
2023-01-09,1.36,1.3899,1.32,1.36,1.36,2696,2700,0.0,0.0,1.34,"January 09, 23",0.0,XTLB
2023-01-06,1.29,1.39,1.29,1.39,1.39,23094,23100,0.1,7.75,1.34,"January 06, 23",0.0775,XTLB
2023-01-05,1.26,1.26,1.26,1.26,1.26,0,0,0.0,0.0,1.26,"January 05, 23",0.0,XTLB
2023-01-04,1.3149,1.34,1.22,1.2599,1.26,13310,13300,-0.055,-4.18,1.28,"January 04, 23",-0.0418,XTLB
2023-01-03,1.21,1.21,1.21,1.21,1.21,0,0,0.0,0.0,1.21,"January 03, 23",0.0,XTLB
2022-12-30,1.1,1.21,1.1,1.21,1.21,3534,3300,0.11,10.0,1.13,"December 30, 22",0.1,XTLB
2022-12-29,1.18,1.1937,1.18,1.1937,1.19,387,400,0.0137,1.16,1.18,"December 29, 22",0.0116,XTLB
2022-12-28,1.06,1.14,1.06,1.14,1.14,3671,3700,0.08,7.55,1.07,"December 28, 22",0.0755,XTLB
2022-12-27,1.22,1.22,1.04,1.04,1.04,490,500,-0.18,-14.75,1.14,"December 27, 22",-0.1475,XTLB
2022-12-23,1.04,1.19,1.04,1.19,1.19,506,500,0.15,14.42,1.14,"December 23, 22",0.1442,XTLB
2022-12-22,1.1,1.1523,1.085,1.1523,1.15,2545,2500,0.0523,4.75,1.12,"December 22, 22",0.0475,XTLB
2022-12-21,1.19,1.285,1.11,1.2,1.2,10726,10700,0.01,0.84034,1.18,"December 21, 22",0.0084034,XTLB
2022-12-20,1.2903,1.3,1.235,1.3,1.3,926,900,0.0097,0.75176,1.26,"December 20, 22",0.0075176,XTLB
2022-12-19,1.1283,1.35,1.114,1.35,1.35,13797,13800,0.2217,19.65,1.28,"December 19, 22",0.1965,XTLB
2022-12-16,1.21,1.21,1.21,1.21,1.21,0,0,0.0,0.0,1.21,"December 16, 22",0.0,XTLB
2022-12-15,1.21,1.21,1.15,1.21,1.21,4145,4100,0.0,0.0,1.2,"December 15, 22",0.0,XTLB
2022-12-14,1.23,1.282,1.22,1.27,1.27,2575,2600,0.04,3.25,1.25,"December 14, 22",0.0325,XTLB
2022-12-13,1.34,1.34,1.34,1.34,1.34,0,0,0.0,0.0,1.34,"December 13, 22",0.0,XTLB
2022-12-12,1.2189,1.34,1.17,1.34,1.34,13303,13300,0.1211,9.94,1.22,"December 12, 22",0.0994,XTLB
2022-12-09,1.21,1.21,1.12,1.12,1.12,5669,5700,-0.09,-7.44,1.15,"December 09, 22",-0.0744,XTLB
2022-12-08,1.2387,1.2387,1.2387,1.2387,1.24,298,300,0.0,0.0,1.2,"December 08, 22",0.0,XTLB
2022-12-07,1.22,1.22,1.22,1.22,1.22,0,0,0.0,0.0,1.22,"December 07, 22",0.0,XTLB
2022-12-06,1.24,1.24,1.12,1.22,1.22,3769,3800,-0.02,-1.61,1.18,"December 06, 22",-0.0161,XTLB
2022-12-05,1.23,1.29,1.23,1.29,1.29,855,900,0.06,4.88,1.25,"December 05, 22",0.0488,XTLB
2022-12-02,1.23,1.23,1.23,1.23,1.23,0,0,0.0,0.0,1.23,"December 02, 22",0.0,XTLB
2022-12-01,1.2254,1.2254,1.2254,1.2254,1.23,102,100,0.0,0.0,1.23,"December 01, 22",0.0,XTLB
2022-11-30,1.33,1.33,1.33,1.33,1.33,300,300,0.0,0.0,1.33,"November 30, 22",0.0,XTLB
2022-11-29,1.2038,1.33,1.2038,1.33,1.33,265,300,0.1262,10.48,1.25,"November 29, 22",0.1048,XTLB
2022-11-28,1.35,1.35,1.35,1.35,1.35,0,0,0.0,0.0,1.35,"November 28, 22",0.0,XTLB
2022-11-25,1.35,1.35,1.35,1.35,1.35,0,0,0.0,0.0,1.35,"November 25, 22",0.0,XTLB
2022-11-23,1.35,1.35,1.35,1.35,1.35,200,200,0.0,0.0,1.35,"November 23, 22",0.0,XTLB
2022-11-22,1.35,1.35,1.35,1.35,1.35,100,100,0.0,0.0,1.35,"November 22, 22",0.0,XTLB
2022-11-21,1.2737,1.35,1.24,1.3499,1.35,4800,4800,0.0762,5.98,1.31,"November 21, 22",0.0598,XTLB
2022-11-18,1.46,1.46,1.46,1.46,1.46,0,0,0.0,0.0,1.46,"November 18, 22",0.0,XTLB
2022-11-17,1.4,1.46,1.38,1.46,1.46,15852,15900,0.06,4.29,1.43,"November 17, 22",0.0429,XTLB
2022-11-16,1.4,1.42,1.39,1.4189,1.42,2628,2600,0.0189,1.35,1.41,"November 16, 22",0.0135,XTLB
2022-11-15,1.43,1.43,1.36,1.42,1.42,1706,1600,-0.01,-0.6993,1.41,"November 15, 22",-0.006993,XTLB
2022-11-14,1.43,1.5,1.43,1.48,1.48,17059,17000,0.05,3.5,1.47,"November 14, 22",0.035,XTLB
2022-11-11,1.44,1.46,1.38,1.39,1.39,9741,9700,-0.05,-3.47,1.43,"November 11, 22",-0.0347,XTLB
2022-11-10,1.35,1.38,1.295,1.36,1.36,4747,4700,0.01,0.74074,1.34,"November 10, 22",0.0074074,XTLB
2022-11-09,1.24,1.38,1.24,1.32,1.32,23321,23300,0.08,6.45,1.3,"November 09, 22",0.0645,XTLB
2022-11-08,1.22,1.22,1.22,1.22,1.22,163,200,0.0,0.0,1.21,"November 08, 22",0.0,XTLB
2022-11-07,1.29,1.3,1.29,1.3,1.3,1059,1000,0.01,0.77519,1.24,"November 07, 22",0.0077519,XTLB
2022-11-04,1.28,1.35,1.22,1.22,1.22,10780,10800,-0.06,-4.69,1.32,"November 04, 22",-0.0469,XTLB
2022-11-03,1.23,1.23,1.23,1.23,1.23,204,200,0.0,0.0,1.23,"November 03, 22",0.0,XTLB
2022-11-02,1.23,1.23,1.23,1.23,1.23,210,200,0.0,0.0,1.23,"November 02, 22",0.0,XTLB
2022-11-01,1.29,1.29,1.29,1.29,1.29,0,0,0.0,0.0,1.29,"November 01, 22",0.0,XTLB
2022-10-31,1.26,1.3,1.25,1.29,1.29,4896,4900,0.03,2.38,1.27,"October 31, 22",0.0238,XTLB
2022-10-28,1.25,1.25,1.25,1.25,1.25,0,0,0.0,0.0,1.25,"October 28, 22",0.0,XTLB
2022-10-27,1.25,1.25,1.25,1.25,1.25,0,0,0.0,0.0,1.25,"October 27, 22",0.0,XTLB
2022-10-26,1.25,1.2527,1.25,1.2527,1.25,1959,2000,0.0027,0.216,1.25,"October 26, 22",0.00216,XTLB
2022-10-25,1.2,1.22,1.16,1.22,1.22,1485,1500,0.02,1.67,1.23,"October 25, 22",0.0167,XTLB
2022-10-24,1.18,1.18,1.18,1.18,1.18,339,300,0.0,0.0,1.18,"October 24, 22",0.0,XTLB
2022-10-21,1.22,1.22,1.1229,1.1229,1.12,2029,2000,-0.0971,-7.96,1.16,"October 21, 22",-0.0796,XTLB
2022-10-20,1.19,1.19,1.17,1.17,1.17,1649,1600,-0.02,-1.68,1.18,"October 20, 22",-0.0168,XTLB
2022-10-19,1.18,1.2185,1.18,1.2006,1.2,971,1000,0.0206,1.75,1.19,"October 19, 22",0.0175,XTLB
2022-10-18,1.23,1.23,1.18,1.2041,1.2,1567,1600,-0.0259,-2.11,1.21,"October 18, 22",-0.0211,XTLB
2022-10-17,1.21,1.21,1.21,1.21,1.21,0,0,0.0,0.0,1.21,"October 17, 22",0.0,XTLB
2022-10-14,1.21,1.21,1.21,1.21,1.21,100,100,0.0,0.0,1.21,"October 14, 22",0.0,XTLB
2022-10-13,1.1999,1.205,1.1999,1.205,1.21,550,600,0.0051,0.42504,1.2,"October 13, 22",0.0042504,XTLB
2022-10-12,1.186,1.1999,1.14,1.176,1.18,407,400,-0.01,-0.84317,1.18,"October 12, 22",-0.0084317,XTLB
2022-10-11,1.19,1.19,1.19,1.19,1.19,306,300,0.0,0.0,1.19,"October 11, 22",0.0,XTLB
2022-10-10,1.18,1.18,1.18,1.18,1.18,123,100,0.0,0.0,1.18,"October 10, 22",0.0,XTLB
2022-10-07,1.09,1.206,1.09,1.15,1.15,7360,7400,0.06,5.5,1.16,"October 07, 22",0.055,XTLB
2022-10-06,1.18,1.18,1.14,1.14,1.14,1627,1600,-0.04,-3.39,1.19,"October 06, 22",-0.0339,XTLB
2022-10-05,1.2,1.2,1.2,1.2,1.2,425,400,0.0,0.0,1.21,"October 05, 22",0.0,XTLB
2022-10-04,1.1301,1.1301,1.1301,1.1301,1.13,1892,1900,0.0,0.0,1.13,"October 04, 22",0.0,XTLB
2022-10-03,1.15,1.18,1.15,1.16,1.16,751,800,0.01,0.86957,1.16,"October 03, 22",0.0086957,XTLB
2022-09-30,1.1,1.1531,1.1,1.11,1.11,824,800,0.01,0.90909,1.11,"September 30, 22",0.0090909,XTLB
2022-09-29,1.2599,1.2599,0.8503,1.1342,1.13,68169,68200,-0.1257,-9.98,1.07,"September 29, 22",-0.0998,XTLB
2022-09-28,1.17,1.25,1.11,1.22,1.22,49916,49900,0.05,4.27,1.17,"September 28, 22",0.0427,XTLB
2022-09-27,1.33,1.33,1.32,1.32,1.32,328,300,-0.01,-0.75188,1.32,"September 27, 22",-0.0075188,XTLB
2022-09-26,1.37,1.37,1.37,1.37,1.37,0,0,0.0,0.0,1.37,"September 26, 22",0.0,XTLB
2022-09-23,1.37,1.37,1.37,1.37,1.37,0,0,0.0,0.0,1.37,"September 23, 22",0.0,XTLB
2022-09-22,1.36,1.3732,1.31,1.3684,1.37,3377,3400,0.0084,0.61765,1.33,"September 22, 22",0.0061765,XTLB
2022-09-21,1.35,1.45,1.35,1.35,1.35,1195,1200,0.0,0.0,1.41,"September 21, 22",0.0,XTLB
2022-09-20,1.47,1.47,1.35,1.3901,1.39,2083,2100,-0.0799,-5.44,1.43,"September 20, 22",-0.0544,XTLB
2022-09-19,1.39,1.45,1.39,1.45,1.45,2884,2900,0.06,4.32,1.4,"September 19, 22",0.0432,XTLB
2022-09-16,1.35,1.35,1.35,1.35,1.35,0,0,0.0,0.0,1.35,"September 16, 22",0.0,XTLB
2022-09-15,1.388,1.41,1.34,1.35,1.35,4216,4200,-0.038,-2.74,1.35,"September 15, 22",-0.0274,XTLB
2022-09-14,1.32,1.4,1.32,1.4,1.4,1266,1300,0.08,6.06,1.35,"September 14, 22",0.0606,XTLB
2022-09-13,1.41,1.4273,1.33,1.4273,1.43,6269,6300,0.0173,1.23,1.37,"September 13, 22",0.0123,XTLB
2022-09-12,1.41,1.47,1.4,1.47,1.47,2071,2100,0.06,4.26,1.44,"September 12, 22",0.0426,XTLB
2022-09-09,1.38,1.38,1.36,1.36,1.36,2801,2800,-0.02,-1.45,1.37,"September 09, 22",-0.0145,XTLB
2022-09-08,1.38,1.43,1.38,1.43,1.43,202,200,0.05,3.62,1.41,"September 08, 22",0.0362,XTLB
2022-09-07,1.46,1.46,1.3936,1.4521,1.45,307,300,-0.0079,-0.5411,1.43,"September 07, 22",-0.005411,XTLB
2022-09-06,1.4653,1.4653,1.41,1.42,1.42,3711,3700,-0.0453,-3.09,1.42,"September 06, 22",-0.0309,XTLB
2022-09-02,1.59,1.59,1.59,1.59,1.59,100,100,0.0,0.0,1.59,"September 02, 22",0.0,XTLB
2022-09-01,1.5,1.5876,1.48,1.5876,1.59,1528,1500,0.0876,5.84,1.5,"September 01, 22",0.0584,XTLB
2022-08-31,1.43,1.48,1.39,1.48,1.48,5844,5800,0.05,3.5,1.44,"August 31, 22",0.035,XTLB
2022-08-30,1.6,1.6,1.41,1.418,1.42,16332,16300,-0.182,-11.38,1.47,"August 30, 22",-0.1138,XTLB
2022-08-29,1.57,1.57,1.55,1.55,1.55,837,800,-0.02,-1.27,1.56,"August 29, 22",-0.0127,XTLB
2022-08-26,1.66,1.66,1.61,1.61,1.61,545,500,-0.05,-3.01,1.63,"August 26, 22",-0.0301,XTLB
2022-08-25,1.7,1.7,1.7,1.7,1.7,0,0,0.0,0.0,1.7,"August 25, 22",0.0,XTLB
2022-08-24,1.75,1.75,1.65,1.7,1.7,1997,2000,-0.05,-2.86,1.73,"August 24, 22",-0.0286,XTLB
2022-08-23,1.73,1.73,1.73,1.73,1.73,0,0,0.0,0.0,1.73,"August 23, 22",0.0,XTLB
2022-08-22,1.68,1.73,1.62,1.73,1.73,1920,1900,0.05,2.98,1.67,"August 22, 22",0.0298,XTLB
2022-08-19,1.6956,1.739,1.67,1.67,1.67,941,900,-0.0256,-1.51,1.7,"August 19, 22",-0.0151,XTLB
2022-08-18,1.65,1.78,1.65,1.75,1.75,5207,5200,0.1,6.06,1.75,"August 18, 22",0.0606,XTLB
2022-08-17,1.67,1.67,1.67,1.67,1.67,0,0,0.0,0.0,1.67,"August 17, 22",0.0,XTLB
2022-08-16,1.6261,1.6734,1.6241,1.6734,1.67,1716,1700,0.0473,2.91,1.63,"August 16, 22",0.0291,XTLB
2022-08-15,1.7,1.7504,1.66,1.71,1.71,4515,4500,0.01,0.58824,1.71,"August 15, 22",0.0058824,XTLB
2022-08-12,1.88,1.88,1.74,1.76,1.76,3357,3400,-0.12,-6.38,1.82,"August 12, 22",-0.0638,XTLB
2022-08-11,1.74,1.79,1.68,1.72,1.72,4624,4600,-0.02,-1.15,1.73,"August 11, 22",-0.0115,XTLB
2022-08-10,1.71,1.79,1.7,1.7899,1.79,26844,26800,0.0799,4.67,1.74,"August 10, 22",0.0467,XTLB
2022-08-09,1.6942,2.22,1.6668,1.74,1.74,102861,102900,0.0458,2.7,1.9,"August 09, 22",0.027,XTLB
2022-08-08,1.6795,1.72,1.66,1.7,1.7,4421,4400,0.0205,1.22,1.68,"August 08, 22",0.0122,XTLB
2022-08-05,1.64,1.7373,1.625,1.63,1.63,7912,7900,-0.01,-0.60976,1.65,"August 05, 22",-0.0060976,XTLB
2022-08-04,1.645,1.66,1.645,1.66,1.66,411,400,0.015,0.91185,1.66,"August 04, 22",0.0091185,XTLB
2022-08-03,1.68,1.85,1.64,1.75,1.75,18389,18400,0.07,4.17,1.74,"August 03, 22",0.0417,XTLB
2022-08-02,1.6,1.89,1.57,1.65,1.65,49610,49600,0.05,3.12,1.66,"August 02, 22",0.0312,XTLB
2022-08-01,1.56,1.6,1.49,1.6,1.6,1666,1700,0.04,2.56,1.55,"August 01, 22",0.0256,XTLB
2022-07-29,1.63,1.63,1.63,1.63,1.63,0,0,0.0,0.0,1.63,"July 29, 22",0.0,XTLB
2022-07-28,1.63,1.63,1.63,1.63,1.63,211,200,0.0,0.0,1.61,"July 28, 22",0.0,XTLB
2022-07-27,1.64,1.64,1.5,1.61,1.61,5061,5100,-0.03,-1.83,1.57,"July 27, 22",-0.0183,XTLB
2022-07-26,1.59,1.7799,1.56,1.68,1.68,9957,10000,0.09,5.66,1.66,"July 26, 22",0.0566,XTLB
2022-07-25,1.66,1.68,1.66,1.68,1.68,216,200,0.02,1.2,1.67,"July 25, 22",0.012,XTLB
2022-07-22,1.71,1.77,1.69,1.69,1.69,2150,2200,-0.02,-1.17,1.7,"July 22, 22",-0.0117,XTLB
2022-07-21,1.72,1.81,1.66,1.76,1.76,22521,22500,0.04,2.33,1.79,"July 21, 22",0.0233,XTLB
2022-07-20,1.62,1.7,1.61,1.69,1.69,3723,3700,0.07,4.32,1.64,"July 20, 22",0.0432,XTLB
2022-07-19,1.5,1.6,1.5,1.59,1.59,901,900,0.09,6.0,1.57,"July 19, 22",0.06,XTLB
2022-07-18,1.5,1.5,1.5,1.5,1.5,466,500,0.0,0.0,1.5,"July 18, 22",0.0,XTLB
2022-07-15,1.61,1.61,1.46,1.51,1.51,1263,1300,-0.1,-6.21,1.51,"July 15, 22",-0.0621,XTLB
2022-07-14,1.48,1.6,1.48,1.57,1.57,4971,5000,0.09,6.08,1.51,"July 14, 22",0.0608,XTLB
2022-07-13,1.61,1.61,1.55,1.5776,1.58,1605,1600,-0.0324,-2.01,1.57,"July 13, 22",-0.0201,XTLB
2022-07-12,1.53,1.61,1.52,1.61,1.61,1111,1100,0.08,5.23,1.55,"July 12, 22",0.0523,XTLB
2022-07-11,1.57,1.57,1.57,1.57,1.57,182,200,0.0,0.0,1.53,"July 11, 22",0.0,XTLB
2022-07-08,1.51,1.5228,1.5,1.5228,1.52,1572,1600,0.0128,0.84768,1.51,"July 08, 22",0.0084768,XTLB
2022-07-07,1.545,1.545,1.5,1.5,1.5,3530,3500,-0.045,-2.91,1.53,"July 07, 22",-0.0291,XTLB
2022-07-06,1.52,1.62,1.52,1.62,1.62,4550,4600,0.1,6.58,1.54,"July 06, 22",0.0658,XTLB
2022-07-05,1.46,1.58,1.45,1.5722,1.57,3860,3900,0.1122,7.68,1.47,"July 05, 22",0.0768,XTLB
2022-07-01,1.57,1.57,1.49,1.49,1.49,476,500,-0.08,-5.1,1.54,"July 01, 22",-0.051,XTLB
2022-06-30,1.519,1.519,1.519,1.519,1.52,277,300,0.0,0.0,1.48,"June 30, 22",0.0,XTLB
2022-06-29,1.59,1.59,1.59,1.59,1.59,0,0,0.0,0.0,1.59,"June 29, 22",0.0,XTLB
2022-06-28,1.55,1.5861,1.51,1.5861,1.59,1905,1900,0.0361,2.33,1.54,"June 28, 22",0.0233,XTLB
2022-06-27,1.61,1.62,1.61,1.62,1.62,729,700,0.01,0.62112,1.61,"June 27, 22",0.0062112,XTLB
2022-06-24,1.56,1.56,1.56,1.56,1.56,0,0,0.0,0.0,1.56,"June 24, 22",0.0,XTLB
2022-06-23,1.5993,1.5993,1.4614,1.5551,1.56,1200,1200,-0.0442,-2.76,1.56,"June 23, 22",-0.0276,XTLB
2022-06-22,1.49,1.5,1.49,1.5,1.5,602,600,0.01,0.67114,1.49,"June 22, 22",0.0067114,XTLB
2022-06-21,1.4,1.48,1.4,1.48,1.48,6512,6500,0.08,5.71,1.45,"June 21, 22",0.0571,XTLB
2022-06-17,1.36,1.39,1.35,1.39,1.39,2144,2100,0.03,2.21,1.36,"June 17, 22",0.0221,XTLB
2022-06-16,1.48,1.49,1.3608,1.375,1.38,1885,1900,-0.105,-7.09,1.41,"June 16, 22",-0.0709,XTLB
2022-06-15,1.59,1.59,1.48,1.54,1.54,2929,2900,-0.05,-3.14,1.51,"June 15, 22",-0.0314,XTLB
2022-06-14,1.58,1.58,1.58,1.58,1.58,0,0,0.0,0.0,1.58,"June 14, 22",0.0,XTLB
2022-06-13,1.6298,1.6298,1.5353,1.5763,1.58,2211,2200,-0.0535,-3.28,1.59,"June 13, 22",-0.0328,XTLB
2022-06-10,1.51,1.6952,1.51,1.69,1.69,1615,1600,0.18,11.92,1.59,"June 10, 22",0.1192,XTLB
2022-06-09,1.77,1.77,1.77,1.77,1.77,0,0,0.0,0.0,1.77,"June 09, 22",0.0,XTLB
2022-06-08,1.77,1.77,1.77,1.77,1.77,0,0,0.0,0.0,1.77,"June 08, 22",0.0,XTLB
2022-06-07,1.76,1.78,1.76,1.77,1.77,749,700,0.01,0.56818,1.77,"June 07, 22",0.0056818,XTLB
2022-06-06,1.7528,1.77,1.72,1.77,1.77,2231,2200,0.0172,0.98129,1.74,"June 06, 22",0.0098129,XTLB
2022-06-03,1.74,1.74,1.72,1.72,1.72,5362,5400,-0.02,-1.15,1.74,"June 03, 22",-0.0115,XTLB
2022-06-02,1.8,1.8,1.8,1.8,1.8,203,200,0.0,0.0,1.78,"June 02, 22",0.0,XTLB
2022-06-01,1.82,1.82,1.82,1.82,1.82,0,0,0.0,0.0,1.82,"June 01, 22",0.0,XTLB
2022-05-31,1.83,1.83,1.8,1.8161,1.82,3815,3800,-0.0139,-0.75956,1.81,"May 31, 22",-0.0075956,XTLB
2022-05-27,1.83,1.83,1.73,1.74,1.74,908,900,-0.09,-4.92,1.78,"May 27, 22",-0.0492,XTLB
2022-05-26,1.82,1.83,1.6,1.6,1.6,1813,1800,-0.22,-12.09,1.76,"May 26, 22",-0.1209,XTLB
2022-05-25,1.7883,1.8,1.7883,1.79,1.79,885,900,0.0017,0.09506235,1.79,"May 25, 22",0.0009506235,XTLB
2022-05-24,1.83,1.85,1.81,1.84,1.84,574,600,0.01,0.54645,1.83,"May 24, 22",0.0054645,XTLB
2022-05-23,1.84,1.84,1.7399,1.82,1.82,574,600,-0.02,-1.09,1.79,"May 23, 22",-0.0109,XTLB
2022-05-20,1.78,1.78,1.78,1.78,1.78,0,0,0.0,0.0,1.78,"May 20, 22",0.0,XTLB
2022-05-19,1.78,1.78,1.7799,1.7799,1.78,1212,1200,-0.0001,-0.00561798,1.78,"May 19, 22",-5.61798e-05,XTLB
2022-05-18,1.85,1.85,1.71,1.76,1.76,3564,3600,-0.09,-4.86,1.76,"May 18, 22",-0.0486,XTLB
2022-05-17,1.8,1.89,1.76,1.86,1.86,9530,9500,0.06,3.33,1.84,"May 17, 22",0.0333,XTLB
2022-05-16,1.75,1.79,1.64,1.64,1.64,13325,13300,-0.11,-6.29,1.72,"May 16, 22",-0.0629,XTLB
2022-05-13,1.6,1.73,1.6,1.69,1.69,10693,10700,0.09,5.62,1.67,"May 13, 22",0.0562,XTLB
2022-05-12,1.76,1.78,1.48,1.6261,1.63,9462,9500,-0.1339,-7.61,1.66,"May 12, 22",-0.0761,XTLB
2022-05-11,1.9,1.95,1.82,1.82,1.82,1601,1600,-0.08,-4.21,1.89,"May 11, 22",-0.0421,XTLB
2022-05-10,1.88,1.98,1.82,1.98,1.98,387,400,0.1,5.32,1.89,"May 10, 22",0.0532,XTLB
2022-05-09,2.02,2.02,2.02,2.02,2.02,153,200,0.0,0.0,2.02,"May 09, 22",0.0,XTLB
2022-05-06,1.9901,2.1,1.99,2.1,2.1,5331,5300,0.1099,5.52,2.0,"May 06, 22",0.0552,XTLB
2022-05-05,2.1,2.14,1.84,2.1053,2.11,10979,11000,0.0053,0.25238,1.91,"May 05, 22",0.0025238,XTLB
2022-05-04,2.1,2.1,2.0923,2.1,2.1,423,400,0.0,0.0,2.1,"May 04, 22",0.0,XTLB
2022-05-03,2.08,2.13,2.065,2.13,2.13,4656,4700,0.05,2.4,2.08,"May 03, 22",0.024,XTLB
2022-05-02,2.12,2.17,2.07,2.17,2.17,2185,2200,0.05,2.36,2.13,"May 02, 22",0.0236,XTLB
2022-04-29,2.23,2.34,2.2,2.2,2.2,2570,2600,-0.03,-1.35,2.23,"April 29, 22",-0.0135,XTLB
2022-04-28,2.21,2.22,2.148,2.21,2.21,1495,1500,0.0,0.0,2.18,"April 28, 22",0.0,XTLB
2022-04-27,2.22,2.22,2.22,2.22,2.22,121,100,0.0,0.0,2.22,"April 27, 22",0.0,XTLB
2022-04-26,2.2483,2.2483,2.2483,2.2483,2.25,178,200,0.0,0.0,2.22,"April 26, 22",0.0,XTLB
2022-04-25,2.16,2.29,2.16,2.21,2.21,1661,1700,0.05,2.31,2.21,"April 25, 22",0.0231,XTLB
2022-04-22,2.335,2.335,2.29,2.29,2.29,1211,1200,-0.045,-1.93,2.33,"April 22, 22",-0.0193,XTLB
2022-04-21,2.2715,2.41,2.2,2.25,2.25,10040,10000,-0.0215,-0.94651,2.23,"April 21, 22",-0.0094651,XTLB
2022-04-20,2.34,2.41,2.34,2.4,2.4,1187,1200,0.06,2.56,2.39,"April 20, 22",0.0256,XTLB
2022-04-19,2.45,2.47,2.28,2.37,2.37,23031,23000,-0.08,-3.27,2.44,"April 19, 22",-0.0327,XTLB
2022-04-18,2.21,2.36,2.21,2.36,2.36,23623,23600,0.15,6.79,2.33,"April 18, 22",0.0679,XTLB
2022-04-14,2.2,2.35,2.12,2.35,2.35,8072,8100,0.15,6.82,2.23,"April 14, 22",0.0682,XTLB
2022-04-13,2.13,2.2,2.11,2.2,2.2,2372,2400,0.07,3.29,2.14,"April 13, 22",0.0329,XTLB
2022-04-12,2.11,2.31,2.11,2.31,2.31,1231,1200,0.2,9.48,2.23,"April 12, 22",0.0948,XTLB
2022-04-11,2.18,2.28,2.18,2.28,2.28,4408,4400,0.1,4.59,2.25,"April 11, 22",0.0459,XTLB
2022-04-08,2.1,2.35,2.1,2.2076,2.21,1654,1700,0.1076,5.12,2.18,"April 08, 22",0.0512,XTLB
2022-04-07,2.12,2.25,2.0986,2.17,2.17,1860,1900,0.05,2.36,2.14,"April 07, 22",0.0236,XTLB
2022-04-06,2.21,2.31,2.13,2.26,2.26,1089,1100,0.05,2.26,2.25,"April 06, 22",0.0226,XTLB
2022-04-05,2.21,2.31,2.15,2.31,2.31,2465,2500,0.1,4.52,2.26,"April 05, 22",0.0452,XTLB
2022-04-04,2.17,2.37,2.17,2.31,2.31,2039,2000,0.14,6.45,2.25,"April 04, 22",0.0645,XTLB
2022-04-01,2.11,2.37,2.11,2.28,2.28,4091,4100,0.17,8.06,2.26,"April 01, 22",0.0806,XTLB
2022-03-31,2.37,2.37,2.37,2.37,2.37,0,0,0.0,0.0,2.37,"March 31, 22",0.0,XTLB
2022-03-30,2.28,2.37,2.28,2.37,2.37,1501,1500,0.09,3.95,2.3,"March 30, 22",0.0395,XTLB
2022-03-29,2.25,2.4,2.25,2.4,2.4,5052,5100,0.15,6.67,2.28,"March 29, 22",0.0667,XTLB
2022-03-28,2.23,2.27,2.06,2.25,2.25,2410,2400,0.02,0.89686,2.21,"March 28, 22",0.0089686,XTLB
2022-03-25,2.22,2.31,2.17,2.17,2.17,1140,1100,-0.05,-2.25,2.24,"March 25, 22",-0.0225,XTLB
2022-03-24,2.1627,2.37,2.15,2.32,2.32,6474,6500,0.1573,7.27,2.3,"March 24, 22",0.0727,XTLB
2022-03-23,2.13,2.24,2.13,2.23,2.23,2105,2100,0.1,4.69,2.19,"March 23, 22",0.0469,XTLB
2022-03-22,2.19,2.35,2.12,2.35,2.35,16133,16100,0.16,7.31,2.26,"March 22, 22",0.0731,XTLB
2022-03-21,2.1973,2.65,2.06,2.165,2.17,151605,151600,-0.0323,-1.47,2.38,"March 21, 22",-0.0147,XTLB
2022-03-18,2.31,2.31,2.2,2.2,2.2,841,800,-0.11,-4.76,2.17,"March 18, 22",-0.0476,XTLB
2022-03-17,2.2392,2.2392,2.135,2.135,2.13,439,400,-0.1042,-4.65,2.17,"March 17, 22",-0.0465,XTLB
2022-03-16,2.12,2.19,2.07,2.19,2.19,1985,2000,0.07,3.3,2.12,"March 16, 22",0.033,XTLB
2022-03-15,2.07,2.17,2.05,2.1345,2.13,4754,4800,0.0645,3.12,2.07,"March 15, 22",0.0312,XTLB
2022-03-14,2.12,2.22,2.08,2.155,2.15,1824,1800,0.035,1.65,2.11,"March 14, 22",0.0165,XTLB
2022-03-11,2.09,2.28,2.09,2.25,2.25,1280,1300,0.16,7.66,2.18,"March 11, 22",0.0766,XTLB
2022-03-10,2.18,2.2,2.1,2.2,2.2,4245,4200,0.02,0.91743,2.16,"March 10, 22",0.0091743,XTLB
2022-03-09,2.2509,2.33,2.18,2.2,2.2,18994,19000,-0.0509,-2.26,2.21,"March 09, 22",-0.0226,XTLB
2022-03-08,2.18,2.4017,2.17,2.38,2.38,2494,2500,0.2,9.17,2.26,"March 08, 22",0.0917,XTLB
2022-03-07,2.17,2.3,2.17,2.29,2.29,497,500,0.12,5.53,2.26,"March 07, 22",0.0553,XTLB
2022-03-04,2.33,2.39,2.33,2.39,2.39,373,400,0.06,2.58,2.36,"March 04, 22",0.0258,XTLB
2022-03-03,2.38,2.38,2.38,2.38,2.38,0,0,0.0,0.0,2.38,"March 03, 22",0.0,XTLB
2022-03-02,2.38,2.38,2.38,2.38,2.38,266,300,0.0,0.0,2.33,"March 02, 22",0.0,XTLB
2022-03-01,2.38,2.38,2.38,2.38,2.38,800,800,0.0,0.0,2.38,"March 01, 22",0.0,XTLB
2022-02-28,2.36,2.38,2.2971,2.38,2.38,854,900,0.02,0.84746,2.37,"February 28, 22",0.0084746,XTLB
2022-02-25,2.4,2.4,2.2,2.39,2.39,1715,1700,-0.01,-0.41667,2.27,"February 25, 22",-0.0041667,XTLB
2022-02-24,2.1487,2.4,2.1487,2.4,2.4,1147,1100,0.2513,11.7,2.29,"February 24, 22",0.117,XTLB
2022-02-23,2.28,2.52,2.28,2.52,2.52,232,200,0.24,10.53,2.39,"February 23, 22",0.1053,XTLB
2022-02-22,2.38,2.38,2.38,2.38,2.38,0,0,0.0,0.0,2.38,"February 22, 22",0.0,XTLB
2022-02-18,2.43,2.43,2.3001,2.3799,2.38,1533,1500,-0.0501,-2.06,2.37,"February 18, 22",-0.0206,XTLB
2022-02-17,2.2701,2.55,2.2701,2.55,2.55,1500,1500,0.2799,12.33,2.51,"February 17, 22",0.1233,XTLB
2022-02-16,2.35,2.39,2.35,2.39,2.39,2548,2500,0.04,1.7,2.36,"February 16, 22",0.017,XTLB
2022-02-15,2.3235,2.42,2.32,2.42,2.42,1983,2000,0.0965,4.15,2.33,"February 15, 22",0.0415,XTLB
2022-02-14,2.35,2.3583,2.28,2.35,2.35,2173,2200,0.0,0.0,2.3,"February 14, 22",0.0,XTLB
2022-02-11,2.4,2.4,2.4,2.4,2.4,1903,1900,0.0,0.0,2.4,"February 11, 22",0.0,XTLB
2022-02-10,2.3867,2.3867,2.3867,2.3867,2.39,107,100,0.0,0.0,2.39,"February 10, 22",0.0,XTLB
2022-02-09,2.47,2.47,2.47,2.47,2.47,1309,1300,0.0,0.0,2.41,"February 09, 22",0.0,XTLB
2022-02-08,2.33,2.39,2.31,2.39,2.39,2243,2200,0.06,2.58,2.34,"February 08, 22",0.0258,XTLB
2022-02-07,2.37,2.37,2.37,2.37,2.37,0,0,0.0,0.0,2.37,"February 07, 22",0.0,XTLB
2022-02-04,2.28,2.43,2.28,2.37,2.37,1479,1500,0.09,3.95,2.38,"February 04, 22",0.0395,XTLB
2022-02-03,2.36,2.47,2.32,2.32,2.32,6947,6900,-0.04,-1.69,2.35,"February 03, 22",-0.0169,XTLB
2022-02-02,2.51,2.6014,2.5021,2.6014,2.6,5935,5900,0.0914,3.64,2.56,"February 02, 22",0.0364,XTLB
2022-02-01,2.53,2.53,2.53,2.53,2.53,619,600,0.0,0.0,2.53,"February 01, 22",0.0,XTLB
2022-01-31,2.39,2.52,2.3532,2.52,2.52,1932,1900,0.13,5.44,2.38,"January 31, 22",0.0544,XTLB
2022-01-28,2.45,2.4997,2.33,2.44,2.44,3314,3300,-0.01,-0.40816,2.4,"January 28, 22",-0.0040816,XTLB
2022-01-27,2.55,2.55,2.34,2.51,2.51,593,600,-0.04,-1.57,2.47,"January 27, 22",-0.0157,XTLB
2022-01-26,2.405,2.5708,2.39,2.5708,2.57,3812,3800,0.1658,6.89,2.42,"January 26, 22",0.0689,XTLB
2022-01-25,2.4,2.42,2.32,2.3917,2.39,3733,3700,-0.0083,-0.34583,2.38,"January 25, 22",-0.0034583,XTLB
2022-01-24,2.35,2.4818,2.25,2.3992,2.4,13690,13700,0.0492,2.09,2.34,"January 24, 22",0.0209,XTLB
2022-01-21,2.6,2.6722,2.37,2.54,2.54,13688,13700,-0.06,-2.31,2.54,"January 21, 22",-0.0231,XTLB
2022-01-20,2.78,2.8064,2.6706,2.76,2.76,5553,5600,-0.02,-0.71942,2.76,"January 20, 22",-0.0071942,XTLB
2022-01-19,2.83,2.83,2.7,2.75,2.75,10555,10600,-0.08,-2.83,2.75,"January 19, 22",-0.0283,XTLB
2022-01-18,2.89,2.89,2.7452,2.7899,2.79,14899,14900,-0.1001,-3.46,2.82,"January 18, 22",-0.0346,XTLB
2022-01-14,2.9,2.91,2.77,2.9052,2.91,3838,3800,0.0052,0.17931,2.85,"January 14, 22",0.0017931,XTLB
2022-01-13,2.8,3.0,2.76,2.89,2.89,59144,59100,0.09,3.21,2.89,"January 13, 22",0.0321,XTLB
2022-01-12,2.8245,2.8245,2.65,2.65,2.65,1998,2000,-0.1745,-6.18,2.78,"January 12, 22",-0.0618,XTLB
2022-01-11,2.7279,2.9228,2.7279,2.8714,2.87,1730,1700,0.1435,5.26,2.78,"January 11, 22",0.0526,XTLB
2022-01-10,2.71,2.7423,2.68,2.725,2.73,6320,6300,0.015,0.55351,2.71,"January 10, 22",0.0055351,XTLB
2022-01-07,2.96,2.96,2.69,2.7,2.7,6908,6900,-0.26,-8.78,2.71,"January 07, 22",-0.0878,XTLB
2022-01-06,2.75,2.8,2.7,2.74,2.74,7273,7300,-0.01,-0.36364,2.74,"January 06, 22",-0.0036364,XTLB
2022-01-05,2.81,2.84,2.7,2.73,2.73,14444,14400,-0.08,-2.85,2.77,"January 05, 22",-0.0285,XTLB
2022-01-04,2.89,2.9,2.75,2.75,2.75,2534,2500,-0.14,-4.84,2.78,"January 04, 22",-0.0484,XTLB
2022-01-03,2.79,2.88,2.73,2.88,2.88,5322,5300,0.09,3.23,2.79,"January 03, 22",0.0323,XTLB
2021-12-31,2.88,2.98,2.77,2.77,2.77,4635,4600,-0.11,-3.82,2.85,"December 31, 21",-0.0382,XTLB
2021-12-30,2.77,2.95,2.76,2.9122,2.91,10794,10800,0.1422,5.13,2.87,"December 30, 21",0.0513,XTLB
2021-12-29,2.65,2.8235,2.65,2.81,2.81,74082,74100,0.16,6.04,2.73,"December 29, 21",0.0604,XTLB
2021-12-28,2.63,2.73,2.57,2.649,2.65,75299,75300,0.019,0.72243,2.66,"December 28, 21",0.0072243,XTLB
2021-12-27,2.72,2.72,2.5604,2.69,2.69,48694,48700,-0.03,-1.1,2.66,"December 27, 21",-0.011,XTLB
2021-12-23,2.69,2.8,2.69,2.72,2.72,9707,9700,0.03,1.12,2.72,"December 23, 21",0.0112,XTLB
2021-12-22,2.84,2.86,2.67,2.75,2.75,14099,14100,-0.09,-3.17,2.72,"December 22, 21",-0.0317,XTLB
2021-12-21,2.65,2.75,2.64,2.71,2.71,6925,6900,0.06,2.26,2.72,"December 21, 21",0.0226,XTLB
2021-12-20,2.8,2.9,2.57,2.63,2.63,45083,45100,-0.17,-6.07,2.73,"December 20, 21",-0.0607,XTLB
2021-12-17,2.98,2.98,2.79,2.9397,2.94,1498,1500,-0.0403,-1.35,2.88,"December 17, 21",-0.0135,XTLB
2021-12-16,2.9,3.01,2.83,2.91,2.91,36308,36300,0.01,0.34483,2.9,"December 16, 21",0.0034483,XTLB
2021-12-15,2.87,2.955,2.7959,2.93,2.93,6578,6600,0.06,2.09,2.87,"December 15, 21",0.0209,XTLB
2021-12-14,2.955,2.985,2.835,2.985,2.99,16901,16900,0.03,1.02,2.91,"December 14, 21",0.0102,XTLB
2021-12-13,3.06,3.06,2.92,3.03,3.03,24953,25000,-0.03,-0.98039,3.02,"December 13, 21",-0.0098039,XTLB
2021-12-10,3.01,3.06,2.9,3.06,3.06,13017,13000,0.05,1.66,3.01,"December 10, 21",0.0166,XTLB
2021-12-09,3.09,3.09,2.98,2.98,2.98,16581,16600,-0.11,-3.56,3.03,"December 09, 21",-0.0356,XTLB
2021-12-08,3.19,3.2,3.01,3.13,3.13,83678,83700,-0.06,-1.88,3.17,"December 08, 21",-0.0188,XTLB
2021-12-07,3.11,3.1899,3.06,3.11,3.11,7898,7900,0.0,0.0,3.11,"December 07, 21",0.0,XTLB
2021-12-06,3.04,3.1899,2.97,3.11,3.11,14497,14500,0.07,2.3,3.04,"December 06, 21",0.023,XTLB
2021-12-03,3.13,3.18,3.05,3.05,3.05,7127,7100,-0.08,-2.56,3.08,"December 03, 21",-0.0256,XTLB
2021-12-02,3.3,3.3,3.14,3.14,3.14,6857,6900,-0.16,-4.85,3.18,"December 02, 21",-0.0485,XTLB
2021-12-01,3.15,3.45,3.15,3.34,3.34,37819,37800,0.19,6.03,3.3,"December 01, 21",0.0603,XTLB
2021-11-30,3.1999,3.25,3.12,3.2,3.2,7325,7300,0.0001,0.0031251,3.17,"November 30, 21",3.1251e-05,XTLB
2021-11-29,3.11,3.39,3.09,3.25,3.25,29965,30000,0.14,4.5,3.19,"November 29, 21",0.045,XTLB
2021-11-26,3.06,3.06,2.96,2.99,2.99,19241,19200,-0.07,-2.29,3.04,"November 26, 21",-0.0229,XTLB
2021-11-24,3.08,3.1,3.04,3.07,3.07,19917,19900,-0.01,-0.32468,3.56,"November 24, 21",-0.0032468,XTLB
2021-11-23,3.17,3.18,2.99,3.0,3.0,38832,38800,-0.17,-5.36,3.08,"November 23, 21",-0.0536,XTLB
2021-11-22,3.35,3.35,3.01,3.08,3.08,43400,43400,-0.27,-8.06,3.17,"November 22, 21",-0.0806,XTLB
2021-11-19,3.31,3.44,3.22,3.31,3.31,19739,19700,0.0,0.0,3.27,"November 19, 21",0.0,XTLB
2021-11-18,3.45,3.59,3.2,3.38,3.38,22538,22500,-0.07,-2.03,3.34,"November 18, 21",-0.0203,XTLB
2021-11-17,3.5,3.6195,3.33,3.43,3.43,24039,24000,-0.07,-2.0,3.44,"November 17, 21",-0.02,XTLB
2021-11-16,3.51,3.52,3.44,3.5,3.5,11070,11100,-0.01,-0.2849,3.47,"November 16, 21",-0.002849,XTLB
2021-11-15,3.74,3.74,3.5,3.58,3.58,32134,32100,-0.16,-4.28,3.62,"November 15, 21",-0.0428,XTLB
2021-11-12,3.622,3.6534,3.58,3.6,3.6,7747,7700,-0.022,-0.6074,3.61,"November 12, 21",-0.006074,XTLB
2021-11-11,3.67,3.7,3.18,3.58,3.58,23238,23200,-0.09,-2.45,3.46,"November 11, 21",-0.0245,XTLB
2021-11-10,3.71,3.9,3.61,3.66,3.66,54357,54400,-0.05,-1.35,3.73,"November 10, 21",-0.0135,XTLB
2021-11-09,3.78,3.87,3.7316,3.74,3.74,32624,32600,-0.04,-1.06,3.8,"November 09, 21",-0.0106,XTLB
2021-11-08,3.95,3.96,3.87,3.87,3.87,2346,2300,-0.08,-2.03,3.94,"November 08, 21",-0.0203,XTLB
2021-11-05,3.992,4.03,3.8401,3.97,3.97,15677,15700,-0.022,-0.5511,3.93,"November 05, 21",-0.005511,XTLB
2021-11-04,3.92,4.0,3.91,4.0,4.0,6081,6100,0.08,2.04,3.96,"November 04, 21",0.0204,XTLB
2021-11-03,3.89,4.19,3.89,3.97,3.97,89253,89300,0.08,2.06,4.05,"November 03, 21",0.0206,XTLB
2021-11-02,3.9,3.9499,3.89,3.89,3.89,5767,5800,-0.01,-0.25641,3.91,"November 02, 21",-0.0025641,XTLB
2021-11-01,3.84,3.9499,3.77,3.91,3.91,84131,84100,0.07,1.82,3.85,"November 01, 21",0.0182,XTLB
2021-10-29,3.75,3.8499,3.66,3.82,3.82,11024,11000,0.07,1.87,3.77,"October 29, 21",0.0187,XTLB
2021-10-28,3.78,3.89,3.6,3.8,3.8,24923,24900,0.02,0.5291,3.74,"October 28, 21",0.005291,XTLB
2021-10-27,3.8,4.5799,3.61,3.8,3.8,341647,341600,0.0,0.0,4.01,"October 27, 21",0.0,XTLB
2021-10-26,3.7301,3.825,3.71,3.755,3.76,5654,5700,0.0249,0.66754,3.77,"October 26, 21",0.0066754,XTLB
2021-10-25,3.7491,3.81,3.73,3.81,3.81,5305,5300,0.0609,1.62,3.77,"October 25, 21",0.0162,XTLB
2021-10-22,3.93,3.93,3.7,3.74,3.74,17192,17200,-0.19,-4.83,3.8,"October 22, 21",-0.0483,XTLB
2021-10-21,3.92,4.02,3.8,3.81,3.81,31723,31700,-0.11,-2.81,3.89,"October 21, 21",-0.0281,XTLB
2021-10-20,4.06,4.06,3.9,4.03,4.03,6688,6700,-0.03,-0.73892,3.96,"October 20, 21",-0.0073892,XTLB
2021-10-19,4.02,4.1699,3.92,4.0,4.0,26828,26800,-0.02,-0.49751,4.02,"October 19, 21",-0.0049751,XTLB
2021-10-18,3.96,4.199,3.85,3.98,3.98,37654,37700,0.02,0.50505,4.09,"October 18, 21",0.0050505,XTLB
2021-10-15,3.88,3.95,3.88,3.93,3.93,1657,1700,0.05,1.29,3.93,"October 15, 21",0.0129,XTLB
2021-10-14,3.99,3.99,3.9464,3.9464,3.95,11124,11100,-0.0436,-1.09,3.99,"October 14, 21",-0.0109,XTLB
2021-10-13,3.9518,4.0599,3.9518,4.01,4.01,11172,11200,0.0582,1.47,3.98,"October 13, 21",0.0147,XTLB
2021-10-12,4.1799,4.1799,4.01,4.04,4.04,7389,7400,-0.1399,-3.35,4.1,"October 12, 21",-0.0335,XTLB
2021-10-11,3.95,4.17,3.95,4.09,4.09,40343,40300,0.14,3.54,4.06,"October 11, 21",0.0354,XTLB
2021-10-08,3.9,3.98,3.87,3.94,3.94,17907,17400,0.04,1.03,3.97,"October 08, 21",0.0103,XTLB
2021-10-07,3.92,3.96,3.82,3.83,3.83,29845,29800,-0.09,-2.3,3.85,"October 07, 21",-0.023,XTLB
2021-10-06,4.2,4.2,3.82,3.82,3.82,88909,88900,-0.38,-9.05,4.0,"October 06, 21",-0.0905,XTLB
2021-10-05,4.3225,4.3225,4.21,4.23,4.23,24049,24000,-0.0925,-2.14,4.27,"October 05, 21",-0.0214,XTLB
2021-10-04,4.27,4.47,4.2101,4.3,4.3,35952,36000,0.03,0.70258,4.33,"October 04, 21",0.0070258,XTLB
2021-10-01,4.45,4.45,4.26,4.4081,4.41,7665,7700,-0.0419,-0.94157,4.36,"October 01, 21",-0.0094157,XTLB
2021-09-30,4.15,4.5,4.14,4.38,4.38,112471,112400,0.23,5.54,4.33,"September 30, 21",0.0554,XTLB
2021-09-29,4.3,4.3,4.15,4.17,4.17,24321,24300,-0.13,-3.02,4.23,"September 29, 21",-0.0302,XTLB
2021-09-28,4.15,4.44,4.05,4.34,4.34,79737,79700,0.19,4.58,4.28,"September 28, 21",0.0458,XTLB
2021-09-27,4.19,4.44,4.0802,4.14,4.14,87995,87800,-0.05,-1.19,4.69,"September 27, 21",-0.0119,XTLB
2021-09-24,4.14,4.4099,4.0393,4.2931,4.29,29329,29200,0.1531,3.7,4.13,"September 24, 21",0.037,XTLB
2021-09-23,4.21,4.3,4.09,4.11,4.11,19009,19000,-0.1,-2.38,4.2,"September 23, 21",-0.0238,XTLB
2021-09-22,4.35,4.35,4.12,4.22,4.22,8598,8600,-0.13,-2.99,4.17,"September 22, 21",-0.0299,XTLB
2021-09-21,4.19,4.37,4.1001,4.23,4.23,60902,60900,0.04,0.95465,4.25,"September 21, 21",0.0095465,XTLB
2021-09-20,4.06,4.36,4.06,4.13,4.13,48231,48200,0.07,1.72,4.24,"September 20, 21",0.0172,XTLB
2021-09-17,4.18,4.35,4.15,4.22,4.22,8773,8800,0.04,0.95694,4.23,"September 17, 21",0.0095694,XTLB
2021-09-16,4.06,4.42,4.01,4.11,4.11,15742,15600,0.05,1.23,4.18,"September 16, 21",0.0123,XTLB
2021-09-15,4.1,4.55,4.01,4.14,4.14,73238,72900,0.04,0.97561,4.25,"September 15, 21",0.0097561,XTLB
2021-09-14,4.48,4.48,4.11,4.11,4.11,25837,25800,-0.37,-8.26,4.3,"September 14, 21",-0.0826,XTLB
2021-09-13,4.4352,4.56,4.42,4.42,4.42,8111,7900,-0.0152,-0.34271,4.43,"September 13, 21",-0.0034271,XTLB
2021-09-10,4.75,4.7914,4.414,4.49,4.49,64686,64700,-0.26,-5.47,4.67,"September 10, 21",-0.0547,XTLB
2021-09-09,4.75,4.78,4.61,4.63,4.63,54224,54100,-0.12,-2.53,4.7,"September 09, 21",-0.0253,XTLB
2021-09-08,4.88,4.95,4.67,4.67,4.67,35402,35400,-0.21,-4.3,4.78,"September 08, 21",-0.043,XTLB
2021-09-07,4.68,4.99,4.68,4.99,4.99,59440,59400,0.31,6.62,4.84,"September 07, 21",0.0662,XTLB
2021-09-03,5.12,5.14,4.685,4.7,4.7,98910,98800,-0.42,-8.2,4.9,"September 03, 21",-0.082,XTLB
2021-09-02,4.84,5.65,4.69,5.2,5.2,636823,635200,0.36,7.44,5.21,"September 02, 21",0.0744,XTLB
2021-09-01,4.8,4.99,4.65,4.77,4.77,44998,45000,-0.03,-0.625,4.82,"September 01, 21",-0.00625,XTLB
2021-08-31,5.02,5.17,4.5699,4.95,4.95,114097,114100,-0.07,-1.39,4.82,"August 31, 21",-0.0139,XTLB
2021-08-30,4.8,5.18,4.71,5.09,5.09,201055,201100,0.29,6.04,4.94,"August 30, 21",0.0604,XTLB
2021-08-27,4.42,4.75,4.27,4.63,4.63,86795,86800,0.21,4.75,4.54,"August 27, 21",0.0475,XTLB
2021-08-26,4.7,4.78,4.4,4.46,4.46,60331,60100,-0.24,-5.11,4.59,"August 26, 21",-0.0511,XTLB
2021-08-25,4.72,4.8299,4.5469,4.71,4.71,193739,193700,-0.01,-0.21186,4.9,"August 25, 21",-0.0021186,XTLB
2021-08-24,4.3,5.1,4.3,4.68,4.68,418476,418400,0.38,8.84,4.73,"August 24, 21",0.0884,XTLB
2021-08-23,4.25,4.6,4.13,4.15,4.15,163446,163300,-0.1,-2.35,4.32,"August 23, 21",-0.0235,XTLB
2021-08-20,3.99,5.2,3.98,4.59,4.59,1528420,1528400,0.6,15.04,4.63,"August 20, 21",0.1504,XTLB
2021-08-19,3.5,4.35,3.45,3.975,3.98,679273,679300,0.475,13.57,4.0,"August 19, 21",0.1357,XTLB
2021-08-18,3.6,3.7674,3.46,3.55,3.55,47482,47500,-0.05,-1.39,3.62,"August 18, 21",-0.0139,XTLB
2021-08-17,3.66,3.66,3.46,3.64,3.64,30087,30100,-0.02,-0.54645,3.6,"August 17, 21",-0.0054645,XTLB
2021-08-16,3.54,3.71,3.48,3.65,3.65,53137,53100,0.11,3.11,3.65,"August 16, 21",0.0311,XTLB
2021-08-13,3.73,3.73,3.55,3.55,3.55,20964,21000,-0.18,-4.83,3.62,"August 13, 21",-0.0483,XTLB
2021-08-12,3.53,3.8,3.53,3.8,3.8,83853,83900,0.27,7.65,3.67,"August 12, 21",0.0765,XTLB
2021-08-11,3.4754,3.63,3.4305,3.47,3.47,37759,37800,-0.0054,-0.15538,3.53,"August 11, 21",-0.0015538,XTLB
2021-08-10,3.52,3.54,3.3919,3.47,3.47,9097,9100,-0.05,-1.42,3.48,"August 10, 21",-0.0142,XTLB
2021-08-09,3.46,3.53,3.46,3.5084,3.51,10798,10800,0.0484,1.4,3.49,"August 09, 21",0.014,XTLB
2021-08-06,3.61,3.61,3.4,3.56,3.56,26234,26200,-0.05,-1.39,3.49,"August 06, 21",-0.0139,XTLB
2021-08-05,3.44,3.52,3.41,3.51,3.51,12991,13000,0.07,2.03,3.48,"August 05, 21",0.0203,XTLB
2021-08-04,3.59,3.59,3.36,3.43,3.43,31809,31800,-0.16,-4.46,3.44,"August 04, 21",-0.0446,XTLB
2021-08-03,3.58,3.6,3.43,3.58,3.58,31668,31700,0.0,0.0,3.54,"August 03, 21",0.0,XTLB
2021-08-02,3.53,3.6,3.4285,3.54,3.54,21398,21400,0.01,0.28329,3.52,"August 02, 21",0.0028329,XTLB
2021-07-30,3.5435,3.5482,3.34,3.5,3.5,77486,77500,-0.0435,-1.23,3.45,"July 30, 21",-0.0123,XTLB
2021-07-29,3.54,3.87,3.46,3.56,3.56,131225,131200,0.02,0.56497,3.66,"July 29, 21",0.0056497,XTLB
2021-07-28,3.62,3.68,3.5005,3.57,3.57,46487,46200,-0.05,-1.38,3.59,"July 28, 21",-0.0138,XTLB
2021-07-27,3.76,3.8,3.4,3.66,3.66,231538,231500,-0.1,-2.66,3.57,"July 27, 21",-0.0266,XTLB
2021-07-26,4.43,4.47,3.54,3.6,3.6,306285,306300,-0.83,-18.74,3.92,"July 26, 21",-0.1874,XTLB
2021-07-23,4.16,6.69,4.0,4.45,4.45,3989602,3989600,0.29,6.97,5.14,"July 23, 21",0.0697,XTLB
2021-07-22,4.06,4.28,3.9571,4.15,4.15,113081,113100,0.09,2.22,4.12,"July 22, 21",0.0222,XTLB
2021-07-21,3.43,4.4799,3.43,3.92,3.92,208443,208400,0.49,14.29,3.99,"July 21, 21",0.1429,XTLB
2021-07-20,3.5567,3.656,3.52,3.6378,3.64,46405,46400,0.0811,2.28,3.59,"July 20, 21",0.0228,XTLB
2021-07-19,3.55,4.02,3.37,3.69,3.69,117648,117600,0.14,3.94,3.74,"July 19, 21",0.0394,XTLB
2021-07-16,3.47,3.53,3.435,3.5,3.5,16700,16700,0.03,0.86455,3.49,"July 16, 21",0.0086455,XTLB
2021-07-15,3.4053,3.4999,3.37,3.4699,3.47,6227,6100,0.0646,1.9,3.42,"July 15, 21",0.019,XTLB
2021-07-14,3.57,3.93,3.39,3.57,3.57,4729,4700,0.0,0.0,3.62,"July 14, 21",0.0,XTLB
2021-07-13,3.28,3.535,3.28,3.5,3.5,16668,16700,0.22,6.71,3.43,"July 13, 21",0.0671,XTLB
2021-07-12,3.37,3.545,3.37,3.47,3.47,7542,7500,0.1,2.97,3.46,"July 12, 21",0.0297,XTLB
2021-07-09,3.56,3.67,3.5,3.67,3.67,4170,4200,0.11,3.09,3.55,"July 09, 21",0.0309,XTLB
2021-07-08,3.5923,3.6703,3.59,3.61,3.61,1563,1600,0.0177,0.49272,3.64,"July 08, 21",0.0049272,XTLB
2021-07-07,3.47,3.7277,3.47,3.7277,3.73,3361,3400,0.2577,7.43,3.61,"July 07, 21",0.0743,XTLB
2021-07-06,3.71,3.75,3.52,3.65,3.65,10295,10300,-0.06,-1.62,3.63,"July 06, 21",-0.0162,XTLB
2021-07-02,3.87,3.94,3.84,3.94,3.94,19249,19200,0.07,1.81,3.88,"July 02, 21",0.0181,XTLB
2021-07-01,4.1,4.1,3.8101,3.98,3.98,18442,18400,-0.12,-2.93,3.93,"July 01, 21",-0.0293,XTLB
2021-06-30,3.91,4.06,3.87,3.99,3.99,30513,30500,0.08,2.05,3.95,"June 30, 21",0.0205,XTLB
2021-06-29,3.77,3.801,3.73,3.77,3.77,21061,21100,0.0,0.0,3.77,"June 29, 21",0.0,XTLB
2021-06-28,3.58,3.74,3.58,3.69,3.69,30263,30300,0.11,3.07,3.66,"June 28, 21",0.0307,XTLB
2021-06-25,3.8,3.8,3.49,3.59,3.59,25835,25800,-0.21,-5.53,3.66,"June 25, 21",-0.0553,XTLB
2021-06-24,3.51,3.566,3.485,3.485,3.49,7600,7600,-0.025,-0.71225,3.52,"June 24, 21",-0.0071225,XTLB
2021-06-23,3.44,3.48,3.37,3.4,3.4,7153,7200,-0.04,-1.16,3.42,"June 23, 21",-0.0116,XTLB
2021-06-22,3.36,3.43,3.32,3.34,3.34,3920,3900,-0.02,-0.59524,3.36,"June 22, 21",-0.0059524,XTLB
2021-06-21,3.31,3.48,3.31,3.33,3.33,4647,4600,0.02,0.60423,3.36,"June 21, 21",0.0060423,XTLB
2021-06-18,3.42,3.55,3.2499,3.36,3.36,44304,44300,-0.06,-1.75,3.47,"June 18, 21",-0.0175,XTLB
2021-06-17,3.26,3.3086,3.26,3.27,3.27,4708,4600,0.01,0.30675,3.29,"June 17, 21",0.0030675,XTLB
2021-06-16,3.42,3.42,3.205,3.2793,3.28,24408,24400,-0.1407,-4.11,3.34,"June 16, 21",-0.0411,XTLB
2021-06-15,3.49,3.49,3.4402,3.45,3.45,957,1000,-0.04,-1.15,3.43,"June 15, 21",-0.0115,XTLB
2021-06-14,3.55,3.56,3.46,3.56,3.56,14883,14900,0.01,0.28169,3.52,"June 14, 21",0.0028169,XTLB
2021-06-11,3.6999,3.6999,3.56,3.57,3.57,22569,22600,-0.1299,-3.51,3.62,"June 11, 21",-0.0351,XTLB
2021-06-10,3.6435,3.71,3.6,3.65,3.65,9120,9100,0.0065,0.1784,3.65,"June 10, 21",0.001784,XTLB
2021-06-09,3.65,3.7,3.58,3.64,3.64,4910,4900,-0.01,-0.27397,3.65,"June 09, 21",-0.0027397,XTLB
2021-06-08,3.5,3.65,3.47,3.63,3.63,38057,38100,0.13,3.71,3.56,"June 08, 21",0.0371,XTLB
2021-06-07,3.58,3.5806,3.39,3.5,3.5,25904,25900,-0.08,-2.23,3.51,"June 07, 21",-0.0223,XTLB
2021-06-04,3.35,3.53,3.35,3.45,3.45,3989,4000,0.1,2.99,3.4,"June 04, 21",0.0299,XTLB
2021-06-03,3.44,3.55,3.33,3.5242,3.52,20823,20800,0.0842,2.45,3.45,"June 03, 21",0.0245,XTLB
2021-06-02,3.55,3.55,3.55,3.55,3.55,698,700,0.0,0.0,3.53,"June 02, 21",0.0,XTLB
2021-06-01,3.539,3.54,3.5231,3.54,3.54,4718,4700,0.001,0.02825657,3.54,"June 01, 21",0.0002825657,XTLB
2021-05-28,3.34,3.62,3.34,3.5304,3.53,2393,2400,0.1904,5.7,3.55,"May 28, 21",0.057,XTLB
2021-05-27,3.4,3.4884,3.4,3.45,3.45,4649,4600,0.05,1.47,3.44,"May 27, 21",0.0147,XTLB
2021-05-26,3.53,3.57,3.5,3.56,3.56,2310,2300,0.03,0.84986,3.52,"May 26, 21",0.0084986,XTLB
2021-05-25,3.39,3.5666,3.35,3.4,3.4,3565,3600,0.01,0.29499,3.51,"May 25, 21",0.0029499,XTLB
2021-05-24,3.64,3.64,3.64,3.64,3.64,1788,1800,0.0,0.0,3.62,"May 24, 21",0.0,XTLB
2021-05-21,3.58,3.64,3.49,3.49,3.49,2212,2200,-0.09,-2.51,3.59,"May 21, 21",-0.0251,XTLB
2021-05-20,3.48,3.67,3.48,3.58,3.58,12420,12400,0.1,2.87,3.58,"May 20, 21",0.0287,XTLB
2021-05-19,3.37,3.68,3.37,3.53,3.53,23917,23800,0.16,4.75,3.55,"May 19, 21",0.0475,XTLB
2021-05-18,3.47,3.6,3.45,3.52,3.52,36455,36500,0.05,1.44,3.54,"May 18, 21",0.0144,XTLB
2021-05-17,3.36,3.37,3.25,3.25,3.25,3329,3300,-0.11,-3.27,3.42,"May 17, 21",-0.0327,XTLB
2021-05-14,3.1119,3.42,3.1119,3.38,3.38,6286,6300,0.2681,8.62,3.35,"May 14, 21",0.0862,XTLB
2021-05-13,3.26,3.37,3.26,3.33,3.33,11022,11000,0.07,2.15,3.33,"May 13, 21",0.0215,XTLB
2021-05-12,3.39,3.42,3.33,3.33,3.33,3858,3900,-0.06,-1.77,3.4,"May 12, 21",-0.0177,XTLB
2021-05-11,3.42,3.42,3.33,3.35,3.35,18212,18200,-0.07,-2.05,3.38,"May 11, 21",-0.0205,XTLB
2021-05-10,3.41,3.59,3.41,3.4399,3.44,8461,8500,0.0299,0.87683,3.46,"May 10, 21",0.0087683,XTLB
2021-05-07,3.6,3.6,3.4,3.4,3.4,4916,4900,-0.2,-5.56,3.47,"May 07, 21",-0.0556,XTLB
2021-05-06,3.54,3.54,3.32,3.43,3.43,6586,6600,-0.11,-3.11,3.43,"May 06, 21",-0.0311,XTLB
2021-05-05,3.47,3.59,3.37,3.45,3.45,4231,4200,-0.02,-0.57637,3.47,"May 05, 21",-0.0057637,XTLB
2021-05-04,3.51,3.54,3.48,3.53,3.53,6512,6500,0.02,0.5698,3.52,"May 04, 21",0.005698,XTLB
2021-05-03,3.66,3.66,3.51,3.51,3.51,4791,4800,-0.15,-4.1,3.58,"May 03, 21",-0.041,XTLB
2021-04-30,3.5996,3.7,3.48,3.685,3.69,38628,38600,0.0854,2.37,3.61,"April 30, 21",0.0237,XTLB
2021-04-29,3.77,3.81,3.45,3.56,3.56,19899,19900,-0.21,-5.57,3.68,"April 29, 21",-0.0557,XTLB
2021-04-28,3.5,3.72,3.49,3.72,3.72,99950,100000,0.22,6.29,3.61,"April 28, 21",0.0629,XTLB
2021-04-27,3.21,3.43,3.21,3.35,3.35,14325,14300,0.14,4.36,3.36,"April 27, 21",0.0436,XTLB
2021-04-26,3.17,3.3405,3.17,3.31,3.31,4419,4400,0.14,4.42,3.25,"April 26, 21",0.0442,XTLB
2021-04-23,3.14,3.28,3.14,3.21,3.21,3148,3100,0.07,2.23,3.22,"April 23, 21",0.0223,XTLB
2021-04-22,3.24,3.32,3.14,3.2349,3.23,13466,13500,-0.0051,-0.15741,3.25,"April 22, 21",-0.0015741,XTLB
2021-04-21,3.04,3.3,3.04,3.3,3.3,24496,24500,0.26,8.55,3.17,"April 21, 21",0.0855,XTLB
2021-04-20,3.15,3.16,2.95,3.0,3.0,24025,24000,-0.15,-4.76,3.03,"April 20, 21",-0.0476,XTLB
2021-04-19,3.16,3.18,3.0701,3.1,3.1,34570,34600,-0.06,-1.9,3.12,"April 19, 21",-0.019,XTLB
2021-04-16,3.23,3.23,3.07,3.165,3.17,4871,4900,-0.065,-2.01,3.14,"April 16, 21",-0.0201,XTLB
2021-04-15,3.22,3.3247,3.085,3.1,3.1,26276,26300,-0.12,-3.73,3.17,"April 15, 21",-0.0373,XTLB
2021-04-14,3.23,3.325,3.21,3.24,3.24,3119,2900,0.01,0.3096,3.25,"April 14, 21",0.003096,XTLB
2021-04-13,3.39,3.39,3.22,3.29,3.29,4403,4400,-0.1,-2.95,3.27,"April 13, 21",-0.0295,XTLB
2021-04-12,3.32,3.37,3.26,3.28,3.28,8173,8200,-0.04,-1.2,3.31,"April 12, 21",-0.012,XTLB
2021-04-09,3.28,3.3807,3.21,3.28,3.28,8673,8700,0.0,0.0,3.3,"April 09, 21",0.0,XTLB
2021-04-08,3.32,3.4162,3.31,3.3572,3.36,11620,11600,0.0372,1.12,3.35,"April 08, 21",0.0112,XTLB
2021-04-07,3.45,3.54,3.29,3.33,3.33,22093,22100,-0.12,-3.48,3.4,"April 07, 21",-0.0348,XTLB
2021-04-06,3.48,3.5126,3.39,3.4213,3.42,20014,19800,-0.0587,-1.69,3.48,"April 06, 21",-0.0169,XTLB
2021-04-05,3.45,3.59,3.42,3.59,3.59,48192,48200,0.14,4.06,3.51,"April 05, 21",0.0406,XTLB
2021-04-01,3.42,3.56,3.3309,3.41,3.41,34173,34000,-0.01,-0.2924,3.42,"April 01, 21",-0.002924,XTLB
2021-03-31,3.25,3.43,3.25,3.33,3.33,21494,21500,0.08,2.46,3.33,"March 31, 21",0.0246,XTLB
2021-03-30,3.29,3.44,3.19,3.29,3.29,25210,25200,0.0,0.0,3.27,"March 30, 21",0.0,XTLB
2021-03-29,3.4,3.7,3.25,3.34,3.34,51093,51000,-0.06,-1.76,3.42,"March 29, 21",-0.0176,XTLB
2021-03-26,3.5,3.5,3.34,3.41,3.41,24018,24000,-0.09,-2.57,3.41,"March 26, 21",-0.0257,XTLB
2021-03-25,3.44,3.52,3.33,3.4,3.4,31000,31000,-0.04,-1.16,3.45,"March 25, 21",-0.0116,XTLB
2021-03-24,3.65,3.7,3.38,3.52,3.52,48632,48600,-0.13,-3.56,3.51,"March 24, 21",-0.0356,XTLB
2021-03-23,3.4835,3.76,3.4835,3.605,3.61,39779,39700,0.1215,3.49,3.65,"March 23, 21",0.0349,XTLB
2021-03-22,3.52,3.7982,3.52,3.61,3.61,105195,105200,0.09,2.56,3.63,"March 22, 21",0.0256,XTLB
2021-03-19,3.27,3.47,3.27,3.39,3.39,41483,41500,0.12,3.67,3.38,"March 19, 21",0.0367,XTLB
2021-03-18,3.29,3.36,3.255,3.32,3.32,20623,20600,0.03,0.91185,3.31,"March 18, 21",0.0091185,XTLB
2021-03-17,3.3358,3.45,3.29,3.37,3.37,14279,14300,0.0342,1.03,3.35,"March 17, 21",0.0103,XTLB
2021-03-16,3.36,3.4685,3.25,3.306,3.31,34551,34500,-0.054,-1.61,3.35,"March 16, 21",-0.0161,XTLB
2021-03-15,3.49,3.49,3.24,3.35,3.35,51513,51500,-0.14,-4.01,3.33,"March 15, 21",-0.0401,XTLB
2021-03-12,3.59,3.59,3.3495,3.39,3.39,60126,60000,-0.2,-5.57,3.5,"March 12, 21",-0.0557,XTLB
2021-03-11,3.46,3.6,3.33,3.57,3.57,60855,60900,0.11,3.18,3.54,"March 11, 21",0.0318,XTLB
2021-03-10,3.39,3.55,3.31,3.45,3.45,125459,125200,0.06,1.77,3.41,"March 10, 21",0.0177,XTLB
2021-03-09,3.18,3.5,3.18,3.31,3.31,115229,115200,0.13,4.09,3.33,"March 09, 21",0.0409,XTLB
2021-03-08,3.38,3.81,3.15,3.18,3.18,628876,628900,-0.2,-5.92,3.43,"March 08, 21",-0.0592,XTLB
2021-03-05,4.82,6.11,3.095,3.75,3.75,15069448,15069400,-1.07,-22.2,5.12,"March 05, 21",-0.222,XTLB
2021-03-04,3.3,3.3,2.71,2.89,2.89,23044,23000,-0.41,-12.42,2.93,"March 04, 21",-0.1242,XTLB
2021-03-03,3.21,3.43,3.19,3.39,3.39,6149,6100,0.18,5.61,3.34,"March 03, 21",0.0561,XTLB
2021-03-02,3.39,3.39,3.2181,3.2181,3.22,3277,3300,-0.1719,-5.07,3.33,"March 02, 21",-0.0507,XTLB
2021-03-01,3.22,3.23,3.14,3.22,3.22,4751,4800,0.0,0.0,3.19,"March 01, 21",0.0,XTLB
2021-02-26,3.3,3.34,3.1,3.22,3.22,7409,7400,-0.08,-2.42,3.21,"February 26, 21",-0.0242,XTLB
2021-02-25,3.29,3.3,3.04,3.04,3.04,16558,16600,-0.25,-7.6,3.19,"February 25, 21",-0.076,XTLB
2021-02-24,3.21,3.3539,3.2,3.3157,3.32,6453,6500,0.1057,3.29,3.25,"February 24, 21",0.0329,XTLB
2021-02-23,3.25,3.2786,2.8001,3.16,3.16,52026,52000,-0.09,-2.77,3.07,"February 23, 21",-0.0277,XTLB
2021-02-22,3.4,3.5899,3.4,3.4,3.4,12797,12800,0.0,0.0,3.48,"February 22, 21",0.0,XTLB
2021-02-19,3.7,3.801,3.63,3.8,3.8,13865,13900,0.1,2.7,3.72,"February 19, 21",0.027,XTLB
2021-02-18,3.75,3.75,3.53,3.5403,3.54,1966,2000,-0.2097,-5.59,3.6,"February 18, 21",-0.0559,XTLB
2021-02-17,3.83,3.85,3.66,3.75,3.75,14361,14400,-0.08,-2.09,3.74,"February 17, 21",-0.0209,XTLB
2021-02-16,3.7,3.9,3.68,3.79,3.79,13211,13200,0.09,2.43,3.79,"February 16, 21",0.0243,XTLB
2021-02-12,3.75,3.75,3.43,3.56,3.56,20128,20100,-0.19,-5.07,3.55,"February 12, 21",-0.0507,XTLB
2021-02-11,3.79,3.9899,3.7,3.78,3.78,14865,14900,-0.01,-0.26385,3.85,"February 11, 21",-0.0026385,XTLB
2021-02-10,3.78,3.7998,3.71,3.71,3.71,16751,16700,-0.07,-1.85,3.77,"February 10, 21",-0.0185,XTLB
2021-02-09,3.74,4.05,3.74,3.81,3.81,120302,120300,0.07,1.87,3.91,"February 09, 21",0.0187,XTLB
2021-02-08,3.0,3.8,3.0,3.71,3.71,101928,101900,0.71,23.67,3.5,"February 08, 21",0.2367,XTLB
2021-02-05,3.02,3.12,3.02,3.05,3.05,12314,12300,0.03,0.99338,3.1,"February 05, 21",0.0099338,XTLB
2021-02-04,3.0,3.13,2.9,3.11,3.11,22503,22500,0.11,3.67,3.03,"February 04, 21",0.0367,XTLB
2021-02-03,3.04,3.04,2.83,2.99,2.99,20280,20300,-0.05,-1.64,2.98,"February 03, 21",-0.0164,XTLB
2021-02-02,3.16,3.16,2.98,3.085,3.09,16907,16900,-0.075,-2.37,3.1,"February 02, 21",-0.0237,XTLB
2021-02-01,3.23,3.275,3.145,3.22,3.22,23942,23900,-0.01,-0.3096,3.21,"February 01, 21",-0.003096,XTLB
2021-01-29,3.0683,3.2,3.02,3.11,3.11,26433,26400,0.0417,1.36,3.12,"January 29, 21",0.0136,XTLB
2021-01-28,3.31,3.32,3.05,3.22,3.22,26420,26400,-0.09,-2.72,3.21,"January 28, 21",-0.0272,XTLB
2021-01-27,3.43,3.52,3.216,3.4516,3.45,24591,24600,0.0216,0.62974,3.31,"January 27, 21",0.0062974,XTLB
2021-01-26,3.7,3.765,3.62,3.65,3.65,16995,17000,-0.05,-1.35,3.71,"January 26, 21",-0.0135,XTLB
2021-01-25,3.5,3.64,3.4211,3.64,3.64,12509,12500,0.14,4.0,3.55,"January 25, 21",0.04,XTLB
2021-01-22,3.4,3.5727,3.34,3.4845,3.48,22967,23000,0.0845,2.49,3.48,"January 22, 21",0.0249,XTLB
2021-01-21,3.57,3.57,3.36,3.49,3.49,21781,21800,-0.08,-2.24,3.44,"January 21, 21",-0.0224,XTLB
2021-01-20,3.58,3.838,3.34,3.7,3.7,37812,37800,0.12,3.35,3.56,"January 20, 21",0.0335,XTLB
2021-01-19,3.8,3.83,3.57,3.67,3.67,29331,29300,-0.13,-3.42,3.69,"January 19, 21",-0.0342,XTLB
2021-01-15,3.8,3.98,3.8,3.83,3.83,14676,14700,0.03,0.78947,3.87,"January 15, 21",0.0078947,XTLB
2021-01-14,4.01,4.1583,3.84,3.95,3.95,33772,33800,-0.06,-1.5,3.96,"January 14, 21",-0.015,XTLB
2021-01-13,3.9,4.17,3.88,4.15,4.15,49098,49000,0.25,6.41,4.07,"January 13, 21",0.0641,XTLB
2021-01-12,3.58,3.8599,3.34,3.64,3.64,37307,37300,0.06,1.68,3.63,"January 12, 21",0.0168,XTLB
2021-01-11,3.54,3.54,3.325,3.46,3.46,10003,10000,-0.08,-2.26,3.39,"January 11, 21",-0.0226,XTLB
2021-01-08,3.43,3.6,3.3,3.51,3.51,16618,16600,0.08,2.33,3.48,"January 08, 21",0.0233,XTLB
2021-01-07,3.34,3.48,3.23,3.41,3.41,32522,32500,0.07,2.1,3.37,"January 07, 21",0.021,XTLB
2021-01-06,3.42,3.42,3.22,3.24,3.24,50512,50500,-0.18,-5.26,3.31,"January 06, 21",-0.0526,XTLB
2021-01-05,3.45,3.52,3.3601,3.4046,3.4,23439,23400,-0.0454,-1.32,3.43,"January 05, 21",-0.0132,XTLB
2021-01-04,3.02,3.7999,3.02,3.5,3.5,89698,89700,0.48,15.89,3.35,"January 04, 21",0.1589,XTLB
2020-12-31,3.1,3.2,2.9,3.03,3.03,29842,29800,-0.07,-2.26,2.98,"December 31, 20",-0.0226,XTLB
2020-12-30,3.36,3.4,3.06,3.165,3.17,61479,61500,-0.195,-5.8,3.26,"December 30, 20",-0.058,XTLB
2020-12-29,3.0,3.1,2.99,3.09,3.09,26530,26500,0.09,3.0,3.07,"December 29, 20",0.03,XTLB
2020-12-28,2.95,3.04,2.9201,2.94,2.94,71804,71800,-0.01,-0.33898,2.95,"December 28, 20",-0.0033898,XTLB
2020-12-24,2.89,2.89,2.75,2.75,2.75,10174,10200,-0.14,-4.84,2.92,"December 24, 20",-0.0484,XTLB
2020-12-23,2.76,2.84,2.735,2.8,2.8,12054,12100,0.04,1.45,2.78,"December 23, 20",0.0145,XTLB
2020-12-22,2.78,2.78,2.61,2.66,2.66,38156,38100,-0.12,-4.32,2.67,"December 22, 20",-0.0432,XTLB
2020-12-21,2.76,2.83,2.72,2.83,2.83,20827,20700,0.07,2.54,2.76,"December 21, 20",0.0254,XTLB
2020-12-18,2.89,2.95,2.88,2.88,2.88,9924,9900,-0.01,-0.34602,2.92,"December 18, 20",-0.0034602,XTLB
2020-12-17,3.0,3.0,2.7831,2.86,2.86,50822,50700,-0.14,-4.67,2.88,"December 17, 20",-0.0467,XTLB
2020-12-16,2.9,2.9,2.7151,2.79,2.79,18305,18300,-0.11,-3.79,2.79,"December 16, 20",-0.0379,XTLB
2020-12-15,2.85,2.8599,2.5162,2.74,2.74,56971,54800,-0.11,-3.86,2.73,"December 15, 20",-0.0386,XTLB
2020-12-14,2.54,2.8899,2.51,2.63,2.63,139867,139900,0.09,3.54,2.72,"December 14, 20",0.0354,XTLB
2020-12-11,2.45,2.51,2.38,2.39,2.39,7244,7200,-0.06,-2.45,2.43,"December 11, 20",-0.0245,XTLB
2020-12-10,2.44,2.615,2.3768,2.46,2.46,21138,21100,0.02,0.81967,2.48,"December 10, 20",0.0081967,XTLB
2020-12-09,2.367,2.42,2.315,2.4,2.4,55413,55400,0.033,1.39,2.37,"December 09, 20",0.0139,XTLB
2020-12-08,2.35,2.4099,2.27,2.39,2.39,19481,19400,0.04,1.7,2.36,"December 08, 20",0.017,XTLB
2020-12-07,2.41,2.41,2.4,2.4,2.4,1909,1900,-0.01,-0.41494,2.41,"December 07, 20",-0.0041494,XTLB
2020-12-04,2.44,2.44,2.39,2.4095,2.41,6622,6600,-0.0305,-1.25,2.41,"December 04, 20",-0.0125,XTLB
2020-12-03,2.28,2.4253,2.28,2.42,2.42,6070,6100,0.14,6.14,2.35,"December 03, 20",0.0614,XTLB
2020-12-02,2.3501,2.45,2.33,2.4,2.4,17195,17200,0.0499,2.12,2.39,"December 02, 20",0.0212,XTLB
2020-12-01,2.54,2.54,2.4,2.42,2.42,19693,19700,-0.12,-4.72,2.46,"December 01, 20",-0.0472,XTLB
2020-11-30,2.48,2.54,2.38,2.46,2.46,38181,38200,-0.02,-0.80645,2.49,"November 30, 20",-0.0080645,XTLB
2020-11-27,2.49,2.5094,2.42,2.5094,2.51,7311,7300,0.0194,0.77912,2.46,"November 27, 20",0.0077912,XTLB
2020-11-25,2.45,2.49,2.35,2.49,2.49,16657,16700,0.04,1.63,2.4,"November 25, 20",0.0163,XTLB
2020-11-24,2.4,2.44,2.33,2.4,2.4,10638,10600,0.0,0.0,2.39,"November 24, 20",0.0,XTLB
2020-11-23,2.49,2.49,2.33,2.44,2.44,13948,13900,-0.05,-2.01,2.42,"November 23, 20",-0.0201,XTLB
2020-11-20,2.4997,2.4997,2.34,2.41,2.41,7286,6300,-0.0897,-3.59,2.46,"November 20, 20",-0.0359,XTLB
2020-11-19,2.345,2.4,2.3,2.4,2.4,15901,15900,0.055,2.35,2.31,"November 19, 20",0.0235,XTLB
2020-11-18,2.39,2.4,2.29,2.29,2.29,6319,6300,-0.1,-4.18,2.36,"November 18, 20",-0.0418,XTLB
2020-11-17,2.27,2.37,2.24,2.3,2.3,16358,16400,0.03,1.32,2.28,"November 17, 20",0.0132,XTLB
2020-11-16,2.21,2.42,2.21,2.385,2.38,20758,20800,0.175,7.92,2.38,"November 16, 20",0.0792,XTLB
2020-11-13,2.3,2.4,2.3,2.3,2.3,12078,12100,0.0,0.0,2.31,"November 13, 20",0.0,XTLB
2020-11-12,2.37,2.4,2.2001,2.2883,2.29,3985,4000,-0.0817,-3.45,2.3,"November 12, 20",-0.0345,XTLB
2020-11-11,2.2815,2.4,2.2802,2.38,2.38,11683,11700,0.0985,4.32,2.35,"November 11, 20",0.0432,XTLB
2020-11-10,2.2033,2.4,2.15,2.355,2.36,18613,18600,0.1517,6.89,2.31,"November 10, 20",0.0689,XTLB
2020-11-09,2.3,2.43,2.29,2.3,2.3,13225,13200,0.0,0.0,2.35,"November 09, 20",0.0,XTLB
2020-11-06,2.29,2.295,2.24,2.28,2.28,8448,8200,-0.01,-0.43668,2.28,"November 06, 20",-0.0043668,XTLB
2020-11-05,2.32,2.47,2.25,2.29,2.29,8352,8400,-0.03,-1.29,2.31,"November 05, 20",-0.0129,XTLB
2020-11-04,2.16,2.3626,2.1,2.2,2.2,22851,22900,0.04,1.85,2.26,"November 04, 20",0.0185,XTLB
2020-11-03,2.31,2.31,2.095,2.14,2.14,13768,13800,-0.17,-7.36,2.24,"November 03, 20",-0.0736,XTLB
2020-11-02,2.2874,2.3,2.1478,2.17,2.17,10775,10800,-0.1174,-5.13,2.21,"November 02, 20",-0.0513,XTLB
2020-10-30,2.2,2.65,2.1,2.14,2.14,93934,93900,-0.06,-2.73,2.38,"October 30, 20",-0.0273,XTLB
2020-10-29,2.06,2.7,2.04,2.2,2.2,141652,141700,0.14,6.8,2.33,"October 29, 20",0.068,XTLB
2020-10-28,2.085,2.1396,2.0001,2.06,2.06,8182,8200,-0.025,-1.2,2.07,"October 28, 20",-0.012,XTLB
2020-10-27,2.22,2.25,2.0701,2.12,2.12,6114,6100,-0.1,-4.5,2.15,"October 27, 20",-0.045,XTLB
2020-10-26,2.18,2.25,2.005,2.22,2.22,36642,36600,0.04,1.83,2.14,"October 26, 20",0.0183,XTLB
2020-10-23,2.2,2.37,2.15,2.37,2.37,1958,2000,0.17,7.73,2.18,"October 23, 20",0.0773,XTLB
2020-10-22,2.2,2.3,2.15,2.2899,2.29,12272,12300,0.0899,4.09,2.18,"October 22, 20",0.0409,XTLB
2020-10-21,2.49,2.49,2.15,2.3499,2.35,10148,10100,-0.1401,-5.63,2.32,"October 21, 20",-0.0563,XTLB
2020-10-20,2.13,2.49,2.1,2.38,2.38,64602,64600,0.25,11.74,2.32,"October 20, 20",0.1174,XTLB
2020-10-19,2.04,2.18,1.93,2.03,2.03,8993,9000,-0.01,-0.4902,2.12,"October 19, 20",-0.004902,XTLB
2020-10-16,1.9451,1.9451,1.9451,1.9451,1.95,633,600,0.0,0.0,1.98,"October 16, 20",0.0,XTLB
2020-10-15,2.18,2.18,2.0,2.0,2.0,1799,1800,-0.18,-8.26,2.06,"October 15, 20",-0.0826,XTLB
2020-10-14,2.18,2.18,2.18,2.18,2.18,204,200,0.0,0.0,2.18,"October 14, 20",0.0,XTLB
2020-10-13,2.1,2.15,2.05,2.07,2.07,1755,1800,-0.03,-1.43,2.07,"October 13, 20",-0.0143,XTLB
2020-10-12,2.185,2.2999,1.87,2.0,2.0,15968,16000,-0.185,-8.47,2.09,"October 12, 20",-0.0847,XTLB
2020-10-09,2.0,2.269,1.955,2.15,2.15,21073,21100,0.15,7.5,2.03,"October 09, 20",0.075,XTLB
2020-10-08,2.06,2.1,2.06,2.06,2.06,3717,3700,0.0,0.0,2.09,"October 08, 20",0.0,XTLB
2020-10-07,1.9901,2.04,1.99,2.0,2.0,1763,1800,0.0099,0.49746,2.03,"October 07, 20",0.0049746,XTLB
2020-10-06,1.93,1.97,1.9239,1.97,1.97,7377,7400,0.04,2.07,1.95,"October 06, 20",0.0207,XTLB
2020-10-05,1.88,2.025,1.8602,1.95,1.95,5590,5600,0.07,3.72,1.92,"October 05, 20",0.0372,XTLB
2020-10-02,1.88,1.88,1.81,1.83,1.83,7145,7100,-0.05,-2.66,1.82,"October 02, 20",-0.0266,XTLB
2020-10-01,1.855,1.855,1.8,1.85,1.85,5733,5700,-0.005,-0.26954,1.82,"October 01, 20",-0.0026954,XTLB
2020-09-30,1.8999,1.8999,1.8999,1.8999,1.9,972,1000,0.0,0.0,1.9,"September 30, 20",0.0,XTLB
2020-09-29,1.89,1.8998,1.89,1.89,1.89,2380,2400,0.0,0.0,1.89,"September 29, 20",0.0,XTLB
2020-09-28,1.7812,1.88,1.7812,1.85,1.85,1642,1600,0.0688,3.86,1.84,"September 28, 20",0.0386,XTLB
2020-09-25,1.81,1.9,1.7312,1.86,1.86,3938,3900,0.05,2.76,1.81,"September 25, 20",0.0276,XTLB
2020-09-24,1.91,1.91,1.8601,1.8601,1.86,2337,2300,-0.0499,-2.61,1.89,"September 24, 20",-0.0261,XTLB
2020-09-23,2.08,2.0982,1.95,1.99,1.99,2075,2100,-0.09,-4.33,2.03,"September 23, 20",-0.0433,XTLB
2020-09-22,2.07,2.125,2.02,2.11,2.11,2009,2000,0.04,1.93,2.08,"September 22, 20",0.0193,XTLB
2020-09-21,2.05,2.09,1.77,2.07,2.07,20295,20300,0.02,0.97561,2.0,"September 21, 20",0.0097561,XTLB
2020-09-18,2.06,2.12,2.05,2.07,2.07,9125,9100,0.01,0.48544,2.07,"September 18, 20",0.0048544,XTLB
2020-09-17,2.06,2.14,2.05,2.1108,2.11,10924,10900,0.0508,2.47,2.06,"September 17, 20",0.0247,XTLB
2020-09-16,2.1,2.18,2.1,2.1443,2.14,2430,2400,0.0443,2.11,2.13,"September 16, 20",0.0211,XTLB
2020-09-15,2.27,2.27,2.17,2.17,2.17,1795,1800,-0.1,-4.41,2.19,"September 15, 20",-0.0441,XTLB
2020-09-14,2.05,2.17,2.05,2.145,2.15,9328,9300,0.095,4.63,2.1,"September 14, 20",0.0463,XTLB
2020-09-11,2.02,2.18,2.02,2.08,2.08,9288,9300,0.06,2.97,2.07,"September 11, 20",0.0297,XTLB
2020-09-10,2.05,2.18,2.02,2.07,2.07,41827,41800,0.02,0.97561,2.08,"September 10, 20",0.0097561,XTLB
2020-09-09,2.2382,2.35,2.07,2.21,2.21,139193,139200,-0.0282,-1.26,2.23,"September 09, 20",-0.0126,XTLB
2020-09-08,1.83,2.2199,1.82,1.9399,1.94,114430,114300,0.1099,6.01,1.95,"September 08, 20",0.0601,XTLB
2020-09-04,1.71,1.75,1.7,1.75,1.75,57823,57800,0.04,2.34,1.71,"September 04, 20",0.0234,XTLB
2020-09-03,1.75,1.75,1.74,1.74,1.74,6363,6400,-0.01,-0.57143,1.75,"September 03, 20",-0.0057143,XTLB
2020-09-02,1.829,1.83,1.7735,1.81,1.81,4910,4900,-0.019,-1.04,1.82,"September 02, 20",-0.0104,XTLB
2020-09-01,1.71,1.83,1.71,1.83,1.83,9488,9500,0.12,7.02,1.78,"September 01, 20",0.0702,XTLB
2020-08-31,1.7,1.7,1.67,1.7,1.7,15986,16000,0.0,0.0,1.7,"August 31, 20",0.0,XTLB
2020-08-28,1.6,1.7,1.6,1.7,1.7,306,300,0.1,6.25,1.67,"August 28, 20",0.0625,XTLB
2020-08-27,1.7,1.7,1.61,1.61,1.61,3927,3900,-0.09,-5.29,1.69,"August 27, 20",-0.0529,XTLB
2020-08-26,1.67,1.7,1.66,1.69,1.69,6746,6700,0.02,1.2,1.67,"August 26, 20",0.012,XTLB
2020-08-25,1.7,1.7,1.61,1.61,1.61,7180,7200,-0.09,-5.29,1.68,"August 25, 20",-0.0529,XTLB
2020-08-24,1.75,1.78,1.65,1.7,1.7,13955,14000,-0.05,-2.86,1.72,"August 24, 20",-0.0286,XTLB
2020-08-21,1.68,1.77,1.68,1.75,1.75,1727,1700,0.07,4.17,1.7,"August 21, 20",0.0417,XTLB
2020-08-20,1.7,1.77,1.66,1.66,1.66,1566,1600,-0.04,-2.35,1.72,"August 20, 20",-0.0235,XTLB
2020-08-19,1.75,1.75,1.7,1.7,1.7,11157,11200,-0.05,-2.86,1.73,"August 19, 20",-0.0286,XTLB
2020-08-18,1.77,1.86,1.75,1.83,1.83,19295,19300,0.06,3.39,1.82,"August 18, 20",0.0339,XTLB
2020-08-17,1.72,1.72,1.63,1.7,1.7,3804,3800,-0.02,-1.16,1.66,"August 17, 20",-0.0116,XTLB
2020-08-14,1.7996,1.81,1.69,1.71,1.71,14673,14700,-0.0896,-4.98,1.73,"August 14, 20",-0.0498,XTLB
2020-08-13,1.8999,1.8999,1.72,1.81,1.81,17036,17000,-0.0899,-4.73,1.77,"August 13, 20",-0.0473,XTLB
2020-08-12,1.75,1.9,1.69,1.8999,1.9,48864,48900,0.1499,8.57,1.76,"August 12, 20",0.0857,XTLB
2020-08-11,1.7377,1.7377,1.6701,1.6796,1.68,4394,4400,-0.0581,-3.34,1.7,"August 11, 20",-0.0334,XTLB
2020-08-10,1.7,1.75,1.6701,1.71,1.71,4432,4400,0.01,0.58824,1.7,"August 10, 20",0.0058824,XTLB
2020-08-07,1.75,1.75,1.695,1.7,1.7,4797,4800,-0.05,-2.86,1.72,"August 07, 20",-0.0286,XTLB
2020-08-06,1.6701,1.7499,1.6701,1.72,1.72,3116,3100,0.0499,2.99,1.7,"August 06, 20",0.0299,XTLB
2020-08-05,1.65,1.71,1.65,1.71,1.71,2033,2000,0.06,3.64,1.65,"August 05, 20",0.0364,XTLB
2020-08-04,1.7,1.7,1.62,1.63,1.63,10670,10700,-0.07,-4.12,1.66,"August 04, 20",-0.0412,XTLB
2020-08-03,1.615,1.67,1.61,1.61,1.61,8390,8400,-0.005,-0.3096,1.63,"August 03, 20",-0.003096,XTLB
2020-07-31,1.55,1.69,1.4401,1.575,1.58,14346,14300,0.025,1.61,1.51,"July 31, 20",0.0161,XTLB
2020-07-30,1.63,1.63,1.55,1.58,1.58,2190,2200,-0.05,-3.07,1.56,"July 30, 20",-0.0307,XTLB
2020-07-29,1.75,1.75,1.57,1.63,1.63,25361,25400,-0.12,-6.86,1.64,"July 29, 20",-0.0686,XTLB
2020-07-28,1.65,2.0998,1.65,1.81,1.81,206444,206400,0.16,9.7,1.88,"July 28, 20",0.097,XTLB
2020-07-27,1.505,1.56,1.47,1.56,1.56,7222,7200,0.055,3.65,1.48,"July 27, 20",0.0365,XTLB
2020-07-24,1.45,1.45,1.45,1.45,1.45,384,400,0.0,0.0,1.45,"July 24, 20",0.0,XTLB
2020-07-23,1.5,1.52,1.4757,1.4999,1.5,9933,9900,-0.0001,-0.00666667,1.49,"July 23, 20",-6.66667e-05,XTLB
2020-07-22,1.48,1.5,1.45,1.5,1.5,31550,31600,0.02,1.35,1.49,"July 22, 20",0.0135,XTLB
2020-07-21,1.47,1.48,1.42,1.42,1.42,3133,3100,-0.05,-3.4,1.48,"July 21, 20",-0.034,XTLB
2020-07-20,1.48,1.48,1.455,1.47,1.47,2893,2900,-0.01,-0.67568,1.48,"July 20, 20",-0.0067568,XTLB
2020-07-17,1.445,1.49,1.445,1.49,1.49,618,500,0.045,3.11,1.48,"July 17, 20",0.0311,XTLB
2020-07-16,1.5,1.5,1.41,1.4236,1.42,6950,6900,-0.0764,-5.09,1.44,"July 16, 20",-0.0509,XTLB
2020-07-15,1.53,1.53,1.5,1.5029,1.5,6579,6600,-0.0271,-1.77,1.53,"July 15, 20",-0.0177,XTLB
2020-07-14,1.47,1.53,1.43,1.5281,1.53,4271,4300,0.0581,3.95,1.48,"July 14, 20",0.0395,XTLB
2020-07-13,1.44,1.49,1.38,1.49,1.49,19986,20000,0.05,3.47,1.45,"July 13, 20",0.0347,XTLB
2020-07-10,1.455,1.48,1.4001,1.48,1.48,5581,5600,0.025,1.72,1.43,"July 10, 20",0.0172,XTLB
2020-07-09,1.45,1.54,1.37,1.37,1.37,7200,7200,-0.08,-5.52,1.42,"July 09, 20",-0.0552,XTLB
2020-07-08,1.49,1.52,1.42,1.47,1.47,16327,16300,-0.02,-1.34,1.47,"July 08, 20",-0.0134,XTLB
2020-07-07,1.58,1.58,1.5152,1.52,1.52,2588,2600,-0.06,-3.8,1.53,"July 07, 20",-0.038,XTLB
2020-07-06,1.55,1.59,1.4942,1.59,1.59,6566,6600,0.04,2.58,1.55,"July 06, 20",0.0258,XTLB
2020-07-02,1.6,1.6,1.52,1.5923,1.59,12974,13000,-0.0077,-0.48125,1.59,"July 02, 20",-0.0048125,XTLB
2020-07-01,1.545,1.59,1.42,1.59,1.59,6434,6400,0.045,2.91,1.52,"July 01, 20",0.0291,XTLB
2020-06-30,1.59,1.59,1.5,1.59,1.59,31482,31500,0.0,0.0,1.58,"June 30, 20",0.0,XTLB
2020-06-29,1.51,1.6,1.49,1.55,1.55,44936,44900,0.04,2.65,1.53,"June 29, 20",0.0265,XTLB
2020-06-26,1.44,1.46,1.3,1.46,1.46,20099,20100,0.02,1.39,1.39,"June 26, 20",0.0139,XTLB
2020-06-25,1.35,1.44,1.29,1.41,1.41,25057,25100,0.06,4.44,1.37,"June 25, 20",0.0444,XTLB
2020-06-24,1.58,1.58,1.23,1.3,1.3,71515,71500,-0.28,-17.72,1.33,"June 24, 20",-0.1772,XTLB
2020-06-23,1.6,1.6,1.41,1.59,1.59,40589,40600,-0.01,-0.625,1.5,"June 23, 20",-0.00625,XTLB
2020-06-22,1.5,1.75,1.5,1.6199,1.62,232001,232000,0.1199,7.99,1.59,"June 22, 20",0.0799,XTLB
2020-06-19,1.47,1.5099,1.32,1.5,1.5,12181,12200,0.03,2.04,1.4,"June 19, 20",0.0204,XTLB
2020-06-18,1.4201,1.54,1.35,1.47,1.47,11350,11300,0.0499,3.51,1.44,"June 18, 20",0.0351,XTLB
2020-06-17,1.56,1.56,1.35,1.49,1.49,25991,26000,-0.07,-4.49,1.45,"June 17, 20",-0.0449,XTLB
2020-06-16,1.65,1.73,1.395,1.65,1.65,176084,176100,0.0,0.0,1.62,"June 16, 20",0.0,XTLB
2020-06-15,1.37,2.09,1.3699,1.63,1.63,248146,248000,0.26,18.98,1.69,"June 15, 20",0.1898,XTLB
2020-06-12,1.375,1.375,1.375,1.375,1.38,193,200,0.0,0.0,1.35,"June 12, 20",0.0,XTLB
2020-06-11,1.38,1.38,1.34,1.34,1.34,2045,2000,-0.04,-2.9,1.36,"June 11, 20",-0.029,XTLB
2020-06-10,1.45,1.45,1.26,1.38,1.38,2483,2500,-0.07,-4.83,1.35,"June 10, 20",-0.0483,XTLB
2020-06-09,1.36,1.45,1.335,1.335,1.34,2989,3000,-0.025,-1.84,1.4,"June 09, 20",-0.0184,XTLB
2020-06-08,1.45,1.45,1.27,1.36,1.36,2188,2200,-0.09,-6.21,1.36,"June 08, 20",-0.0621,XTLB
2020-06-05,1.25,1.25,1.25,1.25,1.25,0,0,0.0,0.0,1.25,"June 05, 20",0.0,XTLB
2020-06-04,1.25,1.25,1.25,1.25,1.25,0,0,0.0,0.0,1.25,"June 04, 20",0.0,XTLB
2020-06-03,1.25,1.25,1.25,1.25,1.25,172,200,0.0,0.0,1.25,"June 03, 20",0.0,XTLB
2020-06-02,1.3563,1.3563,1.25,1.25,1.25,412,400,-0.1063,-7.84,1.33,"June 02, 20",-0.0784,XTLB
2020-06-01,1.31,1.31,1.31,1.31,1.31,305,300,0.0,0.0,1.31,"June 01, 20",0.0,XTLB
2020-05-29,1.35,1.45,1.34,1.34,1.34,4443,4400,-0.01,-0.74074,1.42,"May 29, 20",-0.0074074,XTLB
2020-05-28,1.3725,1.3725,1.3725,1.3725,1.37,1163,1200,0.0,0.0,1.38,"May 28, 20",0.0,XTLB
2020-05-27,1.39,1.45,1.23,1.45,1.45,2861,2900,0.06,4.32,1.27,"May 27, 20",0.0432,XTLB
2020-05-26,1.44,1.4419,1.172,1.31,1.31,11493,11500,-0.13,-9.03,1.37,"May 26, 20",-0.0903,XTLB
2020-05-22,1.12,1.12,1.12,1.12,1.12,0,0,0.0,0.0,1.12,"May 22, 20",0.0,XTLB
2020-05-21,1.12,1.12,1.12,1.12,1.12,177,200,0.0,0.0,1.17,"May 21, 20",0.0,XTLB
2020-05-20,1.27,1.31,1.27,1.31,1.31,1726,1700,0.04,3.15,1.28,"May 20, 20",0.0315,XTLB
2020-05-19,1.18,1.45,1.18,1.4,1.4,14775,14800,0.22,18.64,1.43,"May 19, 20",0.1864,XTLB
2020-05-18,1.375,1.39,1.36,1.39,1.39,480,500,0.015,1.09,1.37,"May 18, 20",0.0109,XTLB
2020-05-15,1.39,1.39,1.39,1.39,1.39,0,0,0.0,0.0,1.39,"May 15, 20",0.0,XTLB
2020-05-14,1.37,1.3967,1.27,1.39,1.39,1676,1700,0.02,1.46,1.36,"May 14, 20",0.0146,XTLB
2020-05-13,1.3001,1.3001,1.3001,1.3001,1.3,356,400,0.0,0.0,1.3,"May 13, 20",0.0,XTLB
2020-05-12,1.34,1.45,1.3,1.45,1.45,4477,4500,0.11,8.21,1.44,"May 12, 20",0.0821,XTLB
2020-05-11,1.44,1.44,1.44,1.44,1.44,0,0,0.0,0.0,1.44,"May 11, 20",0.0,XTLB
2020-05-08,1.44,1.44,1.44,1.44,1.44,0,0,0.0,0.0,1.44,"May 08, 20",0.0,XTLB
2020-05-07,1.44,1.44,1.44,1.44,1.44,0,0,0.0,0.0,1.44,"May 07, 20",0.0,XTLB
2020-05-06,1.44,1.44,1.44,1.44,1.44,566,600,0.0,0.0,1.44,"May 06, 20",0.0,XTLB
2020-05-05,1.42,1.45,1.2972,1.44,1.44,13428,13400,0.02,1.41,1.41,"May 05, 20",0.0141,XTLB
2020-05-04,1.16,1.23,1.16,1.23,1.23,1576,1600,0.07,6.03,1.21,"May 04, 20",0.0603,XTLB
2020-05-01,1.16,1.16,1.16,1.16,1.16,401,400,0.0,0.0,1.15,"May 01, 20",0.0,XTLB
2020-04-30,1.21,1.21,1.21,1.21,1.21,0,0,0.0,0.0,1.21,"April 30, 20",0.0,XTLB
2020-04-29,1.36,1.36,1.14,1.2145,1.21,5632,5600,-0.1455,-10.7,1.26,"April 29, 20",-0.107,XTLB
2020-04-28,1.1863,1.3246,1.1863,1.3246,1.32,2265,2300,0.1383,11.66,1.22,"April 28, 20",0.1166,XTLB
2020-04-27,1.08,1.19,1.08,1.1803,1.18,5291,5300,0.1003,9.29,1.14,"April 27, 20",0.0929,XTLB
2020-04-24,0.95,0.95,0.95,0.95,0.95,156,200,0.0,0.0,0.9487,"April 24, 20",0.0,XTLB
2020-04-23,1.04,1.04,1.04,1.04,1.04,207,200,0.0,0.0,1.05,"April 23, 20",0.0,XTLB
2020-04-22,1.04,1.04,1.04,1.04,1.04,1037,1000,0.0,0.0,1.04,"April 22, 20",0.0,XTLB
2020-04-21,1.1,1.1,0.92,1.1,1.1,8157,8200,0.0,0.0,1.01,"April 21, 20",0.0,XTLB
2020-04-20,1.2,1.2,1.2,1.2,1.2,248,200,0.0,0.0,1.19,"April 20, 20",0.0,XTLB
2020-04-17,1.13,1.13,1.13,1.13,1.13,264,300,0.0,0.0,1.11,"April 17, 20",0.0,XTLB
2020-04-16,1.2,1.2,1.1099,1.1099,1.11,472,500,-0.0901,-7.51,1.16,"April 16, 20",-0.0751,XTLB
2020-04-15,1.15,1.15,1.15,1.15,1.15,0,0,0.0,0.0,1.15,"April 15, 20",0.0,XTLB
2020-04-14,1.25,1.25,1.06,1.15,1.15,1638,1600,-0.1,-8.0,1.2,"April 14, 20",-0.08,XTLB
2020-04-13,1.17,1.17,1.17,1.17,1.17,639,600,0.0,0.0,1.15,"April 13, 20",0.0,XTLB
2020-04-09,1.06,1.1965,1.04,1.04,1.04,2900,2900,-0.02,-1.89,1.1,"April 09, 20",-0.0189,XTLB
2020-04-08,1.22,1.32,1.03,1.2076,1.21,8725,8700,-0.0124,-1.02,1.22,"April 08, 20",-0.0102,XTLB
2020-04-07,0.92,0.92,0.92,0.92,0.92,0,0,0.0,0.0,0.92,"April 07, 20",0.0,XTLB
2020-04-06,1.0,1.0,0.9151,0.921,0.92,1591,1600,-0.079,-7.9,0.9889,"April 06, 20",-0.079,XTLB
2020-04-03,1.0,1.0,0.9958,0.9958,1.0,249,200,-0.0042,-0.42,0.9953,"April 03, 20",-0.0042,XTLB
2020-04-02,0.9301,1.0,0.9301,0.99,0.99,1916,1900,0.0599,6.44,0.9636,"April 02, 20",0.0644,XTLB
2020-04-01,0.89,1.09,0.7998,1.0,1.0,16128,16100,0.11,12.36,0.9099,"April 01, 20",0.1236,XTLB
2020-03-31,1.19,1.2031,1.1,1.175,1.18,2283,2300,-0.015,-1.26,1.17,"March 31, 20",-0.0126,XTLB
2020-03-30,1.05,1.2,1.05,1.18,1.18,5508,5500,0.13,12.38,1.15,"March 30, 20",0.1238,XTLB
2020-03-27,1.04,1.04,0.9,0.9,0.9,387,400,-0.14,-13.46,0.999,"March 27, 20",-0.1346,XTLB
2020-03-26,1.0,1.03,0.9001,1.03,1.03,6011,6000,0.03,3.0,0.9342,"March 26, 20",0.03,XTLB
2020-03-25,0.9045,1.0,0.9045,1.0,1.0,200,200,0.0955,10.56,0.9523,"March 25, 20",0.1056,XTLB
2020-03-24,1.0,1.0,1.0,1.0,1.0,517,500,0.0,0.0,0.9988,"March 24, 20",0.0,XTLB
2020-03-23,1.0,1.0,0.87,1.0,1.0,1116,1100,0.0,0.0,0.9757,"March 23, 20",0.0,XTLB
2020-03-20,1.0,1.0,1.0,1.0,1.0,398,400,0.0,0.0,1.0,"March 20, 20",0.0,XTLB
2020-03-19,0.9,0.9957,0.9,0.98,0.98,1222,1200,0.08,8.89,0.9593,"March 19, 20",0.0889,XTLB
2020-03-18,1.09,1.09,0.625,0.959,0.96,9894,9900,-0.131,-12.02,0.7962,"March 18, 20",-0.1202,XTLB
2020-03-17,0.7505,1.02,0.7505,1.01,1.01,6781,6800,0.2595,34.58,0.8846,"March 17, 20",0.3458,XTLB
2020-03-16,1.05,1.05,1.05,1.05,1.05,0,0,0.0,0.0,1.05,"March 16, 20",0.0,XTLB
2020-03-13,1.11,1.11,0.84,1.05,1.05,1814,1800,-0.06,-5.41,0.9912,"March 13, 20",-0.0541,XTLB
2020-03-12,0.8308,0.9412,0.8308,0.9412,0.94,1109,1100,0.1104,13.29,0.9305,"March 12, 20",0.1329,XTLB
2020-03-11,1.0,1.03,1.0,1.03,1.03,2040,2000,0.03,3.0,1.0,"March 11, 20",0.03,XTLB
2020-03-10,1.26,1.26,1.02,1.07,1.07,28905,28900,-0.19,-15.08,1.06,"March 10, 20",-0.1508,XTLB
2020-03-09,1.19,1.31,1.06,1.28,1.28,30810,30800,0.09,7.56,1.14,"March 09, 20",0.0756,XTLB
2020-03-06,1.25,1.25,1.19,1.1944,1.19,23745,23700,-0.0556,-4.45,1.2,"March 06, 20",-0.0445,XTLB
2020-03-05,1.25,1.25,1.25,1.25,1.25,1870,1900,0.0,0.0,1.25,"March 05, 20",0.0,XTLB
2020-03-04,1.31,1.3292,1.31,1.3103,1.31,3529,3500,0.0003,0.02290076,1.32,"March 04, 20",0.0002290076,XTLB
2020-03-03,1.37,1.37,1.31,1.31,1.31,1349,1300,-0.06,-4.38,1.35,"March 03, 20",-0.0438,XTLB
2020-03-02,1.32,1.32,1.31,1.31,1.31,426,400,-0.01,-0.75758,1.31,"March 02, 20",-0.0075758,XTLB
2020-02-28,1.34,1.34,1.34,1.34,1.34,0,0,0.0,0.0,1.34,"February 28, 20",0.0,XTLB
2020-02-27,1.4019,1.4019,1.2101,1.34,1.34,14541,14500,-0.0619,-4.42,1.34,"February 27, 20",-0.0442,XTLB
2020-02-26,1.4346,1.55,1.35,1.4,1.4,61483,61500,-0.0346,-2.41,1.46,"February 26, 20",-0.0241,XTLB
2020-02-25,1.46,1.4602,1.46,1.46,1.46,6846,6800,0.0,0.0,1.46,"February 25, 20",0.0,XTLB
2020-02-24,1.475,1.5,1.4534,1.475,1.48,2933,2900,0.0,0.0,1.46,"February 24, 20",0.0,XTLB
2020-02-21,1.5,1.5,1.5,1.5,1.5,203,200,0.0,0.0,1.5,"February 21, 20",0.0,XTLB
2020-02-20,1.44,1.4416,1.421,1.43,1.43,3090,3100,-0.01,-0.69444,1.43,"February 20, 20",-0.0069444,XTLB
2020-02-19,1.43,1.5,1.43,1.43,1.43,8920,8900,0.0,0.0,1.49,"February 19, 20",0.0,XTLB
2020-02-18,1.4,1.47,1.4,1.47,1.47,31427,31400,0.07,5.0,1.41,"February 18, 20",0.05,XTLB
2020-02-14,1.4,1.4,1.4,1.4,1.4,0,0,0.0,0.0,1.4,"February 14, 20",0.0,XTLB
2020-02-13,1.3484,1.4,1.3367,1.4,1.4,2361,2400,0.0516,3.83,1.35,"February 13, 20",0.0383,XTLB
2020-02-12,1.4,1.4,1.37,1.37,1.37,15000,15000,-0.03,-2.14,1.4,"February 12, 20",-0.0214,XTLB
2020-02-11,1.45,1.45,1.45,1.45,1.45,0,0,0.0,0.0,1.45,"February 11, 20",0.0,XTLB
2020-02-10,1.4135,1.45,1.4135,1.45,1.45,850,900,0.0365,2.58,1.42,"February 10, 20",0.0258,XTLB
2020-02-07,1.4,1.4,1.31,1.3999,1.4,35994,36000,-0.0001,-0.00714286,1.37,"February 07, 20",-7.14286e-05,XTLB
2020-02-06,1.5327,1.5327,1.42,1.5,1.5,2356,2400,-0.0327,-2.13,1.5,"February 06, 20",-0.0213,XTLB
2020-02-05,1.5121,1.5121,1.5121,1.5121,1.51,101,100,0.0,0.0,1.51,"February 05, 20",0.0,XTLB
2020-02-04,1.78,1.78,1.5004,1.5004,1.5,6985,7000,-0.2796,-15.71,1.61,"February 04, 20",-0.1571,XTLB
2020-02-03,1.5615,1.6,1.5415,1.6,1.6,4991,5000,0.0385,2.47,1.59,"February 03, 20",0.0247,XTLB
2020-01-31,1.5842,1.785,1.5075,1.6385,1.64,44426,44400,0.0543,3.43,1.65,"January 31, 20",0.0343,XTLB
2020-01-30,1.415,1.55,1.4101,1.541,1.54,17707,17700,0.126,8.9,1.49,"January 30, 20",0.089,XTLB
2020-01-29,1.39,1.48,1.3562,1.48,1.48,4587,4600,0.09,6.47,1.4,"January 29, 20",0.0647,XTLB
2020-01-28,1.35,1.36,1.31,1.3598,1.36,5751,5800,0.0098,0.72593,1.34,"January 28, 20",0.0072593,XTLB
2020-01-27,1.36,1.36,1.35,1.36,1.36,4455,4500,0.0,0.0,1.35,"January 27, 20",0.0,XTLB
2020-01-24,1.3605,1.3605,1.3122,1.3122,1.31,2263,2300,-0.0483,-3.55,1.36,"January 24, 20",-0.0355,XTLB
2020-01-23,1.52,1.52,1.28,1.36,1.36,11569,11600,-0.16,-10.53,1.34,"January 23, 20",-0.1053,XTLB
2020-01-22,1.29,1.3198,1.28,1.28,1.28,6317,6300,-0.01,-0.77519,1.29,"January 22, 20",-0.0077519,XTLB
2020-01-21,1.3,1.38,1.26,1.33,1.33,54066,54100,0.03,2.31,1.31,"January 21, 20",0.0231,XTLB
2020-01-17,1.3,1.3,1.3,1.3,1.3,0,0,0.0,0.0,1.3,"January 17, 20",0.0,XTLB
2020-01-16,1.2589,1.3,1.2589,1.3,1.3,1249,1200,0.0411,3.26,1.27,"January 16, 20",0.0326,XTLB
2020-01-15,1.3,1.3,1.3,1.3,1.3,344,300,0.0,0.0,1.3,"January 15, 20",0.0,XTLB
2020-01-14,1.29,1.3,1.24,1.3,1.3,10652,10700,0.01,0.77519,1.3,"January 14, 20",0.0077519,XTLB
2020-01-13,1.29,1.29,1.21,1.21,1.21,8350,8400,-0.08,-6.2,1.28,"January 13, 20",-0.062,XTLB
2020-01-10,1.25,1.285,1.2225,1.28,1.28,15828,15800,0.03,2.4,1.27,"January 10, 20",0.024,XTLB
2020-01-09,1.3,1.3,1.25,1.3,1.3,5853,5900,0.0,0.0,1.28,"January 09, 20",0.0,XTLB
2020-01-08,1.3,1.3,1.25,1.2631,1.26,12847,12800,-0.0369,-2.84,1.29,"January 08, 20",-0.0284,XTLB
2020-01-07,1.33,1.42,1.33,1.41,1.41,6537,6500,0.08,6.02,1.36,"January 07, 20",0.0602,XTLB
2020-01-06,1.33,1.42,1.33,1.42,1.42,3920,3900,0.09,6.77,1.39,"January 06, 20",0.0677,XTLB
2020-01-03,1.3833,1.41,1.3833,1.41,1.41,2855,2900,0.0267,1.93,1.39,"January 03, 20",0.0193,XTLB
2020-01-02,1.37,1.39,1.3,1.3,1.3,5137,5100,-0.07,-5.11,1.33,"January 02, 20",-0.0511,XTLB
2019-12-31,1.38,1.39,1.3,1.37,1.37,13935,13900,-0.01,-0.72464,1.36,"December 31, 19",-0.0072464,XTLB
2019-12-30,1.2533,1.62,1.25,1.4579,1.46,156123,156100,0.2046,16.32,1.39,"December 30, 19",0.1632,XTLB
2019-12-27,1.25,1.3,1.25,1.3,1.3,2301,2300,0.05,4.0,1.28,"December 27, 19",0.04,XTLB
2019-12-26,1.26,1.3,1.26,1.296,1.3,10680,10700,0.036,2.86,1.29,"December 26, 19",0.0286,XTLB
2019-12-24,1.255,1.259,1.25,1.25,1.25,2572,2600,-0.005,-0.39841,1.26,"December 24, 19",-0.0039841,XTLB
2019-12-23,1.25,1.25,1.25,1.25,1.25,272,300,0.0,0.0,1.25,"December 23, 19",0.0,XTLB
2019-12-20,1.26,1.26,1.26,1.26,1.26,0,0,0.0,0.0,1.26,"December 20, 19",0.0,XTLB
2019-12-19,1.26,1.26,1.26,1.26,1.26,0,0,0.0,0.0,1.26,"December 19, 19",0.0,XTLB
2019-12-18,1.26,1.26,1.26,1.26,1.26,0,0,0.0,0.0,1.26,"December 18, 19",0.0,XTLB
2019-12-17,1.2632,1.2632,1.2632,1.2632,1.26,1004,1000,0.0,0.0,1.26,"December 17, 19",0.0,XTLB
2019-12-16,1.23,1.26,1.22,1.26,1.26,1385,1400,0.03,2.44,1.25,"December 16, 19",0.0244,XTLB
2019-12-13,1.27,1.27,1.27,1.27,1.27,119,100,0.0,0.0,1.27,"December 13, 19",0.0,XTLB
2019-12-12,1.2647,1.28,1.23,1.28,1.28,812,800,0.0153,1.21,1.27,"December 12, 19",0.0121,XTLB
2019-12-11,1.2373,1.3,1.2373,1.3,1.3,1200,1200,0.0627,5.07,1.29,"December 11, 19",0.0507,XTLB
2019-12-10,1.3,1.3,1.3,1.3,1.3,0,0,0.0,0.0,1.3,"December 10, 19",0.0,XTLB
2019-12-09,1.3,1.3,1.3,1.3,1.3,0,0,0.0,0.0,1.3,"December 09, 19",0.0,XTLB
2019-12-06,1.3,1.3,1.3,1.3,1.3,0,0,0.0,0.0,1.3,"December 06, 19",0.0,XTLB
2019-12-05,1.3,1.307,1.3,1.3,1.3,3613,3600,0.0,0.0,1.3,"December 05, 19",0.0,XTLB
2019-12-04,1.37,1.37,1.17,1.29,1.29,2538,2500,-0.08,-5.84,1.3,"December 04, 19",-0.0584,XTLB
2019-12-03,1.38,1.38,1.25,1.3,1.3,4469,4500,-0.08,-5.8,1.31,"December 03, 19",-0.058,XTLB
2019-12-02,1.33,1.33,1.33,1.33,1.33,100,100,0.0,0.0,1.33,"December 02, 19",0.0,XTLB
2019-11-29,1.3281,1.3339,1.3281,1.3339,1.33,425,400,0.0058,0.43671,1.33,"November 29, 19",0.0043671,XTLB
2019-11-27,1.3065,1.3065,1.3065,1.3065,1.31,2745,2700,0.0,0.0,1.31,"November 27, 19",0.0,XTLB
2019-11-26,1.3335,1.3335,1.3335,1.3335,1.33,500,500,0.0,0.0,1.33,"November 26, 19",0.0,XTLB
2019-11-25,1.3471,1.3573,1.3,1.336,1.34,1470,1500,-0.0111,-0.82399,1.34,"November 25, 19",-0.0082399,XTLB
2019-11-22,1.32,1.32,1.32,1.32,1.32,0,0,0.0,0.0,1.32,"November 22, 19",0.0,XTLB
2019-11-21,1.3,1.3238,1.3,1.3238,1.32,1329,1300,0.0238,1.83,1.31,"November 21, 19",0.0183,XTLB
2019-11-20,1.27,1.27,1.2,1.2,1.2,5868,5900,-0.07,-5.51,1.25,"November 20, 19",-0.0551,XTLB
2019-11-19,1.3537,1.3537,1.3537,1.3537,1.35,1001,1000,0.0,0.0,1.35,"November 19, 19",0.0,XTLB
2019-11-18,1.312,1.312,1.312,1.312,1.31,5168,5200,0.0,0.0,1.31,"November 18, 19",0.0,XTLB
2019-11-15,1.32,1.32,1.312,1.312,1.31,200,200,-0.008,-0.60606,1.32,"November 15, 19",-0.0060606,XTLB
2019-11-14,1.3084,1.4,1.25,1.31,1.31,6122,6100,0.0016,0.12229,1.32,"November 14, 19",0.0012229,XTLB
2019-11-13,1.38,1.38,1.38,1.38,1.38,152,200,0.0,0.0,1.36,"November 13, 19",0.0,XTLB
2019-11-12,1.33,1.3395,1.28,1.28,1.28,2718,2700,-0.05,-3.76,1.3,"November 12, 19",-0.0376,XTLB
2019-11-11,1.32,1.32,1.28,1.28,1.28,200,200,-0.04,-3.03,1.3,"November 11, 19",-0.0303,XTLB
2019-11-08,1.4,1.4,1.4,1.4,1.4,0,0,0.0,0.0,1.4,"November 08, 19",0.0,XTLB
2019-11-07,1.4,1.4,1.4,1.4,1.4,100,100,0.0,0.0,1.4,"November 07, 19",0.0,XTLB
2019-11-06,1.41,1.41,1.4,1.4,1.4,1145,1100,-0.01,-0.70922,1.4,"November 06, 19",-0.0070922,XTLB
2019-11-05,1.35,1.3501,1.34,1.3501,1.35,4552,4600,0.0001,0.00740741,1.34,"November 05, 19",7.40741e-05,XTLB
2019-11-04,1.59,1.59,1.59,1.59,1.59,100,100,0.0,0.0,1.59,"November 04, 19",0.0,XTLB
2019-11-01,1.4446,1.59,1.4446,1.59,1.59,494,500,0.1454,10.07,1.49,"November 01, 19",0.1007,XTLB
2019-10-31,1.3941,1.3941,1.3941,1.3941,1.39,197,200,0.0,0.0,1.41,"October 31, 19",0.0,XTLB
2019-10-30,1.44,1.44,1.44,1.44,1.44,100,100,0.0,0.0,1.44,"October 30, 19",0.0,XTLB
2019-10-29,1.44,1.44,1.44,1.44,1.44,0,0,0.0,0.0,1.44,"October 29, 19",0.0,XTLB
2019-10-28,1.35,1.4391,1.35,1.4391,1.44,7271,7300,0.0891,6.6,1.35,"October 28, 19",0.066,XTLB
2019-10-25,1.314,1.314,1.314,1.314,1.31,102,100,0.0,0.0,1.31,"October 25, 19",0.0,XTLB
2019-10-24,1.38,1.38,1.38,1.38,1.38,0,0,0.0,0.0,1.38,"October 24, 19",0.0,XTLB
2019-10-23,1.38,1.38,1.38,1.38,1.38,0,0,0.0,0.0,1.38,"October 23, 19",0.0,XTLB
2019-10-22,1.4,1.4,1.35,1.3826,1.38,10543,10500,-0.0174,-1.24,1.36,"October 22, 19",-0.0124,XTLB
2019-10-21,1.42,1.49,1.34,1.35,1.35,38248,38200,-0.07,-4.93,1.4,"October 21, 19",-0.0493,XTLB
2019-10-18,1.67,1.67,1.67,1.67,1.67,0,0,0.0,0.0,1.67,"October 18, 19",0.0,XTLB
2019-10-17,1.67,1.67,1.67,1.67,1.67,100,100,0.0,0.0,1.67,"October 17, 19",0.0,XTLB
2019-10-16,1.67,1.67,1.67,1.67,1.67,0,0,0.0,0.0,1.67,"October 16, 19",0.0,XTLB
2019-10-15,1.67,1.67,1.67,1.67,1.67,0,0,0.0,0.0,1.67,"October 15, 19",0.0,XTLB
2019-10-14,1.67,1.67,1.67,1.67,1.67,200,200,0.0,0.0,1.67,"October 14, 19",0.0,XTLB
2019-10-11,1.5,1.83,1.5,1.6741,1.67,3706,3700,0.1741,11.61,1.69,"October 11, 19",0.1161,XTLB
2019-10-10,1.4,1.4,1.4,1.4,1.4,100,100,0.0,0.0,1.4,"October 10, 19",0.0,XTLB
2019-10-09,1.39,1.3969,1.39,1.3969,1.4,200,200,0.0069,0.4964,1.39,"October 09, 19",0.004964,XTLB
2019-10-08,1.42,1.42,1.42,1.42,1.42,100,100,0.0,0.0,1.42,"October 08, 19",0.0,XTLB
2019-10-07,1.42,1.42,1.42,1.42,1.42,375,400,0.0,0.0,1.43,"October 07, 19",0.0,XTLB
2019-10-04,1.41,1.6056,1.39,1.421,1.42,4139,4100,0.011,0.78014,1.45,"October 04, 19",0.0078014,XTLB
2019-10-03,1.38,1.38,1.37,1.37,1.37,1130,1100,-0.01,-0.72464,1.37,"October 03, 19",-0.0072464,XTLB
2019-10-02,1.4,1.42,1.3999,1.3999,1.4,14002,14000,-0.0001,-0.00714286,1.4,"October 02, 19",-7.14286e-05,XTLB
2019-10-01,1.42,1.44,1.37,1.4,1.4,12659,12700,-0.02,-1.41,1.4,"October 01, 19",-0.0141,XTLB
2019-09-30,1.44,1.44,1.44,1.44,1.44,0,0,0.0,0.0,1.44,"September 30, 19",0.0,XTLB
2019-09-27,1.51,1.51,1.42,1.44,1.44,20981,21000,-0.07,-4.64,1.46,"September 27, 19",-0.0464,XTLB
2019-09-26,1.6,1.6,1.4252,1.5608,1.56,14721,14700,-0.0392,-2.45,1.47,"September 26, 19",-0.0245,XTLB
2019-09-25,1.63,1.63,1.5201,1.5201,1.52,3064,3100,-0.1099,-6.74,1.58,"September 25, 19",-0.0674,XTLB
2019-09-24,1.65,1.65,1.65,1.65,1.65,0,0,0.0,0.0,1.65,"September 24, 19",0.0,XTLB
2019-09-23,1.65,1.65,1.65,1.65,1.65,463,500,0.0,0.0,1.65,"September 23, 19",0.0,XTLB
2019-09-20,1.89,1.89,1.89,1.89,1.89,0,0,0.0,0.0,1.89,"September 20, 19",0.0,XTLB
2019-09-19,1.89,1.89,1.89,1.89,1.89,0,0,0.0,0.0,1.89,"September 19, 19",0.0,XTLB
2019-09-18,1.89,1.89,1.89,1.89,1.89,0,0,0.0,0.0,1.89,"September 18, 19",0.0,XTLB
2019-09-17,1.8929,1.8929,1.8929,1.8929,1.89,100,100,0.0,0.0,1.89,"September 17, 19",0.0,XTLB
2019-09-16,1.7956,1.7956,1.7956,1.7956,1.8,354,400,0.0,0.0,1.77,"September 16, 19",0.0,XTLB
2019-09-13,1.878,1.878,1.878,1.878,1.88,100,100,0.0,0.0,1.88,"September 13, 19",0.0,XTLB
2019-09-12,1.8881,1.8881,1.8881,1.8881,1.89,135,100,0.0,0.0,1.83,"September 12, 19",0.0,XTLB
2019-09-11,1.8667,1.87,1.8667,1.87,1.87,285,300,0.0033,0.17678,1.84,"September 11, 19",0.0017678,XTLB
2019-09-10,1.8787,1.8787,1.8787,1.8787,1.88,235,200,0.0,0.0,1.89,"September 10, 19",0.0,XTLB
2019-09-09,1.71,1.967,1.71,1.967,1.97,629,600,0.257,15.03,1.79,"September 09, 19",0.1503,XTLB
2019-09-06,1.7389,1.7389,1.7389,1.7389,1.74,100,100,0.0,0.0,1.74,"September 06, 19",0.0,XTLB
2019-09-05,1.91,1.91,1.91,1.91,1.91,0,0,0.0,0.0,1.91,"September 05, 19",0.0,XTLB
2019-09-04,1.9118,1.9118,1.9118,1.9118,1.91,150,200,0.0,0.0,1.91,"September 04, 19",0.0,XTLB
2019-09-03,1.9518,1.9518,1.9518,1.9518,1.95,134,100,0.0,0.0,1.88,"September 03, 19",0.0,XTLB
2019-08-30,1.91,1.91,1.91,1.91,1.91,0,0,0.0,0.0,1.91,"August 30, 19",0.0,XTLB
2019-08-29,1.91,1.91,1.91,1.91,1.91,0,0,0.0,0.0,1.91,"August 29, 19",0.0,XTLB
2019-08-28,1.9118,1.9118,1.9118,1.9118,1.91,428,400,0.0,0.0,1.88,"August 28, 19",0.0,XTLB
2019-08-27,1.9118,1.9118,1.9118,1.9118,1.91,200,200,0.0,0.0,1.91,"August 27, 19",0.0,XTLB
2019-08-26,1.92,1.92,1.92,1.92,1.92,0,0,0.0,0.0,1.92,"August 26, 19",0.0,XTLB
2019-08-23,1.92,1.92,1.92,1.92,1.92,0,0,0.0,0.0,1.92,"August 23, 19",0.0,XTLB
2019-08-22,1.92,1.92,1.92,1.92,1.92,0,0,0.0,0.0,1.92,"August 22, 19",0.0,XTLB
2019-08-21,1.75,1.92,1.75,1.92,1.92,4000,4000,0.17,9.71,1.9,"August 21, 19",0.0971,XTLB
2019-08-20,1.71,1.71,1.71,1.71,1.71,0,0,0.0,0.0,1.71,"August 20, 19",0.0,XTLB
2019-08-19,1.71,1.71,1.71,1.71,1.71,0,0,0.0,0.0,1.71,"August 19, 19",0.0,XTLB
2019-08-16,1.71,1.71,1.71,1.71,1.71,0,0,0.0,0.0,1.71,"August 16, 19",0.0,XTLB
2019-08-15,1.76,1.76,1.71,1.71,1.71,2000,2000,-0.05,-2.84,1.73,"August 15, 19",-0.0284,XTLB
2019-08-14,1.76,1.76,1.71,1.71,1.71,2000,2000,-0.05,-2.84,1.74,"August 14, 19",-0.0284,XTLB
2019-08-13,1.77,1.77,1.77,1.77,1.77,100,100,0.0,0.0,1.77,"August 13, 19",0.0,XTLB
2019-08-12,1.83,1.87,1.83,1.83,1.83,100,100,0.0,0.0,1.84,"August 12, 19",0.0,XTLB
2019-08-09,1.83,1.87,1.83,1.83,1.83,100,100,0.0,0.0,1.84,"August 09, 19",0.0,XTLB
2019-08-08,1.83,1.87,1.83,1.83,1.83,100,100,0.0,0.0,1.84,"August 08, 19",0.0,XTLB
2019-08-07,1.83,1.83,1.83,1.83,1.83,100,100,0.0,0.0,1.83,"August 07, 19",0.0,XTLB
2019-08-06,1.83,1.83,1.83,1.83,1.83,400,400,0.0,0.0,1.83,"August 06, 19",0.0,XTLB
2019-08-05,1.87,1.87,1.83,1.83,1.83,600,600,-0.04,-2.14,1.84,"August 05, 19",-0.0214,XTLB
2019-08-02,1.8721,1.8721,1.83,1.83,1.83,625,600,-0.0421,-2.25,1.88,"August 02, 19",-0.0225,XTLB
2019-08-01,1.95,1.95,1.95,1.95,1.95,100,100,0.0,0.0,1.95,"August 01, 19",0.0,XTLB
2019-07-31,1.95,1.95,1.95,1.95,1.95,100,100,0.0,0.0,1.95,"July 31, 19",0.0,XTLB
2019-07-30,1.95,1.95,1.95,1.95,1.95,100,100,0.0,0.0,1.95,"July 30, 19",0.0,XTLB
2019-07-29,1.95,1.95,1.95,1.95,1.95,200,200,0.0,0.0,1.95,"July 29, 19",0.0,XTLB
2019-07-26,1.95,1.95,1.95,1.95,1.95,238,200,0.0,0.0,1.95,"July 26, 19",0.0,XTLB
2019-07-25,1.95,1.95,1.95,1.95,1.95,0,0,0.0,0.0,1.95,"July 25, 19",0.0,XTLB
2019-07-24,2.0,2.16,1.95,1.95,1.95,8458,8500,-0.05,-2.5,2.06,"July 24, 19",-0.025,XTLB
2019-07-23,1.95,1.95,1.95,1.95,1.95,0,0,0.0,0.0,1.95,"July 23, 19",0.0,XTLB
2019-07-22,1.95,1.95,1.95,1.95,1.95,100,100,0.0,0.0,1.95,"July 22, 19",0.0,XTLB
2019-07-19,1.95,1.95,1.95,1.95,1.95,100,100,0.0,0.0,1.95,"July 19, 19",0.0,XTLB
2019-07-18,2.06,2.06,2.06,2.06,2.06,0,0,0.0,0.0,2.06,"July 18, 19",0.0,XTLB
2019-07-17,2.055,2.055,1.96,2.055,2.06,1822,1800,0.0,0.0,2.01,"July 17, 19",0.0,XTLB
2019-07-16,1.98,1.98,1.98,1.98,1.98,0,0,0.0,0.0,1.98,"July 16, 19",0.0,XTLB
2019-07-15,1.98,1.98,1.98,1.98,1.98,0,0,0.0,0.0,1.98,"July 15, 19",0.0,XTLB
2019-07-12,1.98,1.98,1.98,1.98,1.98,0,0,0.0,0.0,1.98,"July 12, 19",0.0,XTLB
2019-07-11,1.9798,1.9798,1.9798,1.9798,1.98,103,100,0.0,0.0,1.98,"July 11, 19",0.0,XTLB
2019-07-10,1.78,2.07,1.78,2.07,2.07,14100,14100,0.29,16.29,1.95,"July 10, 19",0.1629,XTLB
2019-07-09,2.1,2.1,2.1,2.1,2.1,200,200,0.0,0.0,2.1,"July 09, 19",0.0,XTLB
2019-07-08,2.12,2.12,2.1003,2.1003,2.1,3537,3500,-0.0197,-0.92925,2.12,"July 08, 19",-0.0092925,XTLB
2019-07-05,1.89,1.89,1.89,1.89,1.89,182,200,0.0,0.0,1.91,"July 05, 19",0.0,XTLB
2019-07-03,1.866,1.866,1.866,1.866,1.87,350,400,0.0,0.0,1.87,"July 03, 19",0.0,XTLB
2019-07-02,2.0,2.0,2.0,2.0,2.0,0,0,0.0,0.0,2.0,"July 02, 19",0.0,XTLB
2019-07-01,2.0,2.0,2.0,2.0,2.0,0,0,0.0,0.0,2.0,"July 01, 19",0.0,XTLB
2019-06-28,2.0142,2.0142,2.0,2.0,2.0,650,700,-0.0142,-0.70499,2.01,"June 28, 19",-0.0070499,XTLB
2019-06-27,2.035,2.035,2.035,2.035,2.04,215,200,0.0,0.0,2.03,"June 27, 19",0.0,XTLB
2019-06-26,1.95,1.95,1.95,1.95,1.95,100,100,0.0,0.0,1.95,"June 26, 19",0.0,XTLB
2019-06-25,2.075,2.075,2.075,2.075,2.08,100,100,0.0,0.0,2.08,"June 25, 19",0.0,XTLB
2019-06-24,2.0814,2.0814,2.0814,2.0814,2.08,130,100,0.0,0.0,2.08,"June 24, 19",0.0,XTLB
2019-06-21,2.0,2.0,2.0,2.0,2.0,275,300,0.0,0.0,2.0,"June 21, 19",0.0,XTLB
2019-06-20,1.9649,1.9903,1.9649,1.9903,1.99,1193,1200,0.0254,1.29,1.98,"June 20, 19",0.0129,XTLB
2019-06-19,2.05,2.05,2.05,2.05,2.05,100,100,0.0,0.0,2.05,"June 19, 19",0.0,XTLB
2019-06-18,2.05,2.05,2.05,2.05,2.05,0,0,0.0,0.0,2.05,"June 18, 19",0.0,XTLB
2019-06-17,2.05,2.05,2.05,2.05,2.05,200,200,0.0,0.0,2.05,"June 17, 19",0.0,XTLB
2019-06-14,2.09,2.09,2.09,2.09,2.09,0,0,0.0,0.0,2.09,"June 14, 19",0.0,XTLB
2019-06-13,2.0,2.09,2.0,2.09,2.09,722,700,0.09,4.5,2.02,"June 13, 19",0.045,XTLB
2019-06-12,1.96,2.24,1.9497,2.1,2.1,4135,4100,0.14,7.14,2.08,"June 12, 19",0.0714,XTLB
2019-06-11,2.1,2.1,2.1,2.1,2.1,0,0,0.0,0.0,2.1,"June 11, 19",0.0,XTLB
2019-06-10,2.1,2.1,2.1,2.1,2.1,0,0,0.0,0.0,2.1,"June 10, 19",0.0,XTLB
2019-06-07,2.1,2.1,2.1,2.1,2.1,100,100,0.0,0.0,2.1,"June 07, 19",0.0,XTLB
2019-06-06,2.19,2.19,2.1,2.1,2.1,2190,2200,-0.09,-4.11,2.13,"June 06, 19",-0.0411,XTLB
2019-06-05,2.14,2.33,2.1,2.33,2.33,1230,1200,0.19,8.88,2.22,"June 05, 19",0.0888,XTLB
2019-06-04,2.05,2.05,2.05,2.05,2.05,0,0,0.0,0.0,2.05,"June 04, 19",0.0,XTLB
2019-06-03,2.1,2.1,2.05,2.05,2.05,1579,1600,-0.05,-2.38,2.06,"June 03, 19",-0.0238,XTLB
2019-05-31,2.0,2.15,1.91,2.0,2.0,11382,11400,0.0,0.0,2.04,"May 31, 19",0.0,XTLB
2019-05-30,1.99,2.11,1.91,2.0641,2.06,15267,15300,0.0741,3.72,2.03,"May 30, 19",0.0372,XTLB
2019-05-29,2.0,2.0,1.9,1.99,1.99,4637,4600,-0.01,-0.5,1.95,"May 29, 19",-0.005,XTLB
2019-05-28,2.15,2.15,2.15,2.15,2.15,302,300,0.0,0.0,2.15,"May 28, 19",0.0,XTLB
2019-05-24,2.1995,2.2,2.1551,2.1551,2.16,692,700,-0.0444,-2.02,2.18,"May 24, 19",-0.0202,XTLB
2019-05-23,2.15,2.15,2.15,2.15,2.15,1100,1100,0.0,0.0,2.15,"May 23, 19",0.0,XTLB
2019-05-22,2.38,2.38,2.38,2.38,2.38,0,0,0.0,0.0,2.38,"May 22, 19",0.0,XTLB
2019-05-21,2.38,2.38,2.38,2.38,2.38,100,100,0.0,0.0,2.38,"May 21, 19",0.0,XTLB
2019-05-20,2.38,2.38,2.38,2.38,2.38,0,0,0.0,0.0,2.38,"May 20, 19",0.0,XTLB
2019-05-17,2.38,2.38,2.38,2.38,2.38,0,0,0.0,0.0,2.38,"May 17, 19",0.0,XTLB
2019-05-16,2.38,2.38,2.38,2.38,2.38,0,0,0.0,0.0,2.38,"May 16, 19",0.0,XTLB
2019-05-15,2.38,2.38,2.38,2.38,2.38,100,100,0.0,0.0,2.38,"May 15, 19",0.0,XTLB
2019-05-14,2.38,2.38,2.38,2.38,2.38,100,100,0.0,0.0,2.38,"May 14, 19",0.0,XTLB
2019-05-13,2.48,2.48,2.38,2.38,2.38,432,400,-0.1,-4.03,2.41,"May 13, 19",-0.0403,XTLB
2019-05-10,2.38,2.38,2.38,2.38,2.38,100,100,0.0,0.0,2.38,"May 10, 19",0.0,XTLB
2019-05-09,2.38,2.38,2.38,2.38,2.38,0,0,0.0,0.0,2.38,"May 09, 19",0.0,XTLB
2019-05-08,2.35,2.38,2.35,2.38,2.38,4000,4000,0.03,1.28,2.37,"May 08, 19",0.0128,XTLB
2019-05-07,2.31,2.31,2.31,2.31,2.31,258,300,0.0,0.0,2.31,"May 07, 19",0.0,XTLB
2019-05-06,2.25,2.35,2.25,2.32,2.32,1530,1500,0.07,3.11,2.34,"May 06, 19",0.0311,XTLB
2019-05-03,2.25,2.25,2.25,2.25,2.25,0,0,0.0,0.0,2.25,"May 03, 19",0.0,XTLB
2019-05-02,2.25,2.25,2.25,2.25,2.25,100,100,0.0,0.0,2.25,"May 02, 19",0.0,XTLB
2019-05-01,2.25,2.25,2.25,2.25,2.25,5186,5200,0.0,0.0,2.25,"May 01, 19",0.0,XTLB
2019-04-30,2.32,2.32,2.32,2.32,2.32,132,100,0.0,0.0,2.32,"April 30, 19",0.0,XTLB
2019-04-29,2.32,2.32,2.32,2.32,2.32,0,0,0.0,0.0,2.32,"April 29, 19",0.0,XTLB
2019-04-26,2.32,2.32,2.32,2.32,2.32,100,100,0.0,0.0,2.32,"April 26, 19",0.0,XTLB
2019-04-25,2.32,2.32,2.32,2.32,2.32,0,0,0.0,0.0,2.32,"April 25, 19",0.0,XTLB
2019-04-24,2.44,2.4552,2.32,2.32,2.32,13618,13600,-0.12,-4.92,2.44,"April 24, 19",-0.0492,XTLB
2019-04-23,2.37,2.37,2.181,2.2568,2.26,2162,2200,-0.1132,-4.78,2.23,"April 23, 19",-0.0478,XTLB
2019-04-22,2.44,2.68,2.44,2.44,2.44,3364,3400,0.0,0.0,2.53,"April 22, 19",0.0,XTLB
2019-04-18,2.44,2.44,2.44,2.44,2.44,4536,4500,0.0,0.0,2.43,"April 18, 19",0.0,XTLB
2019-04-17,2.4,2.4,2.299,2.3,2.3,7981,8000,-0.1,-4.17,2.31,"April 17, 19",-0.0417,XTLB
2019-04-16,2.5,2.5,2.5,2.5,2.5,257,300,0.0,0.0,2.43,"April 16, 19",0.0,XTLB
2019-04-15,2.34,2.34,2.17,2.34,2.34,7152,7200,0.0,0.0,2.33,"April 15, 19",0.0,XTLB
2019-04-12,2.15,2.15,2.15,2.15,2.15,532,500,0.0,0.0,2.15,"April 12, 19",0.0,XTLB
2019-04-11,2.15,2.15,2.15,2.15,2.15,1008,1000,0.0,0.0,2.15,"April 11, 19",0.0,XTLB
2019-04-10,2.34,2.34,2.34,2.34,2.34,0,0,0.0,0.0,2.34,"April 10, 19",0.0,XTLB
2019-04-09,2.34,2.34,2.34,2.34,2.34,0,0,0.0,0.0,2.34,"April 09, 19",0.0,XTLB
2019-04-08,2.32,2.34,2.32,2.34,2.34,600,600,0.02,0.86207,2.33,"April 08, 19",0.0086207,XTLB
2019-04-05,2.28,2.28,2.28,2.28,2.28,0,0,0.0,0.0,2.28,"April 05, 19",0.0,XTLB
2019-04-04,2.151,2.283,2.15,2.283,2.28,773,800,0.132,6.14,2.24,"April 04, 19",0.0614,XTLB
2019-04-03,2.1999,2.1999,2.1999,2.1999,2.2,2000,2000,0.0,0.0,2.2,"April 03, 19",0.0,XTLB
2019-04-02,2.1708,2.2833,2.1708,2.2833,2.28,1236,1200,0.1125,5.18,2.23,"April 02, 19",0.0518,XTLB
2019-04-01,2.33,2.33,2.33,2.33,2.33,210,200,0.0,0.0,2.33,"April 01, 19",0.0,XTLB
2019-03-29,2.3647,2.3647,2.3647,2.3647,2.36,190,200,0.0,0.0,2.36,"March 29, 19",0.0,XTLB
2019-03-28,2.3,2.3,2.3,2.3,2.3,374,400,0.0,0.0,2.3,"March 28, 19",0.0,XTLB
2019-03-27,2.3,2.3,2.3,2.3,2.3,0,0,0.0,0.0,2.3,"March 27, 19",0.0,XTLB
2019-03-26,2.3,2.3,2.3,2.3,2.3,0,0,0.0,0.0,2.3,"March 26, 19",0.0,XTLB
2019-03-25,2.21,2.3037,2.2,2.3037,2.3,1126,1100,0.0937,4.24,2.22,"March 25, 19",0.0424,XTLB
2019-03-22,2.2527,2.2527,2.2527,2.2527,2.25,165,200,0.0,0.0,2.27,"March 22, 19",0.0,XTLB
2019-03-21,2.25,2.34,2.2199,2.31,2.31,10115,10100,0.06,2.67,2.29,"March 21, 19",0.0267,XTLB
2019-03-20,2.35,2.42,2.22,2.22,2.22,432,400,-0.13,-5.53,2.3,"March 20, 19",-0.0553,XTLB
2019-03-19,2.16,2.16,2.16,2.16,2.16,900,900,0.0,0.0,2.19,"March 19, 19",0.0,XTLB
2019-03-18,2.4,2.4,2.22,2.3115,2.31,3877,3900,-0.0885,-3.69,2.32,"March 18, 19",-0.0369,XTLB
2019-03-15,2.45,2.45,2.45,2.45,2.45,1000,1000,0.0,0.0,2.45,"March 15, 19",0.0,XTLB
2019-03-14,2.41,2.41,2.41,2.41,2.41,0,0,0.0,0.0,2.41,"March 14, 19",0.0,XTLB
2019-03-13,2.4221,2.4221,2.41,2.41,2.41,1530,1500,-0.0121,-0.49957,2.41,"March 13, 19",-0.0049957,XTLB
2019-03-12,2.44,2.44,2.44,2.44,2.44,0,0,0.0,0.0,2.44,"March 12, 19",0.0,XTLB
2019-03-11,2.4708,2.4708,2.443,2.443,2.44,400,400,-0.0278,-1.13,2.45,"March 11, 19",-0.0113,XTLB
2019-03-08,2.28,2.28,2.25,2.25,2.25,1980,2000,-0.03,-1.32,2.26,"March 08, 19",-0.0132,XTLB
2019-03-07,2.2305,2.28,2.2305,2.28,2.28,1170,1200,0.0495,2.22,2.24,"March 07, 19",0.0222,XTLB
2019-03-06,2.36,2.36,2.36,2.36,2.36,3000,3000,0.0,0.0,2.36,"March 06, 19",0.0,XTLB
2019-03-05,2.49,2.49,2.3813,2.3813,2.38,4469,4500,-0.1087,-4.37,2.43,"March 05, 19",-0.0437,XTLB
2019-03-04,2.24,2.43,2.24,2.25,2.25,2100,2100,0.01,0.44643,2.38,"March 04, 19",0.0044643,XTLB
2019-03-01,2.3,2.3,2.3,2.3,2.3,100,100,0.0,0.0,2.3,"March 01, 19",0.0,XTLB
2019-02-28,2.3,2.3,2.3,2.3,2.3,1250,1300,0.0,0.0,2.3,"February 28, 19",0.0,XTLB
2019-02-27,2.3517,2.3517,2.3517,2.3517,2.35,100,100,0.0,0.0,2.35,"February 27, 19",0.0,XTLB
2019-02-26,2.35,2.3517,2.34,2.34,2.34,1357,1400,-0.01,-0.42553,2.34,"February 26, 19",-0.0042553,XTLB
2019-02-25,2.49,2.49,2.49,2.49,2.49,115,100,0.0,0.0,2.49,"February 25, 19",0.0,XTLB
2019-02-22,2.36,2.4882,2.35,2.4882,2.49,1300,1300,0.1282,5.43,2.4,"February 22, 19",0.0543,XTLB
2019-02-21,2.3534,2.3534,2.3534,2.3534,2.35,600,600,0.0,0.0,2.35,"February 21, 19",0.0,XTLB
2019-02-20,2.37,2.37,2.37,2.37,2.37,549,500,0.0,0.0,2.37,"February 20, 19",0.0,XTLB
2019-02-19,2.68,2.68,2.36,2.3819,2.38,5857,5900,-0.2981,-11.12,2.59,"February 19, 19",-0.1112,XTLB
2019-02-15,2.362,2.67,2.36,2.6062,2.61,2889,2900,0.2442,10.34,2.46,"February 15, 19",0.1034,XTLB
2019-02-14,2.52,2.67,2.15,2.25,2.25,5290,5300,-0.27,-10.71,2.35,"February 14, 19",-0.1071,XTLB
2019-02-13,2.45,2.62,2.1583,2.49,2.49,2254,2300,0.04,1.63,2.36,"February 13, 19",0.0163,XTLB
2019-02-12,2.56,2.56,2.56,2.56,2.56,310,300,0.0,0.0,2.56,"February 12, 19",0.0,XTLB
2019-02-11,2.75,2.75,2.56,2.59,2.59,22185,22200,-0.16,-5.82,2.66,"February 11, 19",-0.0582,XTLB
2019-02-08,2.4691,2.6,2.45,2.48,2.48,13753,13800,0.0109,0.44146,2.52,"February 08, 19",0.0044146,XTLB
2019-02-07,2.39,2.48,2.39,2.4685,2.47,12123,12100,0.0785,3.28,2.45,"February 07, 19",0.0328,XTLB
2019-02-06,2.06,2.423,2.06,2.34,2.34,6301,6300,0.28,13.59,2.17,"February 06, 19",0.1359,XTLB
2019-02-05,2.109,2.2787,2.03,2.154,2.15,3259,3300,0.045,2.13,2.12,"February 05, 19",0.0213,XTLB
2019-02-04,2.22,2.2899,1.92,2.2,2.2,5094,5100,-0.02,-0.9009,2.19,"February 04, 19",-0.009009,XTLB
2019-02-01,2.45,2.498,2.21,2.3805,2.38,3341,3300,-0.0695,-2.84,2.33,"February 01, 19",-0.0284,XTLB
2019-01-31,2.41,2.45,2.41,2.45,2.45,797,800,0.04,1.66,2.42,"January 31, 19",0.0166,XTLB
2019-01-30,2.49,2.49,2.4082,2.4082,2.41,768,800,-0.0818,-3.29,2.42,"January 30, 19",-0.0329,XTLB
2019-01-29,2.28,2.58,2.28,2.3575,2.36,5096,5100,0.0775,3.4,2.37,"January 29, 19",0.034,XTLB
2019-01-28,2.51,2.59,2.4127,2.4127,2.41,5760,5800,-0.0973,-3.88,2.49,"January 28, 19",-0.0388,XTLB
2019-01-25,2.66,2.66,2.4623,2.586,2.59,10576,10600,-0.074,-2.78,2.57,"January 25, 19",-0.0278,XTLB
2019-01-24,2.66,2.66,2.36,2.3899,2.39,8253,8300,-0.2701,-10.15,2.54,"January 24, 19",-0.1015,XTLB
2019-01-23,2.36,2.57,2.36,2.5001,2.5,36947,36900,0.1401,5.94,2.48,"January 23, 19",0.0594,XTLB
2019-01-22,2.32,2.41,2.1,2.18,2.18,32160,32200,-0.14,-6.03,2.28,"January 22, 19",-0.0603,XTLB
2019-01-18,2.07,2.07,1.88,1.906,1.91,2485,2500,-0.164,-7.92,1.96,"January 18, 19",-0.0792,XTLB
2019-01-17,1.85,1.86,1.85,1.86,1.86,400,400,0.01,0.54054,1.86,"January 17, 19",0.0054054,XTLB
2019-01-16,1.84,1.85,1.84,1.85,1.85,348,300,0.01,0.54348,1.82,"January 16, 19",0.0054348,XTLB
2019-01-15,1.89,1.89,1.89,1.89,1.89,0,0,0.0,0.0,1.89,"January 15, 19",0.0,XTLB
2019-01-14,1.87,1.9,1.76,1.892,1.89,1900,1900,0.022,1.18,1.82,"January 14, 19",0.0118,XTLB
2019-01-11,1.8751,1.95,1.8751,1.95,1.95,2221,2200,0.0749,3.99,1.93,"January 11, 19",0.0399,XTLB
2019-01-10,1.89,1.89,1.89,1.89,1.89,183,200,0.0,0.0,1.87,"January 10, 19",0.0,XTLB
2019-01-09,1.95,1.95,1.95,1.95,1.95,1176,1200,0.0,0.0,1.93,"January 09, 19",0.0,XTLB
2019-01-08,1.88,2.12,1.88,2.12,2.12,1087,1100,0.24,12.77,2.01,"January 08, 19",0.1277,XTLB
2019-01-07,1.8003,1.8003,1.72,1.72,1.72,1371,1400,-0.0803,-4.46,1.75,"January 07, 19",-0.0446,XTLB
2019-01-04,1.75,1.92,1.75,1.9,1.9,22490,22500,0.15,8.57,1.89,"January 04, 19",0.0857,XTLB
2019-01-03,1.85,1.88,1.7387,1.7387,1.74,2088,2100,-0.1113,-6.02,1.84,"January 03, 19",-0.0602,XTLB
2019-01-02,1.7588,1.7588,1.7588,1.7588,1.76,225,200,0.0,0.0,1.76,"January 02, 19",0.0,XTLB
2018-12-31,1.8,1.8,1.73,1.73,1.73,774,800,-0.07,-3.89,1.74,"December 31, 18",-0.0389,XTLB
2018-12-28,1.75,1.84,1.7201,1.82,1.82,14643,14600,0.07,4.0,1.76,"December 28, 18",0.04,XTLB
2018-12-27,1.83,1.83,1.7601,1.809,1.81,5740,5700,-0.021,-1.15,1.79,"December 27, 18",-0.0115,XTLB
2018-12-26,1.68,1.85,1.65,1.85,1.85,22581,22600,0.17,10.12,1.75,"December 26, 18",0.1012,XTLB
2018-12-24,1.55,1.59,1.43,1.43,1.43,6886,6900,-0.12,-7.74,1.56,"December 24, 18",-0.0774,XTLB
2018-12-21,1.66,1.66,1.56,1.56,1.56,8877,8900,-0.1,-6.02,1.61,"December 21, 18",-0.0602,XTLB
2018-12-20,1.89,1.89,1.66,1.67,1.67,28941,28900,-0.22,-11.64,1.74,"December 20, 18",-0.1164,XTLB
2018-12-19,2.07,2.07,1.82,1.86,1.86,23124,23100,-0.21,-10.14,1.91,"December 19, 18",-0.1014,XTLB
2018-12-18,2.1,2.17,2.01,2.06,2.06,11289,11300,-0.04,-1.9,2.07,"December 18, 18",-0.019,XTLB
2018-12-17,2.38,2.4,1.78,2.0,2.0,85995,86000,-0.38,-15.97,2.01,"December 17, 18",-0.1597,XTLB
2018-12-14,2.59,2.59,2.45,2.45,2.45,3255,3300,-0.14,-5.41,2.52,"December 14, 18",-0.0541,XTLB
2018-12-13,2.24,2.6587,2.24,2.6587,2.66,3947,3900,0.4187,18.69,2.47,"December 13, 18",0.1869,XTLB
2018-12-12,2.18,2.225,2.18,2.2,2.2,4322,4300,0.02,0.91743,2.19,"December 12, 18",0.0091743,XTLB
2018-12-11,2.2045,2.21,2.18,2.18,2.18,2700,2700,-0.0245,-1.11,2.18,"December 11, 18",-0.0111,XTLB
2018-12-10,2.21,2.21,2.2,2.2,2.2,850,900,-0.01,-0.45249,2.22,"December 10, 18",-0.0045249,XTLB
2018-12-07,2.2,2.24,2.2,2.24,2.24,1650,1700,0.04,1.82,2.21,"December 07, 18",0.0182,XTLB
2018-12-06,2.18,2.3,2.18,2.19,2.19,1952,2000,0.01,0.45872,2.21,"December 06, 18",0.0045872,XTLB
2018-12-04,2.3,2.3096,2.29,2.29,2.29,8150,8200,-0.01,-0.43478,2.29,"December 04, 18",-0.0043478,XTLB
2018-12-03,2.37,2.44,2.25,2.39,2.39,19307,19300,0.02,0.84388,2.29,"December 03, 18",0.0084388,XTLB
2018-11-30,2.44,2.44,2.44,2.44,2.44,123,100,0.0,0.0,2.4,"November 30, 18",0.0,XTLB
2018-11-29,2.43,2.45,2.3155,2.45,2.45,1950,2000,0.02,0.82305,2.33,"November 29, 18",0.0082305,XTLB
2018-11-28,2.4,2.45,2.4,2.45,2.45,1599,1600,0.05,2.08,2.4,"November 28, 18",0.0208,XTLB
2018-11-27,2.4382,2.4382,2.26,2.26,2.26,3380,3400,-0.1782,-7.31,2.32,"November 27, 18",-0.0731,XTLB
2018-11-26,2.62,2.62,2.399,2.4,2.4,27161,27200,-0.22,-8.4,2.48,"November 26, 18",-0.084,XTLB
2018-11-23,2.7125,2.7125,2.7125,2.7125,2.71,493,500,0.0,0.0,2.71,"November 23, 18",0.0,XTLB
2018-11-21,2.8674,2.87,2.8,2.8,2.8,1450,1500,-0.0674,-2.35,2.86,"November 21, 18",-0.0235,XTLB
2018-11-20,2.62,2.79,2.5814,2.79,2.79,5236,5200,0.17,6.49,2.62,"November 20, 18",0.0649,XTLB
2018-11-19,2.8,2.81,2.6,2.6,2.6,21840,21800,-0.2,-7.14,2.61,"November 19, 18",-0.0714,XTLB
2018-11-16,2.6963,2.93,2.6,2.6,2.6,958,1000,-0.0963,-3.57,2.77,"November 16, 18",-0.0357,XTLB
2018-11-15,2.78,2.9,2.71,2.71,2.71,15349,15300,-0.07,-2.52,2.82,"November 15, 18",-0.0252,XTLB
2018-11-14,2.99,2.99,2.67,2.67,2.67,44234,44200,-0.32,-10.7,2.82,"November 14, 18",-0.107,XTLB
2018-11-13,3.04,3.04,2.7776,2.9207,2.92,10585,10600,-0.1193,-3.92,2.92,"November 13, 18",-0.0392,XTLB
2018-11-12,2.99,2.99,2.744,2.98,2.98,33043,33000,-0.01,-0.33445,2.92,"November 12, 18",-0.0033445,XTLB
2018-11-09,3.19,3.19,2.56,2.7,2.7,29626,29600,-0.49,-15.36,2.75,"November 09, 18",-0.1536,XTLB
2018-11-08,2.4873,3.8548,2.425,2.7549,2.75,430379,430400,0.2676,10.76,3.1,"November 08, 18",0.1076,XTLB
2018-11-07,2.38,2.38,2.38,2.38,2.38,1100,1100,0.0,0.0,2.38,"November 07, 18",0.0,XTLB
2018-11-06,2.62,2.62,2.38,2.38,2.38,7215,7200,-0.24,-9.16,2.42,"November 06, 18",-0.0916,XTLB
2018-11-05,2.5,2.68,2.5,2.6,2.6,14158,14200,0.1,4.0,2.62,"November 05, 18",0.04,XTLB
2018-11-02,2.32,2.44,2.32,2.44,2.44,3682,3700,0.12,5.17,2.37,"November 02, 18",0.0517,XTLB
2018-11-01,2.66,2.7223,2.26,2.26,2.26,14707,14700,-0.4,-15.04,2.55,"November 01, 18",-0.1504,XTLB
2018-10-31,2.37,2.6599,2.37,2.52,2.52,14887,14900,0.15,6.33,2.54,"October 31, 18",0.0633,XTLB
2018-10-30,2.33,2.33,2.33,2.33,2.33,100,100,0.0,0.0,2.33,"October 30, 18",0.0,XTLB
2018-10-29,2.27,2.39,2.21,2.21,2.21,5805,5800,-0.06,-2.64,2.31,"October 29, 18",-0.0264,XTLB
2018-10-26,2.14,2.34,2.14,2.34,2.34,9025,9000,0.2,9.35,2.21,"October 26, 18",0.0935,XTLB
2018-10-25,2.3,2.3,2.18,2.1801,2.18,3581,3600,-0.1199,-5.21,2.22,"October 25, 18",-0.0521,XTLB
2018-10-24,2.31,2.3882,2.31,2.35,2.35,1740,1700,0.04,1.73,2.36,"October 24, 18",0.0173,XTLB
2018-10-23,2.54,2.54,2.31,2.49,2.49,6050,6100,-0.05,-1.97,2.4,"October 23, 18",-0.0197,XTLB
2018-10-22,2.53,2.6,2.2716,2.53,2.53,12693,12700,0.0,0.0,2.51,"October 22, 18",0.0,XTLB
2018-10-19,2.412,2.57,2.4,2.57,2.57,1695,1700,0.158,6.55,2.47,"October 19, 18",0.0655,XTLB
2018-10-18,2.59,2.7172,2.51,2.51,2.51,6287,6300,-0.08,-3.09,2.57,"October 18, 18",-0.0309,XTLB
2018-10-17,2.7,2.7,2.51,2.51,2.51,16028,16000,-0.19,-7.04,2.59,"October 17, 18",-0.0704,XTLB
2018-10-16,2.88,2.9,2.7135,2.8399,2.84,33612,33600,-0.0401,-1.39,2.83,"October 16, 18",-0.0139,XTLB
2018-10-15,2.96,3.1,2.7011,2.96,2.96,133689,133700,0.0,0.0,2.94,"October 15, 18",0.0,XTLB
2018-10-12,2.4,2.4,2.36,2.4,2.4,6757,6800,0.0,0.0,2.39,"October 12, 18",0.0,XTLB
2018-10-11,2.29,2.4,2.23,2.3886,2.39,15444,15400,0.0986,4.31,2.32,"October 11, 18",0.0431,XTLB
2018-10-10,2.29,2.39,2.29,2.37,2.37,17961,18000,0.08,3.49,2.31,"October 10, 18",0.0349,XTLB
2018-10-09,2.05,2.3,2.05,2.3,2.3,11401,11400,0.25,12.2,2.24,"October 09, 18",0.122,XTLB
2018-10-08,2.18,2.18,2.18,2.18,2.18,0,0,0.0,0.0,2.18,"October 08, 18",0.0,XTLB
2018-10-05,2.2805,2.2805,2.1792,2.18,2.18,2555,2600,-0.1005,-4.41,2.21,"October 05, 18",-0.0441,XTLB
2018-10-04,2.05,2.28,2.0301,2.28,2.28,8900,8900,0.23,11.22,2.07,"October 04, 18",0.1122,XTLB
2018-10-03,2.17,2.17,2.04,2.1,2.1,12915,12900,-0.07,-3.23,2.09,"October 03, 18",-0.0323,XTLB
2018-10-02,2.17,2.17,2.15,2.15,2.15,677,700,-0.02,-0.92166,2.16,"October 02, 18",-0.0092166,XTLB
2018-10-01,2.2,2.25,2.07,2.25,2.25,7910,7900,0.05,2.27,2.22,"October 01, 18",0.0227,XTLB
2018-09-28,2.04,2.21,2.02,2.21,2.21,10449,10400,0.17,8.33,2.05,"September 28, 18",0.0833,XTLB
2018-09-27,2.19,2.19,2.0,2.0301,2.03,46762,46800,-0.1599,-7.3,2.05,"September 27, 18",-0.073,XTLB
2018-09-26,1.87,2.17,1.87,2.15,2.15,9377,9400,0.28,14.97,1.96,"September 26, 18",0.1497,XTLB
2018-09-25,1.834,1.89,1.834,1.89,1.89,2769,2800,0.056,3.05,1.85,"September 25, 18",0.0305,XTLB
2018-09-24,1.78,1.79,1.78,1.79,1.79,3045,3000,0.01,0.5618,1.84,"September 24, 18",0.005618,XTLB
2018-09-21,1.78,1.78,1.78,1.78,1.78,0,0,0.0,0.0,1.78,"September 21, 18",0.0,XTLB
2018-09-20,1.7789,1.7789,1.7789,1.7789,1.78,300,300,0.0,0.0,1.78,"September 20, 18",0.0,XTLB
2018-09-19,1.74,1.76,1.74,1.76,1.76,1512,1500,0.02,1.15,1.76,"September 19, 18",0.0115,XTLB
2018-09-18,1.92,1.92,1.8424,1.8424,1.84,1356,1400,-0.0776,-4.04,1.87,"September 18, 18",-0.0404,XTLB
2018-09-17,1.85,1.98,1.75,1.75,1.75,25288,25300,-0.1,-5.41,1.89,"September 17, 18",-0.0541,XTLB
2018-09-14,1.73,1.73,1.73,1.73,1.73,0,0,0.0,0.0,1.73,"September 14, 18",0.0,XTLB
2018-09-13,1.73,1.73,1.73,1.73,1.73,0,0,0.0,0.0,1.73,"September 13, 18",0.0,XTLB
2018-09-12,1.73,1.73,1.73,1.73,1.73,0,0,0.0,0.0,1.73,"September 12, 18",0.0,XTLB
2018-09-11,1.73,1.73,1.73,1.73,1.73,0,0,0.0,0.0,1.73,"September 11, 18",0.0,XTLB
2018-09-10,1.7335,1.7335,1.7335,1.7335,1.73,151,200,0.0,0.0,1.73,"September 10, 18",0.0,XTLB
2018-09-07,1.85,1.85,1.85,1.85,1.85,0,0,0.0,0.0,1.85,"September 07, 18",0.0,XTLB
2018-09-06,1.79,1.85,1.7301,1.85,1.85,717,700,0.06,3.35,1.78,"September 06, 18",0.0335,XTLB
2018-09-05,1.76,1.76,1.76,1.76,1.76,0,0,0.0,0.0,1.76,"September 05, 18",0.0,XTLB
2018-09-04,1.84,1.84,1.7627,1.7627,1.76,4161,4200,-0.0773,-4.2,1.8,"September 04, 18",-0.042,XTLB
2018-08-31,1.84,1.84,1.84,1.84,1.84,201,200,0.0,0.0,1.84,"August 31, 18",0.0,XTLB
2018-08-30,1.83,1.85,1.8028,1.85,1.85,1553,1600,0.02,1.09,1.83,"August 30, 18",0.0109,XTLB
2018-08-29,1.82,1.82,1.82,1.82,1.82,0,0,0.0,0.0,1.82,"August 29, 18",0.0,XTLB
2018-08-28,1.83,1.83,1.82,1.82,1.82,1215,1200,-0.01,-0.54645,1.82,"August 28, 18",-0.0054645,XTLB
2018-08-27,1.77,1.77,1.77,1.77,1.77,0,0,0.0,0.0,1.77,"August 27, 18",0.0,XTLB
2018-08-24,1.7235,1.81,1.7235,1.7715,1.77,650,700,0.048,2.79,1.78,"August 24, 18",0.0279,XTLB
2018-08-23,1.81,1.81,1.81,1.81,1.81,0,0,0.0,0.0,1.81,"August 23, 18",0.0,XTLB
2018-08-22,1.7186,1.81,1.7186,1.81,1.81,550,600,0.0914,5.32,1.75,"August 22, 18",0.0532,XTLB
2018-08-21,1.89,1.89,1.83,1.83,1.83,696,700,-0.06,-3.17,1.86,"August 21, 18",-0.0317,XTLB
2018-08-20,1.7,1.7,1.7,1.7,1.7,0,0,0.0,0.0,1.7,"August 20, 18",0.0,XTLB
2018-08-17,1.7,1.7,1.7,1.7,1.7,0,0,0.0,0.0,1.7,"August 17, 18",0.0,XTLB
2018-08-16,1.7,1.7,1.7,1.7,1.7,0,0,0.0,0.0,1.7,"August 16, 18",0.0,XTLB
2018-08-15,1.7034,1.7034,1.7034,1.7034,1.7,110,100,0.0,0.0,1.7,"August 15, 18",0.0,XTLB
2018-08-14,1.79,1.79,1.79,1.79,1.79,0,0,0.0,0.0,1.79,"August 14, 18",0.0,XTLB
2018-08-13,1.7,1.7866,1.7,1.7866,1.79,1150,1200,0.0866,5.09,1.75,"August 13, 18",0.0509,XTLB
2018-08-10,1.77,1.77,1.77,1.77,1.77,0,0,0.0,0.0,1.77,"August 10, 18",0.0,XTLB
2018-08-09,1.98,1.98,1.76,1.7682,1.77,1800,1800,-0.2118,-10.7,1.82,"August 09, 18",-0.107,XTLB
2018-08-08,1.76,1.82,1.76,1.82,1.82,1692,1700,0.06,3.41,1.77,"August 08, 18",0.0341,XTLB
2018-08-07,1.71,1.83,1.71,1.76,1.76,3600,3600,0.05,2.92,1.76,"August 07, 18",0.0292,XTLB
2018-08-06,1.71,1.7106,1.7,1.7,1.7,5190,5200,-0.01,-0.5848,1.71,"August 06, 18",-0.005848,XTLB
2018-08-03,1.8,1.8,1.73,1.73,1.73,2147,2100,-0.07,-3.89,1.77,"August 03, 18",-0.0389,XTLB
2018-08-02,1.6819,1.8579,1.6819,1.82,1.82,18175,18200,0.1381,8.21,1.76,"August 02, 18",0.0821,XTLB
2018-08-01,1.7233,1.77,1.7233,1.77,1.77,7064,7100,0.0467,2.71,1.74,"August 01, 18",0.0271,XTLB
2018-07-31,1.6733,1.75,1.6733,1.75,1.75,3667,3700,0.0767,4.58,1.68,"July 31, 18",0.0458,XTLB
2018-07-30,1.79,1.79,1.56,1.7,1.7,38564,38600,-0.09,-5.03,1.71,"July 30, 18",-0.0503,XTLB
2018-07-27,1.82,1.84,1.75,1.83,1.83,915,900,0.01,0.54945,1.82,"July 27, 18",0.0054945,XTLB
2018-07-26,1.8,1.8,1.8,1.8,1.8,0,0,0.0,0.0,1.8,"July 26, 18",0.0,XTLB
2018-07-25,1.81,1.841,1.8,1.8,1.8,13460,13500,-0.01,-0.55249,1.81,"July 25, 18",-0.0055249,XTLB
2018-07-24,1.8301,1.96,1.7401,1.75,1.75,92936,92900,-0.0801,-4.38,1.83,"July 24, 18",-0.0438,XTLB
2018-07-23,1.81,1.86,1.78,1.78,1.78,17061,17100,-0.03,-1.66,1.81,"July 23, 18",-0.0166,XTLB
2018-07-20,1.8,1.83,1.79,1.83,1.83,906,900,0.03,1.67,1.81,"July 20, 18",0.0167,XTLB
2018-07-19,1.78,1.9,1.78,1.82,1.82,13763,13800,0.04,2.25,1.82,"July 19, 18",0.0225,XTLB
2018-07-18,1.85,1.8958,1.8001,1.81,1.81,12599,12600,-0.04,-2.16,1.84,"July 18, 18",-0.0216,XTLB
2018-07-17,1.8,1.871,1.8,1.87,1.87,9093,9100,0.07,3.89,1.84,"July 17, 18",0.0389,XTLB
2018-07-16,1.9,1.9,1.81,1.81,1.81,9687,9700,-0.09,-4.74,1.85,"July 16, 18",-0.0474,XTLB
2018-07-13,1.82,1.8827,1.82,1.84,1.84,9462,9500,0.02,1.1,1.86,"July 13, 18",0.011,XTLB
2018-07-12,1.95,1.98,1.84,1.84,1.84,8169,8200,-0.11,-5.64,1.89,"July 12, 18",-0.0564,XTLB
2018-07-11,1.89,1.98,1.83,1.98,1.98,7691,7700,0.09,4.76,1.88,"July 11, 18",0.0476,XTLB
2018-07-10,1.9,1.92,1.83,1.84,1.84,13163,12800,-0.06,-3.16,1.86,"July 10, 18",-0.0316,XTLB
2018-07-09,1.91,2.64,1.83,1.9,1.9,341455,341500,-0.01,-0.52356,2.21,"July 09, 18",-0.0052356,XTLB
2018-07-06,1.99,1.99,1.99,1.99,1.99,173,200,0.0,0.0,1.93,"July 06, 18",0.0,XTLB
2018-07-05,1.93,1.95,1.83,1.83,1.83,717,700,-0.1,-5.18,1.89,"July 05, 18",-0.0518,XTLB
2018-07-03,1.94,1.96,1.82,1.82,1.82,6578,6600,-0.12,-6.19,1.87,"July 03, 18",-0.0619,XTLB
2018-07-02,1.8301,1.9173,1.809,1.87,1.87,11301,11300,0.0399,2.18,1.84,"July 02, 18",0.0218,XTLB
2018-06-29,1.91,1.91,1.91,1.91,1.91,0,0,0.0,0.0,1.91,"June 29, 18",0.0,XTLB
2018-06-28,1.85,2.07,1.78,1.91,1.91,16452,16500,0.06,3.24,1.91,"June 28, 18",0.0324,XTLB
2018-06-27,1.97,1.97,1.85,1.85,1.85,8644,8600,-0.12,-6.09,1.93,"June 27, 18",-0.0609,XTLB
2018-06-26,2.06,2.06,1.88,2.04,2.04,20503,20500,-0.02,-0.97087,1.98,"June 26, 18",-0.0097087,XTLB
2018-06-25,1.89,2.0899,1.8,2.08,2.08,83845,83800,0.19,10.05,1.98,"June 25, 18",0.1005,XTLB
2018-06-22,1.78,1.84,1.76,1.76,1.76,1523,1500,-0.02,-1.12,1.78,"June 22, 18",-0.0112,XTLB
2018-06-21,1.7972,1.8255,1.74,1.74,1.74,12904,12900,-0.0572,-3.18,1.77,"June 21, 18",-0.0318,XTLB
2018-06-20,1.774,1.879,1.771,1.8221,1.82,11391,11400,0.0481,2.71,1.81,"June 20, 18",0.0271,XTLB
2018-06-19,2.05,2.06,1.77,1.8,1.8,143511,143500,-0.25,-12.2,1.88,"June 19, 18",-0.122,XTLB
2018-06-18,1.85,2.189,1.85,2.13,2.13,149941,149300,0.28,15.14,2.07,"June 18, 18",0.1514,XTLB
2018-06-15,1.981,1.981,1.9586,1.96,1.96,2400,2400,-0.021,-1.06,1.97,"June 15, 18",-0.0106,XTLB
2018-06-14,1.9,1.9,1.9,1.9,1.9,125,100,0.0,0.0,1.9,"June 14, 18",0.0,XTLB
2018-06-13,1.89,1.89,1.89,1.89,1.89,309,300,0.0,0.0,1.89,"June 13, 18",0.0,XTLB
2018-06-12,1.92,1.94,1.92,1.94,1.94,1291,1300,0.02,1.04,1.94,"June 12, 18",0.0104,XTLB
2018-06-11,1.85,1.95,1.85,1.8624,1.86,610,600,0.0124,0.67027,1.87,"June 11, 18",0.0067027,XTLB
2018-06-08,1.92,1.92,1.92,1.92,1.92,104,100,0.0,0.0,1.92,"June 08, 18",0.0,XTLB
2018-06-07,1.9,1.94,1.86,1.94,1.94,5511,5500,0.04,2.11,1.86,"June 07, 18",0.0211,XTLB
2018-06-06,1.9253,2.15,1.87,1.87,1.87,23472,23300,-0.0553,-2.87,1.97,"June 06, 18",-0.0287,XTLB
2018-06-05,1.95,1.95,1.95,1.95,1.95,0,0,0.0,0.0,1.95,"June 05, 18",0.0,XTLB
2018-06-04,1.92,1.95,1.8974,1.95,1.95,4763,4800,0.03,1.56,1.93,"June 04, 18",0.0156,XTLB
2018-06-01,1.88,1.9095,1.88,1.9,1.9,3250,3300,0.02,1.06,1.9,"June 01, 18",0.0106,XTLB
2018-05-31,1.93,1.95,1.88,1.88,1.88,7861,7900,-0.05,-2.59,1.93,"May 31, 18",-0.0259,XTLB
2018-05-30,1.96,1.96,1.96,1.96,1.96,185,200,0.0,0.0,1.92,"May 30, 18",0.0,XTLB
2018-05-29,1.8727,1.9699,1.8711,1.955,1.96,6186,6200,0.0823,4.39,1.92,"May 29, 18",0.0439,XTLB
2018-05-25,1.9206,1.9604,1.9206,1.95,1.95,2749,2700,0.0294,1.53,1.95,"May 25, 18",0.0153,XTLB
2018-05-24,1.91,1.99,1.901,1.953,1.95,2617,2600,0.043,2.25,1.93,"May 24, 18",0.0225,XTLB
2018-05-23,1.9464,2.1216,1.94,2.03,2.03,17049,17000,0.0836,4.3,2.02,"May 23, 18",0.043,XTLB
2018-05-22,2.02,2.02,1.93,1.96,1.96,4080,4100,-0.06,-2.97,1.96,"May 22, 18",-0.0297,XTLB
2018-05-21,1.86,2.28,1.86,2.11,2.11,15880,15900,0.25,13.44,2.08,"May 21, 18",0.1344,XTLB
2018-05-18,1.96,2.13,1.96,1.96,1.96,10371,10400,0.0,0.0,2.01,"May 18, 18",0.0,XTLB
2018-05-17,1.9608,2.13,1.9608,2.0201,2.02,13344,13300,0.0593,3.02,2.01,"May 17, 18",0.0302,XTLB
2018-05-16,2.0,2.0612,1.91,1.95,1.95,20515,20500,-0.05,-2.5,2.0,"May 16, 18",-0.025,XTLB
2018-05-15,1.92,2.15,1.85,2.15,2.15,12624,12600,0.23,11.98,2.01,"May 15, 18",0.1198,XTLB
2018-05-14,1.9798,1.9798,1.78,1.82,1.82,21046,21000,-0.1598,-8.07,1.8,"May 14, 18",-0.0807,XTLB
2018-05-11,2.0199,2.0199,1.86,1.88,1.88,28898,28900,-0.1399,-6.93,1.92,"May 11, 18",-0.0693,XTLB
2018-05-10,1.901,2.0989,1.8693,2.0799,2.08,19126,19100,0.1789,9.41,1.98,"May 10, 18",0.0941,XTLB
2018-05-09,1.9,2.0898,1.9,2.0,2.0,58981,59000,0.1,5.26,1.97,"May 09, 18",0.0526,XTLB
2018-05-08,2.29,2.29,1.92,1.96,1.96,202719,202700,-0.33,-14.41,2.06,"May 08, 18",-0.1441,XTLB
2018-05-07,1.69,3.9399,1.58,2.4149,2.41,2166750,2166800,0.7249,42.89,2.8,"May 07, 18",0.4289,XTLB
2018-05-04,1.598,1.69,1.598,1.6899,1.69,42800,42800,0.0919,5.75,1.67,"May 04, 18",0.0575,XTLB
2018-05-03,1.63,1.63,1.63,1.63,1.63,0,0,0.0,0.0,1.63,"May 03, 18",0.0,XTLB
2018-05-02,1.64,1.647,1.63,1.63,1.63,2112,2100,-0.01,-0.60976,1.64,"May 02, 18",-0.0060976,XTLB
2018-05-01,1.63,1.63,1.63,1.63,1.63,240,200,0.0,0.0,1.63,"May 01, 18",0.0,XTLB
2018-04-30,1.61,1.61,1.5501,1.5501,1.55,2277,2300,-0.0599,-3.72,1.58,"April 30, 18",-0.0372,XTLB
2018-04-27,1.7,1.7,1.7,1.7,1.7,0,0,0.0,0.0,1.7,"April 27, 18",0.0,XTLB
2018-04-26,1.7,1.7,1.7,1.7,1.7,0,0,0.0,0.0,1.7,"April 26, 18",0.0,XTLB
2018-04-25,1.65,1.7,1.65,1.7,1.7,1200,1200,0.05,3.03,1.66,"April 25, 18",0.0303,XTLB
2018-04-24,1.64,1.68,1.61,1.68,1.68,3826,3800,0.04,2.44,1.63,"April 24, 18",0.0244,XTLB
2018-04-23,1.64,1.6408,1.64,1.64,1.64,2004,2000,0.0,0.0,1.64,"April 23, 18",0.0,XTLB
2018-04-20,1.71,1.71,1.64,1.678,1.68,2038,2000,-0.032,-1.87,1.67,"April 20, 18",-0.0187,XTLB
2018-04-19,1.72,1.72,1.72,1.72,1.72,0,0,0.0,0.0,1.72,"April 19, 18",0.0,XTLB
2018-04-18,1.72,1.72,1.72,1.72,1.72,0,0,0.0,0.0,1.72,"April 18, 18",0.0,XTLB
2018-04-17,1.72,1.72,1.72,1.72,1.72,0,0,0.0,0.0,1.72,"April 17, 18",0.0,XTLB
2018-04-16,1.72,1.72,1.72,1.72,1.72,0,0,0.0,0.0,1.72,"April 16, 18",0.0,XTLB
2018-04-13,1.72,1.72,1.72,1.72,1.72,0,0,0.0,0.0,1.72,"April 13, 18",0.0,XTLB
2018-04-12,1.7352,1.7352,1.72,1.72,1.72,4610,4600,-0.0152,-0.87598,1.72,"April 12, 18",-0.0087598,XTLB
2018-04-11,1.76,1.76,1.72,1.72,1.72,5100,5100,-0.04,-2.27,1.73,"April 11, 18",-0.0227,XTLB
2018-04-10,1.75,1.7502,1.69,1.72,1.72,34601,34600,-0.03,-1.71,1.72,"April 10, 18",-0.0171,XTLB
2018-04-09,1.8,1.8,1.8,1.8,1.8,150,200,0.0,0.0,1.8,"April 09, 18",0.0,XTLB
2018-04-06,1.711,1.7513,1.711,1.7513,1.75,1128,1100,0.0403,2.36,1.73,"April 06, 18",0.0236,XTLB
2018-04-05,1.781,1.802,1.721,1.8,1.8,3300,3300,0.019,1.07,1.77,"April 05, 18",0.0107,XTLB
2018-04-04,1.7,1.8599,1.7,1.7199,1.72,15005,15000,0.0199,1.17,1.77,"April 04, 18",0.0117,XTLB
2018-04-03,1.82,1.87,1.72,1.73,1.73,29535,29500,-0.09,-4.95,1.8,"April 03, 18",-0.0495,XTLB
2018-04-02,1.73,1.89,1.7091,1.85,1.85,32065,32100,0.12,6.94,1.77,"April 02, 18",0.0694,XTLB
2018-03-29,1.73,1.73,1.73,1.73,1.73,400,400,0.0,0.0,1.73,"March 29, 18",0.0,XTLB
2018-03-28,1.68,1.7001,1.68,1.7001,1.7,2222,2200,0.0201,1.2,1.68,"March 28, 18",0.012,XTLB
2018-03-27,1.68,1.71,1.68,1.68,1.68,7600,7600,0.0,0.0,1.68,"March 27, 18",0.0,XTLB
2018-03-26,1.7361,1.89,1.66,1.86,1.86,19000,19000,0.1239,7.14,1.79,"March 26, 18",0.0714,XTLB
2018-03-23,1.74,1.74,1.74,1.74,1.74,0,0,0.0,0.0,1.74,"March 23, 18",0.0,XTLB
2018-03-22,1.74,1.75,1.7,1.7364,1.74,10418,10400,-0.0036,-0.2069,1.74,"March 22, 18",-0.002069,XTLB
2018-03-21,1.81,1.81,1.79,1.8,1.8,1300,1300,-0.01,-0.55249,1.8,"March 21, 18",-0.0055249,XTLB
2018-03-20,1.88,1.8924,1.83,1.88,1.88,12989,13000,0.0,0.0,1.86,"March 20, 18",0.0,XTLB
2018-03-19,1.89,1.9,1.721,1.87,1.87,48401,48400,-0.02,-1.06,1.78,"March 19, 18",-0.0106,XTLB
2018-03-16,1.7552,1.8,1.7552,1.8,1.8,1038,1000,0.0448,2.55,1.79,"March 16, 18",0.0255,XTLB
2018-03-15,1.71,1.79,1.71,1.71,1.71,4425,4400,0.0,0.0,1.73,"March 15, 18",0.0,XTLB
2018-03-14,1.67,1.67,1.67,1.67,1.67,0,0,0.0,0.0,1.67,"March 14, 18",0.0,XTLB
2018-03-13,1.6504,1.6698,1.6504,1.6698,1.67,700,700,0.0194,1.18,1.65,"March 13, 18",0.0118,XTLB
2018-03-12,1.6999,1.7,1.64,1.7,1.7,12921,12900,0.0001,0.0058827,1.7,"March 12, 18",5.8827e-05,XTLB
2018-03-09,1.64,1.7,1.64,1.6957,1.7,746,700,0.0557,3.4,1.68,"March 09, 18",0.034,XTLB
2018-03-08,1.7,1.7,1.62,1.64,1.64,2089,2100,-0.06,-3.53,1.66,"March 08, 18",-0.0353,XTLB
2018-03-07,1.7,1.7,1.7,1.7,1.7,110,100,0.0,0.0,1.69,"March 07, 18",0.0,XTLB
2018-03-06,1.73,1.73,1.695,1.699,1.7,11437,11400,-0.031,-1.79,1.7,"March 06, 18",-0.0179,XTLB
2018-03-05,1.78,1.78,1.74,1.75,1.75,1900,1900,-0.03,-1.69,1.76,"March 05, 18",-0.0169,XTLB
2018-03-02,1.79,1.79,1.79,1.79,1.79,0,0,0.0,0.0,1.79,"March 02, 18",0.0,XTLB
2018-03-01,1.79,1.79,1.79,1.79,1.79,0,0,0.0,0.0,1.79,"March 01, 18",0.0,XTLB
2018-02-28,1.78,1.8,1.78,1.79,1.79,2061,2100,0.01,0.5618,1.79,"February 28, 18",0.005618,XTLB
2018-02-27,1.8,1.8,1.73,1.73,1.73,25964,26000,-0.07,-3.89,1.79,"February 27, 18",-0.0389,XTLB
2018-02-26,1.85,1.85,1.79,1.8,1.8,37140,37100,-0.05,-2.7,1.81,"February 26, 18",-0.027,XTLB
2018-02-23,1.8499,1.85,1.8499,1.85,1.85,1103,1100,0.0001,0.0054057,1.85,"February 23, 18",5.4057e-05,XTLB
2018-02-22,1.9,1.91,1.85,1.85,1.85,6238,6200,-0.05,-2.63,1.88,"February 22, 18",-0.0263,XTLB
2018-02-21,1.9,1.975,1.9,1.92,1.92,5483,5500,0.02,1.05,1.9,"February 21, 18",0.0105,XTLB
2018-02-20,1.9864,1.9864,1.9864,1.9864,1.99,532,500,0.0,0.0,1.98,"February 20, 18",0.0,XTLB
2018-02-16,2.05,2.05,2.05,2.05,2.05,0,0,0.0,0.0,2.05,"February 16, 18",0.0,XTLB
2018-02-15,2.05,2.05,2.05,2.05,2.05,0,0,0.0,0.0,2.05,"February 15, 18",0.0,XTLB
2018-02-14,2.05,2.05,2.05,2.05,2.05,0,0,0.0,0.0,2.05,"February 14, 18",0.0,XTLB
2018-02-13,2.05,2.05,2.05,2.05,2.05,100,100,0.0,0.0,2.05,"February 13, 18",0.0,XTLB
2018-02-12,1.93,2.05,1.92,2.05,2.05,2210,2200,0.12,6.22,1.94,"February 12, 18",0.0622,XTLB
2018-02-09,1.9698,1.97,1.84,1.87,1.87,7740,7700,-0.0998,-5.07,1.95,"February 09, 18",-0.0507,XTLB
2018-02-08,1.98,2.09,1.98,2.09,2.09,2290,2300,0.11,5.56,2.09,"February 08, 18",0.0556,XTLB
2018-02-07,2.04,2.0645,1.98,1.98,1.98,1928,1900,-0.06,-2.94,2.03,"February 07, 18",-0.0294,XTLB
2018-02-06,2.05,2.1,1.98,2.04,2.04,18132,18100,-0.01,-0.4878,2.05,"February 06, 18",-0.004878,XTLB
2018-02-05,2.1,2.15,2.1,2.1,2.1,7900,7900,0.0,0.0,2.13,"February 05, 18",0.0,XTLB
2018-02-02,2.14,2.24,2.13,2.22,2.22,1122,1100,0.08,3.74,2.15,"February 02, 18",0.0374,XTLB
2018-02-01,2.22,2.22,2.22,2.22,2.22,0,0,0.0,0.0,2.22,"February 01, 18",0.0,XTLB
2018-01-31,2.25,2.25,2.18,2.22,2.22,5140,5100,-0.03,-1.33,2.22,"January 31, 18",-0.0133,XTLB
2018-01-30,2.29,2.3,2.29,2.29,2.29,676,700,0.0,0.0,2.29,"January 30, 18",0.0,XTLB
2018-01-29,2.2245,2.32,2.22,2.22,2.22,22009,22000,-0.0045,-0.20229,2.22,"January 29, 18",-0.0020229,XTLB
2018-01-26,2.25,2.25,2.25,2.25,2.25,0,0,0.0,0.0,2.25,"January 26, 18",0.0,XTLB
2018-01-25,2.18,2.2878,2.18,2.25,2.25,5796,5800,0.07,3.21,2.22,"January 25, 18",0.0321,XTLB
2018-01-24,2.21,2.34,2.2,2.33,2.33,12760,12800,0.12,5.43,2.23,"January 24, 18",0.0543,XTLB
2018-01-23,2.25,2.37,2.23,2.28,2.28,12567,12600,0.03,1.33,2.26,"January 23, 18",0.0133,XTLB
2018-01-22,2.26,2.3877,2.23,2.2999,2.3,10729,10700,0.0399,1.77,2.3,"January 22, 18",0.0177,XTLB
2018-01-19,2.38,2.43,2.36,2.4,2.4,2265,2300,0.02,0.84034,2.38,"January 19, 18",0.0084034,XTLB
2018-01-18,2.32,2.4001,2.2999,2.38,2.38,12960,13000,0.06,2.59,2.36,"January 18, 18",0.0259,XTLB
2018-01-17,2.3,2.44,2.3,2.4399,2.44,12550,12600,0.1399,6.08,2.34,"January 17, 18",0.0608,XTLB
2018-01-16,2.54,2.54,2.3,2.3201,2.32,19275,19300,-0.2199,-8.66,2.38,"January 16, 18",-0.0866,XTLB
2018-01-12,2.36,2.55,2.36,2.55,2.55,3215,3200,0.19,8.05,2.54,"January 12, 18",0.0805,XTLB
2018-01-11,2.4,2.45,2.37,2.37,2.37,3125,3100,-0.03,-1.25,2.4,"January 11, 18",-0.0125,XTLB
2018-01-10,2.38,2.41,2.3799,2.4,2.4,7177,7200,0.02,0.84034,2.39,"January 10, 18",0.0084034,XTLB
2018-01-09,2.4291,2.4291,2.4291,2.4291,2.43,600,600,0.0,0.0,2.43,"January 09, 18",0.0,XTLB
2018-01-08,2.46,2.494,2.45,2.46,2.46,9915,9900,0.0,0.0,2.46,"January 08, 18",0.0,XTLB
2018-01-05,2.3953,2.47,2.3953,2.45,2.45,3608,3600,0.0547,2.28,2.42,"January 05, 18",0.0228,XTLB
2018-01-04,2.344,2.57,2.268,2.45,2.45,4925,4900,0.106,4.52,2.37,"January 04, 18",0.0452,XTLB
2018-01-03,2.49,2.5,2.31,2.43,2.43,7095,7100,-0.06,-2.41,2.44,"January 03, 18",-0.0241,XTLB
2018-01-02,2.4,2.4399,2.26,2.4399,2.44,17173,17200,0.0399,1.66,2.37,"January 02, 18",0.0166,XTLB
2017-12-29,2.39,2.4048,2.246,2.2872,2.29,18558,18600,-0.1028,-4.3,2.3,"December 29, 17",-0.043,XTLB
2017-12-28,2.37,2.4,2.26,2.4,2.4,7579,7600,0.03,1.27,2.31,"December 28, 17",0.0127,XTLB
2017-12-27,2.36,2.45,2.3357,2.35,2.35,21753,21800,-0.01,-0.42373,2.39,"December 27, 17",-0.0042373,XTLB
2017-12-26,2.32,2.48,2.23,2.48,2.48,16492,16500,0.16,6.9,2.36,"December 26, 17",0.069,XTLB
2017-12-22,2.3701,2.3999,2.37,2.3999,2.4,2499,2500,0.0298,1.26,2.37,"December 22, 17",0.0126,XTLB
2017-12-21,2.34,2.37,2.33,2.33,2.33,1700,1700,-0.01,-0.42735,2.35,"December 21, 17",-0.0042735,XTLB
2017-12-20,2.4,2.4028,2.2144,2.3,2.3,6048,6000,-0.1,-4.17,2.3,"December 20, 17",-0.0417,XTLB
2017-12-19,2.3,2.35,2.2646,2.35,2.35,5914,5900,0.05,2.17,2.3,"December 19, 17",0.0217,XTLB
2017-12-18,2.1844,2.1844,2.1844,2.1844,2.18,198,200,0.0,0.0,2.19,"December 18, 17",0.0,XTLB
2017-12-15,2.34,2.34,2.34,2.34,2.34,0,0,0.0,0.0,2.34,"December 15, 17",0.0,XTLB
2017-12-14,2.33,2.34,2.33,2.34,2.34,1551,1600,0.01,0.42918,2.34,"December 14, 17",0.0042918,XTLB
2017-12-13,2.3015,2.3015,2.3015,2.3015,2.3,1000,1000,0.0,0.0,2.26,"December 13, 17",0.0,XTLB
2017-12-12,2.31,2.31,2.31,2.31,2.31,200,200,0.0,0.0,2.31,"December 12, 17",0.0,XTLB
2017-12-11,2.33,2.4,2.2999,2.4,2.4,7552,7600,0.07,3.0,2.34,"December 11, 17",0.03,XTLB
2017-12-08,2.26,2.4,2.25,2.4,2.4,1404,1400,0.14,6.19,2.28,"December 08, 17",0.0619,XTLB
2017-12-07,2.2311,2.3,2.2311,2.3,2.3,2520,2500,0.0689,3.09,2.29,"December 07, 17",0.0309,XTLB
2017-12-06,2.38,2.38,2.33,2.33,2.33,2398,2400,-0.05,-2.1,2.35,"December 06, 17",-0.021,XTLB
2017-12-05,2.36,2.51,2.301,2.32,2.32,8207,8200,-0.04,-1.69,2.41,"December 05, 17",-0.0169,XTLB
2017-12-04,2.39,2.39,2.39,2.39,2.39,288,300,0.0,0.0,2.39,"December 04, 17",0.0,XTLB
2017-12-01,2.6101,2.6175,2.35,2.41,2.41,8303,8300,-0.2001,-7.67,2.48,"December 01, 17",-0.0767,XTLB
2017-11-30,2.36,2.48,2.3499,2.38,2.38,13986,14000,0.02,0.84746,2.4,"November 30, 17",0.0084746,XTLB
2017-11-29,2.25,2.45,2.25,2.37,2.37,15350,15400,0.12,5.33,2.37,"November 29, 17",0.0533,XTLB
2017-11-28,2.45,2.46,2.25,2.28,2.28,10976,11000,-0.17,-6.94,2.42,"November 28, 17",-0.0694,XTLB
2017-11-27,2.39,2.4,2.36,2.36,2.36,840,800,-0.03,-1.26,2.37,"November 27, 17",-0.0126,XTLB
2017-11-24,2.42,2.42,2.42,2.42,2.42,0,0,0.0,0.0,2.42,"November 24, 17",0.0,XTLB
2017-11-22,2.4,2.58,2.4,2.42,2.42,3206,3200,0.02,0.83333,2.45,"November 22, 17",0.0083333,XTLB
2017-11-21,2.451,2.63,2.43,2.45,2.45,5507,5500,-0.001,-0.04079967,2.52,"November 21, 17",-0.0004079967,XTLB
2017-11-20,2.58,2.6,2.39,2.56,2.56,8306,8300,-0.02,-0.77519,2.44,"November 20, 17",-0.0077519,XTLB
2017-11-17,2.63,2.69,2.58,2.6,2.6,15650,15700,-0.03,-1.14,2.64,"November 17, 17",-0.0114,XTLB
2017-11-16,2.545,2.66,2.545,2.56,2.56,2464,2500,0.015,0.58939,2.57,"November 16, 17",0.0058939,XTLB
2017-11-15,2.35,2.94,2.35,2.52,2.52,25176,25200,0.17,7.23,2.57,"November 15, 17",0.0723,XTLB
2017-11-14,2.3,2.319,2.286,2.319,2.32,2100,2100,0.019,0.82609,2.3,"November 14, 17",0.0082609,XTLB
2017-11-13,2.3,2.32,2.19,2.25,2.25,1335,1300,-0.05,-2.17,2.27,"November 13, 17",-0.0217,XTLB
2017-11-10,2.42,2.44,2.4,2.44,2.44,4182,4200,0.02,0.82645,2.41,"November 10, 17",0.0082645,XTLB
2017-11-09,2.14,2.262,2.14,2.22,2.22,7172,7200,0.08,3.74,2.23,"November 09, 17",0.0374,XTLB
2017-11-08,2.4,2.4,2.4,2.4,2.4,0,0,0.0,0.0,2.4,"November 08, 17",0.0,XTLB
2017-11-07,2.4,2.4,2.4,2.4,2.4,0,0,0.0,0.0,2.4,"November 07, 17",0.0,XTLB
2017-11-06,2.19,2.47,2.19,2.4,2.4,2362,2400,0.21,9.59,2.32,"November 06, 17",0.0959,XTLB
2017-11-03,2.212,2.212,2.21,2.21,2.21,1657,1700,-0.002,-0.09041591,2.21,"November 03, 17",-0.0009041591,XTLB
2017-11-02,2.28,2.3,2.2,2.2,2.2,6621,6600,-0.08,-3.51,2.24,"November 02, 17",-0.0351,XTLB
2017-11-01,2.3,2.38,2.3,2.3499,2.35,4576,4600,0.0499,2.17,2.34,"November 01, 17",0.0217,XTLB
2017-10-31,2.33,2.48,2.26,2.26,2.26,22104,22100,-0.07,-3.0,2.35,"October 31, 17",-0.03,XTLB
2017-10-30,2.29,2.29,2.29,2.29,2.29,0,0,0.0,0.0,2.29,"October 30, 17",0.0,XTLB
2017-10-27,2.21,2.2899,2.21,2.2899,2.29,620,600,0.0799,3.62,2.26,"October 27, 17",0.0362,XTLB
2017-10-26,2.38,2.4,2.16,2.16,2.16,5351,5400,-0.22,-9.24,2.32,"October 26, 17",-0.0924,XTLB
2017-10-25,2.47,2.48,2.38,2.4071,2.41,1207,1200,-0.0629,-2.55,2.43,"October 25, 17",-0.0255,XTLB
2017-10-24,2.3929,2.42,2.3929,2.42,2.42,3516,3500,0.0271,1.13,2.41,"October 24, 17",0.0113,XTLB
2017-10-23,2.42,2.48,2.42,2.48,2.48,2040,2000,0.06,2.48,2.44,"October 23, 17",0.0248,XTLB
2017-10-20,2.4,2.4,2.35,2.35,2.35,15253,15300,-0.05,-2.08,2.39,"October 20, 17",-0.0208,XTLB
2017-10-19,2.48,2.52,2.35,2.37,2.37,8711,8700,-0.11,-4.44,2.44,"October 19, 17",-0.0444,XTLB
2017-10-18,2.58,2.58,2.46,2.46,2.46,701,700,-0.12,-4.65,2.51,"October 18, 17",-0.0465,XTLB
2017-10-17,2.55,2.55,2.49,2.49,2.49,440,400,-0.06,-2.35,2.52,"October 17, 17",-0.0235,XTLB
2017-10-16,2.59,2.59,2.42,2.5,2.5,5624,5600,-0.09,-3.47,2.52,"October 16, 17",-0.0347,XTLB
2017-10-13,2.6912,2.6912,2.5878,2.5878,2.59,1400,1400,-0.1034,-3.84,2.64,"October 13, 17",-0.0384,XTLB
2017-10-12,2.56,2.6553,2.56,2.64,2.64,18583,18600,0.08,3.13,2.62,"October 12, 17",0.0313,XTLB
2017-10-11,2.64,2.65,2.48,2.48,2.48,12525,12500,-0.16,-6.06,2.58,"October 11, 17",-0.0606,XTLB
2017-10-10,2.7856,2.856,2.62,2.69,2.69,5729,5700,-0.0956,-3.43,2.75,"October 10, 17",-0.0343,XTLB
2017-10-09,2.42,2.63,2.42,2.63,2.63,3942,3900,0.21,8.68,2.53,"October 09, 17",0.0868,XTLB
2017-10-06,2.54,2.54,2.54,2.54,2.54,0,0,0.0,0.0,2.54,"October 06, 17",0.0,XTLB
2017-10-05,2.54,2.54,2.4488,2.54,2.54,5346,5300,0.0,0.0,2.52,"October 05, 17",0.0,XTLB
2017-10-04,2.48,2.63,2.48,2.54,2.54,5725,5700,0.06,2.42,2.5,"October 04, 17",0.0242,XTLB
2017-10-03,2.4601,2.4644,2.4601,2.4644,2.46,600,600,0.0043,0.17479,2.46,"October 03, 17",0.0017479,XTLB
2017-10-02,2.43,2.56,2.43,2.5,2.5,890,900,0.07,2.88,2.51,"October 02, 17",0.0288,XTLB
2017-09-29,2.4,2.4,2.4,2.4,2.4,0,0,0.0,0.0,2.4,"September 29, 17",0.0,XTLB
2017-09-28,2.5601,2.5601,2.3,2.4,2.4,13157,13200,-0.1601,-6.25,2.47,"September 28, 17",-0.0625,XTLB
2017-09-27,2.5101,2.65,2.5101,2.65,2.65,354,400,0.1399,5.57,2.59,"September 27, 17",0.0557,XTLB
2017-09-26,2.61,2.61,2.51,2.56,2.56,9487,9500,-0.05,-1.92,2.56,"September 26, 17",-0.0192,XTLB
2017-09-25,2.625,2.625,2.55,2.59,2.59,584,600,-0.035,-1.33,2.61,"September 25, 17",-0.0133,XTLB
2017-09-22,2.54,2.54,2.54,2.54,2.54,184,200,0.0,0.0,2.55,"September 22, 17",0.0,XTLB
2017-09-21,2.67,2.67,2.67,2.67,2.67,0,0,0.0,0.0,2.67,"September 21, 17",0.0,XTLB
2017-09-20,2.65,2.67,2.64,2.67,2.67,1157,1200,0.02,0.75472,2.65,"September 20, 17",0.0075472,XTLB
2017-09-19,2.65,2.72,2.65,2.66,2.66,4564,4600,0.01,0.37736,2.7,"September 19, 17",0.0037736,XTLB
2017-09-18,2.7,2.7,2.634,2.634,2.63,670,700,-0.066,-2.44,2.68,"September 18, 17",-0.0244,XTLB
2017-09-15,2.5601,2.58,2.5601,2.58,2.58,579,600,0.0199,0.77731,2.57,"September 15, 17",0.0077731,XTLB
2017-09-14,2.53,2.84,2.5,2.53,2.53,8776,8800,0.0,0.0,2.68,"September 14, 17",0.0,XTLB
2017-09-13,2.52,2.542,2.51,2.542,2.54,350,400,0.022,0.87302,2.53,"September 13, 17",0.0087302,XTLB
2017-09-12,2.5426,2.669,2.5426,2.6,2.6,5492,5500,0.0574,2.26,2.59,"September 12, 17",0.0226,XTLB
2017-09-11,2.51,2.5999,2.51,2.51,2.51,6128,6100,0.0,0.0,2.57,"September 11, 17",0.0,XTLB
2017-09-08,2.52,2.52,2.51,2.51,2.51,340,300,-0.01,-0.39683,2.51,"September 08, 17",-0.0039683,XTLB
2017-09-07,2.62,2.62,2.51,2.52,2.52,7305,7300,-0.1,-3.82,2.55,"September 07, 17",-0.0382,XTLB
2017-09-06,2.56,2.56,2.54,2.54,2.54,510,500,-0.02,-0.78125,2.55,"September 06, 17",-0.0078125,XTLB
2017-09-05,2.54,2.565,2.52,2.56,2.56,4590,4600,0.02,0.7874,2.55,"September 05, 17",0.007874,XTLB
2017-09-01,2.61,2.63,2.5,2.6299,2.63,8919,8900,0.0199,0.76245,2.59,"September 01, 17",0.0076245,XTLB
2017-08-31,2.56,2.6726,2.56,2.6726,2.67,1900,1900,0.1126,4.4,2.63,"August 31, 17",0.044,XTLB
2017-08-30,2.65,2.68,2.55,2.6,2.6,3340,3300,-0.05,-1.89,2.6,"August 30, 17",-0.0189,XTLB
2017-08-29,2.73,2.7436,2.65,2.68,2.68,4350,4400,-0.05,-1.83,2.68,"August 29, 17",-0.0183,XTLB
2017-08-28,2.82,2.82,2.82,2.82,2.82,0,0,0.0,0.0,2.82,"August 28, 17",0.0,XTLB
2017-08-25,2.8501,2.8822,2.81,2.82,2.82,10835,10800,-0.0301,-1.06,2.84,"August 25, 17",-0.0106,XTLB
2017-08-24,2.77,2.8699,2.7424,2.82,2.82,15527,15500,0.05,1.81,2.82,"August 24, 17",0.0181,XTLB
2017-08-23,2.79,2.9,2.69,2.76,2.76,19222,19200,-0.03,-1.08,2.79,"August 23, 17",-0.0108,XTLB
2017-08-22,2.82,2.97,2.74,2.78,2.78,13339,13300,-0.04,-1.42,2.85,"August 22, 17",-0.0142,XTLB
2017-08-21,2.78,2.8507,2.7204,2.8399,2.84,19972,20000,0.0599,2.15,2.78,"August 21, 17",0.0215,XTLB
2017-08-18,2.63,2.79,2.63,2.75,2.75,5930,5900,0.12,4.56,2.76,"August 18, 17",0.0456,XTLB
2017-08-17,2.7099,2.77,2.64,2.71,2.71,6185,6200,0.0001,0.00369017,2.7,"August 17, 17",3.69017e-05,XTLB
2017-08-16,2.9,2.97,2.71,2.72,2.72,30155,30200,-0.18,-6.21,2.89,"August 16, 17",-0.0621,XTLB
2017-08-15,2.6999,3.0,2.61,2.8609,2.86,23690,23700,0.161,5.96,2.79,"August 15, 17",0.0596,XTLB
2017-08-14,2.6501,2.78,2.6501,2.765,2.77,2626,2600,0.1149,4.34,2.75,"August 14, 17",0.0434,XTLB
2017-08-11,2.6101,2.79,2.6101,2.63,2.63,3242,3200,0.0199,0.76242,2.68,"August 11, 17",0.0076242,XTLB
2017-08-10,2.9,2.9,2.62,2.63,2.63,27349,27300,-0.27,-9.31,2.69,"August 10, 17",-0.0931,XTLB
2017-08-09,3.09,3.09,2.7341,2.9899,2.99,11403,11400,-0.1001,-3.24,2.89,"August 09, 17",-0.0324,XTLB
2017-08-08,3.09,3.09,3.09,3.09,3.09,240,200,0.0,0.0,3.09,"August 08, 17",0.0,XTLB
2017-08-07,3.29,3.29,3.1732,3.2899,3.29,2406,2400,-0.0001,-0.00303951,3.26,"August 07, 17",-3.03951e-05,XTLB
2017-08-04,3.31,3.31,3.31,3.31,3.31,0,0,0.0,0.0,3.31,"August 04, 17",0.0,XTLB
2017-08-03,3.31,3.31,3.31,3.31,3.31,0,0,0.0,0.0,3.31,"August 03, 17",0.0,XTLB
2017-08-02,3.37,3.37,3.22,3.31,3.31,930,900,-0.06,-1.78,3.3,"August 02, 17",-0.0178,XTLB
2017-08-01,3.35,3.5,3.2333,3.5,3.5,1108,1100,0.15,4.48,3.29,"August 01, 17",0.0448,XTLB
2017-07-31,3.1601,3.4,3.1601,3.4,3.4,4977,5000,0.2399,7.59,3.27,"July 31, 17",0.0759,XTLB
2017-07-28,3.23,3.25,3.1247,3.25,3.25,3087,3100,0.02,0.6192,3.22,"July 28, 17",0.006192,XTLB
2017-07-27,3.31,3.5,3.23,3.25,3.25,5150,5200,-0.06,-1.81,3.41,"July 27, 17",-0.0181,XTLB
2017-07-26,3.32,3.4,3.3,3.36,3.36,15345,15300,0.04,1.2,3.36,"July 26, 17",0.012,XTLB
2017-07-25,3.3,3.3,3.2,3.3,3.3,2737,2700,0.0,0.0,3.26,"July 25, 17",0.0,XTLB
2017-07-24,3.29,3.3,3.25,3.3,3.3,2412,2400,0.01,0.30395,3.28,"July 24, 17",0.0030395,XTLB
2017-07-21,3.32,3.48,3.2,3.38,3.38,24107,24100,0.06,1.81,3.32,"July 21, 17",0.0181,XTLB
2017-07-20,3.32,3.4,3.32,3.4,3.4,5405,5400,0.08,2.41,3.36,"July 20, 17",0.0241,XTLB
2017-07-19,3.45,3.49,3.13,3.32,3.32,17086,17100,-0.13,-3.77,3.35,"July 19, 17",-0.0377,XTLB
2017-07-18,3.29,3.4,3.096,3.3,3.3,9742,9700,0.01,0.30395,3.35,"July 18, 17",0.0030395,XTLB
2017-07-17,3.39,3.39,3.25,3.25,3.25,16778,16800,-0.14,-4.13,3.34,"July 17, 17",-0.0413,XTLB
2017-07-14,3.28,3.32,3.19,3.24,3.24,16245,16200,-0.04,-1.22,3.24,"July 14, 17",-0.0122,XTLB
2017-07-13,3.41,3.41,3.32,3.34,3.34,3175,3200,-0.07,-2.05,3.36,"July 13, 17",-0.0205,XTLB
2017-07-12,3.45,3.58,3.29,3.39,3.39,6501,6500,-0.06,-1.74,3.37,"July 12, 17",-0.0174,XTLB
2017-07-11,3.25,3.5,3.25,3.5,3.5,16385,16400,0.25,7.69,3.38,"July 11, 17",0.0769,XTLB
2017-07-10,3.41,3.53,3.16,3.37,3.37,19851,19900,-0.04,-1.17,3.24,"July 10, 17",-0.0117,XTLB
2017-07-07,3.39,3.53,3.32,3.38,3.38,26209,26200,-0.01,-0.29499,3.42,"July 07, 17",-0.0029499,XTLB
2017-07-06,3.1448,3.8499,3.1448,3.56,3.56,89600,89600,0.4152,13.2,3.58,"July 06, 17",0.132,XTLB
2017-07-05,3.36,3.49,3.171,3.48,3.48,8618,8600,0.12,3.57,3.39,"July 05, 17",0.0357,XTLB
2017-07-03,3.4699,3.48,3.13,3.39,3.39,1700,1700,-0.0799,-2.3,3.35,"July 03, 17",-0.023,XTLB
2017-06-30,3.27,4.14,3.16,3.16,3.16,42951,43000,-0.11,-3.36,3.57,"June 30, 17",-0.0336,XTLB
2017-06-29,2.9,3.28,2.8987,3.28,3.28,34740,34700,0.38,13.1,3.08,"June 29, 17",0.131,XTLB
2017-06-28,3.07,3.14,2.98,3.0645,3.06,12621,12600,-0.0055,-0.17915,3.05,"June 28, 17",-0.0017915,XTLB
2017-06-27,2.99,3.07,2.96,3.001,3.0,4535,4500,0.011,0.36789,3.02,"June 27, 17",0.0036789,XTLB
2017-06-26,2.9,3.1255,2.9,2.94,2.94,15541,15500,0.04,1.38,2.99,"June 26, 17",0.0138,XTLB
2017-06-23,2.99,2.99,2.87,2.87,2.87,4777,4800,-0.12,-4.01,2.94,"June 23, 17",-0.0401,XTLB
2017-06-22,2.87,3.06,2.87,2.99,2.99,23949,23900,0.12,4.18,2.95,"June 22, 17",0.0418,XTLB
2017-06-21,2.82,2.8301,2.78,2.83,2.83,6793,6800,0.01,0.35461,2.83,"June 21, 17",0.0035461,XTLB
2017-06-20,2.95,2.95,2.72,2.8,2.8,10050,10100,-0.15,-5.08,2.82,"June 20, 17",-0.0508,XTLB
2017-06-19,2.83,2.9447,2.72,2.81,2.81,28564,27800,-0.02,-0.70671,2.84,"June 19, 17",-0.0070671,XTLB
2017-06-16,2.71,2.78,2.66,2.68,2.68,3043,3000,-0.03,-1.11,2.71,"June 16, 17",-0.0111,XTLB
2017-06-15,2.83,2.86,2.7,2.76,2.76,45390,45400,-0.07,-2.47,2.79,"June 15, 17",-0.0247,XTLB
2017-06-14,2.69,2.82,2.6227,2.82,2.82,34040,34000,0.13,4.83,2.73,"June 14, 17",0.0483,XTLB
2017-06-13,2.68,2.68,2.56,2.56,2.56,200,200,-0.12,-4.48,2.62,"June 13, 17",-0.0448,XTLB
2017-06-12,2.6,2.6225,2.55,2.6,2.6,9605,9600,0.0,0.0,2.6,"June 12, 17",0.0,XTLB
2017-06-09,2.56,2.58,2.56,2.58,2.58,450,500,0.02,0.78125,2.57,"June 09, 17",0.0078125,XTLB
2017-06-08,2.5772,2.61,2.5,2.54,2.54,5823,5800,-0.0372,-1.44,2.56,"June 08, 17",-0.0144,XTLB
2017-06-07,2.59,2.66,2.57,2.5828,2.58,2300,2300,-0.0072,-0.27799,2.61,"June 07, 17",-0.0027799,XTLB
2017-06-06,2.6294,2.66,2.6294,2.65,2.65,3877,3900,0.0206,0.78345,2.64,"June 06, 17",0.0078345,XTLB
2017-06-05,2.63,2.74,2.54,2.66,2.66,16175,16200,0.03,1.14,2.71,"June 05, 17",0.0114,XTLB
2017-06-02,2.59,2.59,2.59,2.59,2.59,200,200,0.0,0.0,2.59,"June 02, 17",0.0,XTLB
2017-06-01,2.59,2.68,2.5726,2.594,2.59,2832,2800,0.004,0.15444,2.6,"June 01, 17",0.0015444,XTLB
2017-05-31,2.67,2.67,2.61,2.64,2.64,3954,4000,-0.03,-1.12,2.63,"May 31, 17",-0.0112,XTLB
2017-05-30,2.6,2.74,2.59,2.66,2.66,7789,7800,0.06,2.31,2.61,"May 30, 17",0.0231,XTLB
2017-05-26,2.56,2.56,2.56,2.56,2.56,0,0,0.0,0.0,2.56,"May 26, 17",0.0,XTLB
2017-05-25,2.61,2.67,2.5605,2.5605,2.56,4387,4400,-0.0495,-1.9,2.6,"May 25, 17",-0.019,XTLB
2017-05-24,2.6,2.603,2.56,2.56,2.56,4432,4400,-0.04,-1.54,2.58,"May 24, 17",-0.0154,XTLB
2017-05-23,2.5839,2.5839,2.54,2.54,2.54,850,900,-0.0439,-1.7,2.55,"May 23, 17",-0.017,XTLB
2017-05-22,2.68,2.73,2.5337,2.61,2.61,25375,25400,-0.07,-2.61,2.67,"May 22, 17",-0.0261,XTLB
2017-05-19,2.45,2.66,2.45,2.5,2.5,44856,44900,0.05,2.04,2.58,"May 19, 17",0.0204,XTLB
2017-05-18,2.4512,2.4808,2.4,2.4,2.4,2000,2000,-0.0512,-2.09,2.45,"May 18, 17",-0.0209,XTLB
2017-05-17,2.53,2.54,2.45,2.48,2.48,5750,5800,-0.05,-1.98,2.49,"May 17, 17",-0.0198,XTLB
2017-05-16,2.54,2.6,2.54,2.57,2.57,5960,6000,0.03,1.18,2.57,"May 16, 17",0.0118,XTLB
2017-05-15,2.58,2.66,2.58,2.64,2.64,9343,9300,0.06,2.33,2.6,"May 15, 17",0.0233,XTLB
2017-05-12,2.5481,2.5481,2.52,2.52,2.52,370,400,-0.0281,-1.1,2.53,"May 12, 17",-0.011,XTLB
2017-05-11,2.5,2.55,2.5,2.52,2.52,2970,3000,0.02,0.8,2.53,"May 11, 17",0.008,XTLB
2017-05-10,2.54,2.54,2.45,2.48,2.48,8700,8700,-0.06,-2.36,2.49,"May 10, 17",-0.0236,XTLB
2017-05-09,2.66,2.66,2.51,2.64,2.64,20296,20300,-0.02,-0.75188,2.54,"May 09, 17",-0.0075188,XTLB
2017-05-08,2.68,2.7,2.52,2.62,2.62,33407,33400,-0.06,-2.24,2.58,"May 08, 17",-0.0224,XTLB
2017-05-05,2.61,2.66,2.5,2.59,2.59,15569,15600,-0.02,-0.76628,2.61,"May 05, 17",-0.0076628,XTLB
2017-05-04,2.6456,2.65,2.6456,2.65,2.65,1060,1100,0.0044,0.16631,2.64,"May 04, 17",0.0016631,XTLB
2017-05-03,2.6,2.7,2.6,2.7,2.7,5089,5100,0.1,3.85,2.67,"May 03, 17",0.0385,XTLB
2017-05-02,2.65,2.65,2.65,2.65,2.65,500,500,0.0,0.0,2.65,"May 02, 17",0.0,XTLB
2017-05-01,2.6501,2.7,2.6501,2.67,2.67,1551,1600,0.0199,0.75092,2.67,"May 01, 17",0.0075092,XTLB
2017-04-28,2.7012,2.73,2.671,2.69,2.69,3725,3700,-0.0112,-0.41463,2.69,"April 28, 17",-0.0041463,XTLB
2017-04-27,2.65,2.73,2.65,2.73,2.73,12559,12600,0.08,3.02,2.69,"April 27, 17",0.0302,XTLB
2017-04-26,2.61,2.68,2.53,2.61,2.61,22975,23000,0.0,0.0,2.57,"April 26, 17",0.0,XTLB
2017-04-25,2.56,2.7,2.44,2.61,2.61,25905,25900,0.05,1.95,2.57,"April 25, 17",0.0195,XTLB
2017-04-24,2.63,2.7,2.59,2.59,2.59,16996,17000,-0.04,-1.52,2.66,"April 24, 17",-0.0152,XTLB
2017-04-21,2.58,2.69,2.5,2.63,2.63,23093,23100,0.05,1.94,2.66,"April 21, 17",0.0194,XTLB
2017-04-20,2.52,2.6,2.41,2.56,2.56,13962,14000,0.04,1.59,2.47,"April 20, 17",0.0159,XTLB
2017-04-19,2.59,2.65,2.39,2.56,2.56,42712,42700,-0.03,-1.16,2.57,"April 19, 17",-0.0116,XTLB
2017-04-18,2.57,2.85,2.57,2.62,2.62,116580,116600,0.05,1.95,2.74,"April 18, 17",0.0195,XTLB
2017-04-17,2.5056,2.58,2.5056,2.58,2.58,3060,3100,0.0744,2.97,2.58,"April 17, 17",0.0297,XTLB
2017-04-13,2.58,2.83,2.56,2.61,2.61,41913,41900,0.03,1.16,2.67,"April 13, 17",0.0116,XTLB
2017-04-12,2.37,2.6576,2.37,2.62,2.62,20793,20800,0.25,10.55,2.53,"April 12, 17",0.1055,XTLB
2017-04-11,2.3901,2.4,2.37,2.39,2.39,10922,10900,-0.0001,-0.00418393,2.39,"April 11, 17",-4.18393e-05,XTLB
2017-04-10,2.39,2.51,2.33,2.39,2.39,27483,27500,0.0,0.0,2.42,"April 10, 17",0.0,XTLB
2017-04-07,2.39,2.55,2.34,2.38,2.38,32349,32000,-0.01,-0.41841,2.42,"April 07, 17",-0.0041841,XTLB
2017-04-06,2.54,2.54,2.32,2.38,2.38,51790,51800,-0.16,-6.3,2.4,"April 06, 17",-0.063,XTLB
2017-04-05,2.7,3.15,2.4633,2.51,2.51,464802,464800,-0.19,-7.04,2.78,"April 05, 17",-0.0704,XTLB
2017-04-04,2.63,2.63,2.47,2.535,2.54,16711,16700,-0.095,-3.61,2.53,"April 04, 17",-0.0361,XTLB
2017-04-03,2.61,2.67,2.5563,2.67,2.67,10988,11000,0.06,2.3,2.58,"April 03, 17",0.023,XTLB
2017-03-31,2.74,2.74,2.6,2.63,2.63,15496,15500,-0.11,-4.01,2.65,"March 31, 17",-0.0401,XTLB
2017-03-30,2.65,2.74,2.57,2.7319,2.73,120338,120300,0.0819,3.09,2.68,"March 30, 17",0.0309,XTLB
2017-03-29,2.61,2.61,2.34,2.57,2.57,85761,85800,-0.04,-1.53,2.49,"March 29, 17",-0.0153,XTLB
2017-03-28,2.5,2.55,2.4,2.47,2.47,15239,15200,-0.03,-1.2,2.49,"March 28, 17",-0.012,XTLB
2017-03-27,2.55,2.55,2.45,2.55,2.55,1694,1700,0.0,0.0,2.5,"March 27, 17",0.0,XTLB
2017-03-24,2.3835,2.57,2.3135,2.57,2.57,5039,5000,0.1865,7.82,2.36,"March 24, 17",0.0782,XTLB
2017-03-23,2.36,2.42,2.29,2.42,2.42,8279,8300,0.06,2.54,2.31,"March 23, 17",0.0254,XTLB
2017-03-22,2.59,2.59,2.2501,2.46,2.46,33174,33200,-0.13,-5.02,2.34,"March 22, 17",-0.0502,XTLB
2017-03-21,2.5001,2.5001,2.4137,2.42,2.42,9434,9400,-0.0801,-3.2,2.46,"March 21, 17",-0.032,XTLB
2017-03-20,2.55,2.55,2.5,2.51,2.51,12947,12900,-0.04,-1.57,2.51,"March 20, 17",-0.0157,XTLB
2017-03-17,2.52,2.5989,2.52,2.57,2.57,10506,10500,0.05,1.98,2.56,"March 17, 17",0.0198,XTLB
2017-03-16,2.54,2.55,2.5,2.55,2.55,27697,27700,0.01,0.3937,2.52,"March 16, 17",0.003937,XTLB
2017-03-15,2.615,2.67,2.51,2.56,2.56,57805,57800,-0.055,-2.1,2.57,"March 15, 17",-0.021,XTLB
2017-03-14,2.71,2.73,2.61,2.6499,2.65,76911,76900,-0.0601,-2.22,2.66,"March 14, 17",-0.0222,XTLB
2017-03-13,2.62,2.708,2.62,2.68,2.68,42934,42900,0.06,2.29,2.66,"March 13, 17",0.0229,XTLB
2017-03-10,2.5,2.64,2.5,2.6001,2.6,78304,78300,0.1001,4.0,2.55,"March 10, 17",0.04,XTLB
2017-03-09,2.58,2.89,2.46,2.52,2.52,938138,938100,-0.06,-2.33,2.64,"March 09, 17",-0.0233,XTLB
2017-03-08,2.4,2.4299,2.1722,2.27,2.27,178310,178300,-0.13,-5.42,2.32,"March 08, 17",-0.0542,XTLB
2017-03-07,2.0,2.28,1.93,2.15,2.15,471648,471600,0.15,7.5,2.14,"March 07, 17",0.075,XTLB
2017-03-06,2.17,2.22,1.96,2.01,2.01,117716,117700,-0.16,-7.37,2.06,"March 06, 17",-0.0737,XTLB
2017-03-03,2.19,2.3399,2.12,2.1903,2.19,166830,166600,0.0003,0.01369863,2.22,"March 03, 17",0.0001369863,XTLB
2017-03-02,2.04,2.28,2.01,2.15,2.15,312645,312600,0.11,5.39,2.17,"March 02, 17",0.0539,XTLB
2017-03-01,2.01,2.06,1.9801,2.03,2.03,36196,36200,0.02,0.99502,2.02,"March 01, 17",0.0099502,XTLB
2017-02-28,2.1,2.1,1.942,2.0,2.0,89305,89300,-0.1,-4.76,2.0,"February 28, 17",-0.0476,XTLB
2017-02-27,2.07,2.1,2.0,2.03,2.03,49580,49600,-0.04,-1.93,2.06,"February 27, 17",-0.0193,XTLB
2017-02-24,2.07,2.09,1.99,2.04,2.04,40958,41000,-0.03,-1.45,2.05,"February 24, 17",-0.0145,XTLB
2017-02-23,2.18,2.18,2.07,2.08,2.08,60104,60100,-0.1,-4.59,2.11,"February 23, 17",-0.0459,XTLB
2017-02-22,2.28,2.31,2.15,2.2,2.2,99878,99900,-0.08,-3.51,2.2,"February 22, 17",-0.0351,XTLB
2017-02-21,2.38,2.38,2.1,2.25,2.25,269732,269700,-0.13,-5.46,2.28,"February 21, 17",-0.0546,XTLB
2017-02-17,2.5,2.5,2.13,2.33,2.33,1326496,1326500,-0.17,-6.8,2.28,"February 17, 17",-0.068,XTLB
2017-02-16,4.4,4.7,3.5801,3.5801,3.58,1794809,1794800,-0.8199,-18.63,4.08,"February 16, 17",-0.1863,XTLB
2017-02-15,2.7,3.145,2.6699,3.074,3.07,89254,89300,0.374,13.85,3.65,"February 15, 17",0.1385,XTLB
2017-02-14,2.7,2.7,2.58,2.66,2.66,13714,13700,-0.04,-1.48,2.65,"February 14, 17",-0.0148,XTLB
2017-02-13,2.81,2.8163,2.58,2.7,2.7,11077,11100,-0.11,-3.91,2.7,"February 13, 17",-0.0391,XTLB
2017-02-10,3.279,3.279,2.72,2.942,2.94,31202,31200,-0.337,-10.28,3.03,"February 10, 17",-0.1028,XTLB
2017-02-09,2.777,3.197,2.763,3.05,3.05,4237,21189,0.273,9.83,2.99,"February 09, 17",0.0983,XTLB
2017-02-08,3.0,3.09,2.9,3.0,3.0,3207,16035,0.0,0.0,2.96,"February 08, 17",0.0,XTLB
2017-02-07,3.15,3.5,3.05,3.05,3.05,35215,176078,-0.1,-3.17,3.25,"February 07, 17",-0.0317,XTLB
2017-02-06,3.0005,3.15,3.0,3.15,3.15,812,4060,0.1495,4.98,3.04,"February 06, 17",0.0498,XTLB
2017-02-03,2.915,3.25,2.915,3.15,3.15,320,1600,0.235,8.06,3.01,"February 03, 17",0.0806,XTLB
2017-02-02,3.3,3.31,2.909,3.15,3.15,1134,5673,-0.15,-4.55,3.21,"February 02, 17",-0.0455,XTLB
2017-02-01,3.25,3.25,3.25,3.25,3.25,0,0,0.0,0.0,3.25,"February 01, 17",0.0,XTLB
2017-01-31,2.915,3.2495,2.9,3.2495,3.25,6194,30973,0.3345,11.48,2.99,"January 31, 17",0.1148,XTLB
2017-01-30,3.25,3.25,2.95,3.0,3.0,7837,39188,-0.25,-7.69,3.1,"January 30, 17",-0.0769,XTLB
2017-01-27,3.5,3.7,3.16,3.25,3.25,8665,43327,-0.25,-7.14,3.43,"January 27, 17",-0.0714,XTLB
2017-01-26,3.582,3.5995,3.4,3.5,3.5,655,3276,-0.082,-2.29,3.49,"January 26, 17",-0.0229,XTLB
2017-01-25,3.629,3.7995,3.3355,3.6,3.6,14760,73802,-0.029,-0.79912,3.57,"January 25, 17",-0.0079912,XTLB
2017-01-24,3.155,3.75,3.0555,3.5055,3.5,17450,87250,0.3505,11.11,3.39,"January 24, 17",0.1111,XTLB
2017-01-23,3.5,3.616,3.15,3.15,3.15,6344,31722,-0.35,-10.0,3.29,"January 23, 17",-0.1,XTLB
2017-01-20,4.0,4.2,3.5,3.5005,3.5,37382,186913,-0.4995,-12.49,3.84,"January 20, 17",-0.1249,XTLB
2017-01-19,3.35,3.821,3.175,3.821,3.8,26514,132573,0.471,14.06,3.4,"January 19, 17",0.1406,XTLB
2017-01-18,3.55,3.635,3.1,3.3,3.3,7609,38045,-0.25,-7.04,3.38,"January 18, 17",-0.0704,XTLB
2017-01-17,3.65,3.65,3.45,3.45,3.45,2766,13830,-0.2,-5.48,3.52,"January 17, 17",-0.0548,XTLB
2017-01-13,3.825,3.825,3.25,3.649,3.65,6087,30439,-0.176,-4.6,3.66,"January 13, 17",-0.046,XTLB
2017-01-12,2.9495,3.9,2.9495,3.65,3.65,45691,228459,0.7005,23.75,3.43,"January 12, 17",0.2375,XTLB
2017-01-11,2.95,3.1,2.856,3.1,3.1,2640,13204,0.15,5.08,2.96,"January 11, 17",0.0508,XTLB
2017-01-10,2.8005,3.0,2.8005,3.0,3.0,548,2740,0.1995,7.12,2.83,"January 10, 17",0.0712,XTLB
2017-01-09,3.1,3.1,2.85,2.85,2.85,100,500,-0.25,-8.06,2.9,"January 09, 17",-0.0806,XTLB
2017-01-06,3.255,3.3,2.8225,3.0,3.0,6095,30475,-0.255,-7.83,3.08,"January 06, 17",-0.0783,XTLB
2017-01-05,3.05,3.3,2.75,3.3,3.3,10535,52677,0.25,8.2,3.03,"January 05, 17",0.082,XTLB
2017-01-04,3.0,3.05,2.9225,2.95,2.95,2339,11699,-0.05,-1.67,2.97,"January 04, 17",-0.0167,XTLB
2017-01-03,3.2055,3.2495,3.1935,3.2495,3.25,410,2050,0.044,1.37,3.21,"January 03, 17",0.0137,XTLB
2016-12-30,3.3,3.35,2.95,3.173,3.15,7473,37368,-0.127,-3.85,3.15,"December 30, 16",-0.0385,XTLB
2016-12-29,2.922,3.45,2.7505,3.45,3.45,5650,28250,0.528,18.07,2.94,"December 29, 16",0.1807,XTLB
2016-12-28,3.1,3.1,2.85,2.85,2.85,264,1321,-0.25,-8.06,2.94,"December 28, 16",-0.0806,XTLB
2016-12-27,3.2005,3.55,2.9505,3.05,3.05,7103,35515,-0.1505,-4.7,3.3,"December 27, 16",-0.047,XTLB
2016-12-23,3.25,3.6,3.25,3.35,3.35,6885,34429,0.1,3.08,3.37,"December 23, 16",0.0308,XTLB
2016-12-22,3.5105,3.5105,2.7635,3.05,3.05,10251,51258,-0.4605,-13.12,3.17,"December 22, 16",-0.1312,XTLB
2016-12-21,3.0,3.5835,3.0,3.45,3.45,3225,16127,0.45,15.0,3.37,"December 21, 16",0.15,XTLB
2016-12-20,3.1005,3.2,2.9,2.95,2.95,4286,21431,-0.1505,-4.85,3.05,"December 20, 16",-0.0485,XTLB
2016-12-19,3.25,3.5,2.55,2.75,2.75,4718,23592,-0.5,-15.38,3.07,"December 19, 16",-0.1538,XTLB
2016-12-16,3.398,3.398,3.398,3.398,3.4,40,200,0.0,0.0,3.4,"December 16, 16",0.0,XTLB
2016-12-15,3.4,3.4,3.2015,3.25,3.25,225,1126,-0.15,-4.41,3.29,"December 15, 16",-0.0441,XTLB
2016-12-14,3.25,3.35,3.25,3.25,3.25,470,2350,0.0,0.0,3.25,"December 14, 16",0.0,XTLB
2016-12-13,3.45,3.45,3.2155,3.4,3.4,760,3801,-0.05,-1.45,3.34,"December 13, 16",-0.0145,XTLB
2016-12-12,3.5995,3.6,3.1565,3.55,3.55,7925,39625,-0.0495,-1.38,3.42,"December 12, 16",-0.0138,XTLB
2016-12-09,3.65,3.8,3.3,3.4,3.4,2960,14800,-0.25,-6.85,3.44,"December 09, 16",-0.0685,XTLB
2016-12-08,3.75,3.85,3.5505,3.8,3.8,320,1601,0.05,1.33,3.65,"December 08, 16",0.0133,XTLB
2016-12-07,3.6005,3.75,3.5,3.75,3.75,637,3185,0.1495,4.15,3.64,"December 07, 16",0.0415,XTLB
2016-12-06,3.5505,3.9,3.5005,3.6,3.6,8095,40479,0.0495,1.39,3.68,"December 06, 16",0.0139,XTLB
2016-12-05,3.8485,3.9,3.15,3.7,3.7,9981,49907,-0.1485,-3.86,3.44,"December 05, 16",-0.0386,XTLB
2016-12-02,3.9,3.9,3.5,3.85,3.85,3180,15900,-0.05,-1.28,3.83,"December 02, 16",-0.0128,XTLB
2016-12-01,3.936,4.25,3.55,3.9,3.9,11583,57916,-0.036,-0.91463,3.75,"December 01, 16",-0.0091463,XTLB
2016-11-30,4.0,4.2,3.1125,3.65,3.65,7915,39575,-0.35,-8.75,3.45,"November 30, 16",-0.0875,XTLB
2016-11-29,3.7,4.05,3.55,3.88,3.9,1497,7485,0.18,4.86,3.73,"November 29, 16",0.0486,XTLB
2016-11-28,3.75,4.05,3.7045,3.85,3.85,5366,26831,0.1,2.67,3.83,"November 28, 16",0.0267,XTLB
2016-11-25,3.75,3.75,3.7,3.75,3.75,646,3231,0.0,0.0,3.75,"November 25, 16",0.0,XTLB
2016-11-23,3.6,4.0,3.25,3.7,3.7,3954,19774,0.1,2.78,3.46,"November 23, 16",0.0278,XTLB
2016-11-22,3.45,3.45,3.45,3.45,3.45,20,100,0.0,0.0,3.45,"November 22, 16",0.0,XTLB
2016-11-21,4.25,4.25,3.2625,3.5,3.5,5390,26952,-0.75,-17.65,3.93,"November 21, 16",-0.1765,XTLB
2016-11-18,3.109,4.25,3.109,4.05,4.05,6297,31488,0.941,30.27,3.56,"November 18, 16",0.3027,XTLB
2016-11-17,3.891,3.891,3.57,3.57,3.55,532,2662,-0.321,-8.25,3.68,"November 17, 16",-0.0825,XTLB
2016-11-16,3.5,3.5,3.0625,3.063,3.05,400,2001,-0.437,-12.49,3.2,"November 16, 16",-0.1249,XTLB
2016-11-15,3.45,3.45,3.45,3.45,3.45,0,0,0.0,0.0,3.45,"November 15, 16",0.0,XTLB
2016-11-14,3.6545,3.95,3.4125,3.456,3.45,661,3308,-0.1985,-5.43,3.63,"November 14, 16",-0.0543,XTLB
2016-11-11,3.9965,3.9965,3.9965,3.9965,4.0,180,900,0.0,0.0,4.0,"November 11, 16",0.0,XTLB
2016-11-10,3.8,3.8,3.8,3.8,3.8,0,0,0.0,0.0,3.8,"November 10, 16",0.0,XTLB
2016-11-09,4.1,4.1,3.75,3.824,3.8,720,3600,-0.276,-6.73,3.85,"November 09, 16",-0.0673,XTLB
2016-11-08,4.094,4.094,4.094,4.094,4.1,50,250,0.0,0.0,4.09,"November 08, 16",0.0,XTLB
2016-11-07,4.05,4.05,4.05,4.05,4.05,0,0,0.0,0.0,4.05,"November 07, 16",0.0,XTLB
2016-11-04,4.0,4.05,4.0,4.05,4.05,600,3000,0.05,1.25,4.03,"November 04, 16",0.0125,XTLB
2016-11-03,4.0,4.0,4.0,4.0,4.0,0,0,0.0,0.0,4.0,"November 03, 16",0.0,XTLB
2016-11-02,4.3,4.35,3.8935,4.022,4.0,751,3755,-0.278,-6.47,3.96,"November 02, 16",-0.0647,XTLB
2016-11-01,4.052,4.0705,3.7555,3.7555,3.75,422,2113,-0.2965,-7.32,3.98,"November 01, 16",-0.0732,XTLB
2016-10-31,4.0515,4.2995,4.0505,4.1205,4.1,1292,6464,0.069,1.7,4.1,"October 31, 16",0.017,XTLB
2016-10-28,4.35,4.35,4.35,4.35,4.35,0,0,0.0,0.0,4.35,"October 28, 16",0.0,XTLB
2016-10-27,4.35,4.35,4.35,4.35,4.35,0,0,0.0,0.0,4.35,"October 27, 16",0.0,XTLB
2016-10-26,4.35,4.35,4.35,4.35,4.35,322,1611,0.0,0.0,4.35,"October 26, 16",0.0,XTLB
2016-10-25,4.35,4.35,4.35,4.35,4.35,0,0,0.0,0.0,4.35,"October 25, 16",0.0,XTLB
2016-10-24,4.357,4.357,4.357,4.357,4.35,100,500,0.0,0.0,4.36,"October 24, 16",0.0,XTLB
2016-10-21,4.7,4.7,4.7,4.7,4.7,0,0,0.0,0.0,4.7,"October 21, 16",0.0,XTLB
2016-10-20,4.7,4.7,4.7,4.7,4.7,0,0,0.0,0.0,4.7,"October 20, 16",0.0,XTLB
2016-10-19,4.7,4.7,4.7,4.7,4.7,0,0,0.0,0.0,4.7,"October 19, 16",0.0,XTLB
2016-10-18,4.85,4.85,4.7095,4.7095,4.7,1004,5020,-0.1405,-2.9,4.76,"October 18, 16",-0.029,XTLB
2016-10-17,4.914,4.914,4.8275,4.8275,4.85,323,1615,-0.0865,-1.76,4.86,"October 17, 16",-0.0176,XTLB
2016-10-14,4.432,4.432,4.432,4.432,4.45,20,100,0.0,0.0,4.43,"October 14, 16",0.0,XTLB
2016-10-13,4.35,4.35,4.35,4.35,4.35,20,103,0.0,0.0,4.35,"October 13, 16",0.0,XTLB
2016-10-12,4.35,4.4265,4.35,4.365,4.35,2872,14364,0.015,0.34483,4.39,"October 12, 16",0.0034483,XTLB
2016-10-11,4.55,4.55,4.55,4.55,4.55,0,0,0.0,0.0,4.55,"October 11, 16",0.0,XTLB
2016-10-10,4.55,4.55,4.55,4.55,4.55,0,0,0.0,0.0,4.55,"October 10, 16",0.0,XTLB
2016-10-07,4.55,4.55,4.55,4.55,4.55,559,2795,0.0,0.0,4.55,"October 07, 16",0.0,XTLB
2016-10-06,4.5505,4.6,4.5505,4.6,4.6,1060,5300,0.0495,1.09,4.56,"October 06, 16",0.0109,XTLB
2016-10-05,4.655,4.85,4.655,4.85,4.85,243,1216,0.195,4.19,4.67,"October 05, 16",0.0419,XTLB
2016-10-04,4.85,5.0,4.7,4.7,4.7,540,2700,-0.15,-3.09,4.96,"October 04, 16",-0.0309,XTLB
2016-10-03,4.6565,4.6565,4.655,4.655,4.65,40,200,-0.0015,-0.03221304,4.66,"October 03, 16",-0.0003221304,XTLB
2016-09-30,4.8,4.8,4.75,4.75,4.75,99,496,-0.05,-1.04,4.77,"September 30, 16",-0.0104,XTLB
2016-09-29,5.0,5.0,4.7,4.705,4.7,515,2579,-0.295,-5.9,4.93,"September 29, 16",-0.059,XTLB
2016-09-28,4.65,4.952,4.65,4.8,4.8,792,3961,0.15,3.23,4.7,"September 28, 16",0.0323,XTLB
2016-09-27,5.15,5.15,5.15,5.15,5.15,0,0,0.0,0.0,5.15,"September 27, 16",0.0,XTLB
2016-09-26,5.15,5.15,5.15,5.15,5.15,0,0,0.0,0.0,5.15,"September 26, 16",0.0,XTLB
2016-09-23,5.1005,5.136,5.1,5.136,5.15,540,2700,0.0355,0.69601,5.11,"September 23, 16",0.0069601,XTLB
2016-09-22,5.2,5.2,5.2,5.2,5.2,0,0,0.0,0.0,5.2,"September 22, 16",0.0,XTLB
2016-09-21,5.0505,5.2,5.0505,5.2,5.2,160,800,0.1495,2.96,5.09,"September 21, 16",0.0296,XTLB
2016-09-20,5.1375,5.1375,5.0505,5.0875,5.1,1376,6880,-0.05,-0.97324,5.1,"September 20, 16",-0.0097324,XTLB
2016-09-19,5.2,5.2,5.2,5.2,5.2,0,0,0.0,0.0,5.2,"September 19, 16",0.0,XTLB
2016-09-16,5.2,5.2,5.2,5.2,5.2,0,0,0.0,0.0,5.2,"September 16, 16",0.0,XTLB
2016-09-15,5.15,5.35,4.8515,5.2,5.2,1490,7450,0.05,0.97087,5.06,"September 15, 16",0.0097087,XTLB
2016-09-14,5.0,5.0,4.9005,4.9995,5.0,280,1400,-0.0005,-0.01,4.96,"September 14, 16",-0.0001,XTLB
2016-09-13,5.1,5.1,4.873,4.901,4.9,3310,16550,-0.199,-3.9,4.96,"September 13, 16",-0.039,XTLB
2016-09-12,4.7015,5.0,4.701,4.9375,4.95,1456,7283,0.236,5.02,4.83,"September 12, 16",0.0502,XTLB
2016-09-09,4.634,4.8,4.6,4.6915,4.7,2710,13550,0.0575,1.24,4.7,"September 09, 16",0.0124,XTLB
2016-09-08,5.0875,5.196,4.7,4.75,4.75,6926,34631,-0.3375,-6.63,4.9,"September 08, 16",-0.0663,XTLB
2016-09-07,4.99,5.7,4.6495,5.05,5.05,83451,417259,0.06,1.2,5.28,"September 07, 16",0.012,XTLB
2016-09-06,4.793,4.793,4.525,4.55,4.55,120,600,-0.243,-5.07,4.66,"September 06, 16",-0.0507,XTLB
2016-09-02,5.0,5.0,5.0,5.0,5.0,171,859,0.0,0.0,4.95,"September 02, 16",0.0,XTLB
2016-09-01,4.851,5.3,4.85,4.85,4.85,120,600,-0.001,-0.02061431,5.13,"September 01, 16",-0.0002061431,XTLB
2016-08-31,5.2,5.2,4.8,4.85,4.85,1616,8080,-0.35,-6.73,5.0,"August 31, 16",-0.0673,XTLB
2016-08-30,5.2,5.2,4.95,5.2,5.2,315,1575,0.0,0.0,5.06,"August 30, 16",0.0,XTLB
2016-08-29,5.15,5.45,5.05,5.3,5.3,1418,7092,0.15,2.91,5.13,"August 29, 16",0.0291,XTLB
2016-08-26,5.35,5.35,5.35,5.35,5.35,0,0,0.0,0.0,5.35,"August 26, 16",0.0,XTLB
2016-08-25,5.45,5.45,5.35,5.35,5.35,524,2621,-0.1,-1.83,5.4,"August 25, 16",-0.0183,XTLB
2016-08-24,5.45,5.5,5.4,5.45,5.45,716,3580,0.0,0.0,5.46,"August 24, 16",0.0,XTLB
2016-08-23,5.5,5.55,5.2,5.2,5.2,2403,12015,-0.3,-5.45,5.44,"August 23, 16",-0.0545,XTLB
2016-08-22,5.3,5.5,5.25,5.4,5.4,2016,10080,0.1,1.89,5.34,"August 22, 16",0.0189,XTLB
2016-08-19,5.3165,5.55,5.15,5.15,5.15,26452,132263,-0.1665,-3.13,5.37,"August 19, 16",-0.0313,XTLB
2016-08-18,5.55,5.55,5.175,5.55,5.55,2666,13334,0.0,0.0,5.39,"August 18, 16",0.0,XTLB
2016-08-17,5.55,5.55,5.05,5.385,5.4,2209,11048,-0.165,-2.97,5.33,"August 17, 16",-0.0297,XTLB
2016-08-16,5.45,5.55,5.15,5.55,5.55,2330,11650,0.1,1.83,5.36,"August 16, 16",0.0183,XTLB
2016-08-15,5.45,5.6,5.1,5.5,5.5,21533,107668,0.05,0.91743,5.28,"August 15, 16",0.0091743,XTLB
2016-08-12,6.2,6.2,5.15,5.575,5.6,29085,145428,-0.625,-10.08,5.65,"August 12, 16",-0.1008,XTLB
2016-08-11,6.15,6.2,5.75,6.15,6.15,3849,19246,0.0,0.0,6.13,"August 11, 16",0.0,XTLB
2016-08-10,5.85,6.1945,5.85,6.05,6.05,4447,22239,0.2,3.42,6.08,"August 10, 16",0.0342,XTLB
2016-08-09,6.2,6.2,5.65,6.15,6.15,4439,22199,-0.05,-0.80645,6.1,"August 09, 16",-0.0080645,XTLB
2016-08-08,5.6555,6.0,5.6555,5.95,5.95,514,2572,0.2945,5.21,5.94,"August 08, 16",0.0521,XTLB
2016-08-05,6.15,6.345,5.65,5.65,5.65,2072,10362,-0.5,-8.13,6.15,"August 05, 16",-0.0813,XTLB
2016-08-04,5.8,6.15,5.75,5.8,5.8,11474,57374,0.0,0.0,6.0,"August 04, 16",0.0,XTLB
2016-08-03,6.35,6.35,5.95,6.25,6.25,1192,5963,-0.1,-1.57,6.16,"August 03, 16",-0.0157,XTLB
2016-08-02,5.9055,6.35,5.65,6.35,6.35,26529,132647,0.4445,7.53,5.99,"August 02, 16",0.0753,XTLB
2016-08-01,5.9,6.2,5.75,6.2,6.2,3966,19833,0.3,5.08,5.78,"August 01, 16",0.0508,XTLB
2016-07-29,5.8,6.0,5.75,5.95,5.95,10779,53897,0.15,2.59,5.95,"July 29, 16",0.0259,XTLB
2016-07-28,5.8,5.85,5.45,5.85,5.85,10896,54482,0.05,0.86207,5.6,"July 28, 16",0.0086207,XTLB
2016-07-27,5.7,6.4,5.15,6.05,6.05,22600,113000,0.35,6.14,5.69,"July 27, 16",0.0614,XTLB
2016-07-26,5.65,5.65,5.05,5.5,5.5,14852,74261,-0.15,-2.65,5.39,"July 26, 16",-0.0265,XTLB
2016-07-25,5.458,6.05,5.35,5.55,5.55,6980,34904,0.092,1.69,5.47,"July 25, 16",0.0169,XTLB
2016-07-22,5.8,7.8495,5.054,5.35,5.35,103885,519426,-0.45,-7.76,6.4,"July 22, 16",-0.0776,XTLB
2016-07-21,5.45,5.45,5.45,5.45,5.45,0,0,0.0,0.0,5.45,"July 21, 16",0.0,XTLB
2016-07-20,5.45,5.45,5.45,5.45,5.45,0,0,0.0,0.0,5.45,"July 20, 16",0.0,XTLB
2016-07-19,5.45,5.45,5.45,5.45,5.45,0,0,0.0,0.0,5.45,"July 19, 16",0.0,XTLB
2016-07-18,5.45,5.45,5.45,5.45,5.45,0,0,0.0,0.0,5.45,"July 18, 16",0.0,XTLB
2016-07-15,5.465,5.465,5.15,5.465,5.45,60,304,0.0,0.0,5.36,"July 15, 16",0.0,XTLB
2016-07-14,5.55,5.55,5.55,5.55,5.55,0,0,0.0,0.0,5.55,"July 14, 16",0.0,XTLB
2016-07-13,5.2,5.534,5.2,5.534,5.55,264,1322,0.334,6.42,5.25,"July 13, 16",0.0642,XTLB
2016-07-12,5.7,5.7,5.7,5.7,5.7,50,250,0.0,0.0,5.7,"July 12, 16",0.0,XTLB
2016-07-11,5.575,5.7,5.575,5.7,5.7,70,350,0.125,2.24,5.64,"July 11, 16",0.0224,XTLB
2016-07-08,5.35,5.35,5.2505,5.2505,5.25,154,772,-0.0995,-1.86,5.31,"July 08, 16",-0.0186,XTLB
2016-07-07,5.15,6.45,4.85,5.8275,5.85,4993,24967,0.6775,13.16,5.62,"July 07, 16",0.1316,XTLB
2016-07-06,5.75,5.75,5.75,5.75,5.75,0,0,0.0,0.0,5.75,"July 06, 16",0.0,XTLB
2016-07-05,5.75,5.75,5.75,5.75,5.75,0,0,0.0,0.0,5.75,"July 05, 16",0.0,XTLB
2016-07-01,5.75,5.75,5.7,5.75,5.75,160,800,0.0,0.0,5.74,"July 01, 16",0.0,XTLB
2016-06-30,5.75,5.8,5.65,5.8,5.8,220,1100,0.05,0.86957,5.69,"June 30, 16",0.0086957,XTLB
2016-06-29,5.55,6.4,4.95,5.65,5.65,3664,18321,0.1,1.8,5.8,"June 29, 16",0.018,XTLB
2016-06-28,5.7,5.7,5.7,5.7,5.7,116,584,0.0,0.0,5.7,"June 28, 16",0.0,XTLB
2016-06-27,4.829,6.55,4.8005,5.85,5.85,849,4245,1.021,21.14,5.11,"June 27, 16",0.2114,XTLB
2016-06-24,4.5,7.1,4.5,6.4,6.4,1206,6032,1.9,42.22,5.5,"June 24, 16",0.4222,XTLB
2016-06-23,5.8,5.8,5.8,5.8,5.8,0,0,0.0,0.0,5.8,"June 23, 16",0.0,XTLB
2016-06-22,5.8,5.8,5.8,5.8,5.8,25,125,0.0,0.0,5.75,"June 22, 16",0.0,XTLB
2016-06-21,5.55,5.55,5.55,5.55,5.55,0,0,0.0,0.0,5.55,"June 21, 16",0.0,XTLB
2016-06-20,5.55,5.55,5.55,5.55,5.55,0,0,0.0,0.0,5.55,"June 20, 16",0.0,XTLB
2016-06-17,5.55,5.55,5.55,5.55,5.55,37,187,0.0,0.0,5.55,"June 17, 16",0.0,XTLB
2016-06-16,5.5,5.5,5.5,5.5,5.5,201,1008,0.0,0.0,5.5,"June 16, 16",0.0,XTLB
2016-06-15,5.9,5.9,5.9,5.9,5.9,0,0,0.0,0.0,5.9,"June 15, 16",0.0,XTLB
2016-06-14,5.9,5.9,5.9,5.9,5.9,37,187,0.0,0.0,5.9,"June 14, 16",0.0,XTLB
2016-06-13,5.15,5.49,5.15,5.4305,5.45,491,2456,0.2805,5.45,5.29,"June 13, 16",0.0545,XTLB
2016-06-10,5.0,5.15,5.0,5.15,5.15,220,1100,0.15,3.0,5.1,"June 10, 16",0.03,XTLB
2016-06-09,4.759,5.6,4.759,5.53,5.55,640,3200,0.771,16.2,5.53,"June 09, 16",0.162,XTLB
2016-06-08,5.5,5.6,5.5,5.6,5.6,920,4600,0.1,1.82,5.5,"June 08, 16",0.0182,XTLB
2016-06-07,5.188,5.5,5.188,5.3145,5.3,180,900,0.1265,2.44,5.35,"June 07, 16",0.0244,XTLB
2016-06-06,5.0,5.0,4.976,4.976,5.0,430,2153,-0.024,-0.48,4.98,"June 06, 16",-0.0048,XTLB
2016-06-03,5.4,5.4995,5.15,5.35,5.35,810,4050,-0.05,-0.92593,5.3,"June 03, 16",-0.0092593,XTLB
2016-06-02,5.4995,5.4995,5.25,5.4245,5.4,438,2190,-0.075,-1.36,5.41,"June 02, 16",-0.0136,XTLB
2016-06-01,5.2005,5.5,5.2,5.5,5.5,3764,18823,0.2995,5.76,5.34,"June 01, 16",0.0576,XTLB
2016-05-31,5.1505,5.1505,5.1505,5.1505,5.15,138,690,0.0,0.0,5.22,"May 31, 16",0.0,XTLB
2016-05-27,4.507,5.15,4.507,5.15,5.15,60,300,0.643,14.27,4.72,"May 27, 16",0.1427,XTLB
2016-05-26,5.026,5.1,5.0175,5.1,5.1,456,2280,0.074,1.47,5.08,"May 26, 16",0.0147,XTLB
2016-05-25,4.9,5.1,4.8995,5.1,5.1,834,4172,0.2,4.08,4.95,"May 25, 16",0.0408,XTLB
2016-05-24,4.85,4.85,4.85,4.85,4.85,0,0,0.0,0.0,4.85,"May 24, 16",0.0,XTLB
2016-05-23,4.85,4.85,4.85,4.85,4.85,0,0,0.0,0.0,4.85,"May 23, 16",0.0,XTLB
2016-05-20,4.85,4.85,4.85,4.85,4.85,0,0,0.0,0.0,4.85,"May 20, 16",0.0,XTLB
2016-05-19,4.85,4.85,4.5475,4.85,4.85,1160,5801,0.0,0.0,4.79,"May 19, 16",0.0,XTLB
2016-05-18,4.7,4.85,4.7,4.7,4.7,912,4560,0.0,0.0,4.83,"May 18, 16",0.0,XTLB
2016-05-17,4.825,4.825,4.8,4.8,4.8,1785,8926,-0.025,-0.51813,4.79,"May 17, 16",-0.0051813,XTLB
2016-05-16,4.35,4.35,4.35,4.35,4.35,0,0,0.0,0.0,4.35,"May 16, 16",0.0,XTLB
2016-05-13,4.345,4.345,4.345,4.345,4.35,200,1000,0.0,0.0,4.35,"May 13, 16",0.0,XTLB
2016-05-12,4.6,4.6,4.6,4.6,4.6,0,0,0.0,0.0,4.6,"May 12, 16",0.0,XTLB
2016-05-11,5.4,5.4,4.6205,4.6205,4.6,160,800,-0.7795,-14.44,5.01,"May 11, 16",-0.1444,XTLB
2016-05-10,5.25,5.25,5.25,5.25,5.25,0,0,0.0,0.0,5.25,"May 10, 16",0.0,XTLB
2016-05-09,5.25,5.25,5.25,5.25,5.25,0,0,0.0,0.0,5.25,"May 09, 16",0.0,XTLB
2016-05-06,5.25,5.25,5.25,5.25,5.25,0,0,0.0,0.0,5.25,"May 06, 16",0.0,XTLB
2016-05-05,4.7115,5.2495,4.65,5.2495,5.25,1600,8000,0.538,11.42,4.74,"May 05, 16",0.1142,XTLB
2016-05-04,5.15,5.15,5.15,5.15,5.15,0,0,0.0,0.0,5.15,"May 04, 16",0.0,XTLB
2016-05-03,5.3,5.3,5.162,5.162,5.15,200,1000,-0.138,-2.6,5.22,"May 03, 16",-0.026,XTLB
2016-05-02,5.3,5.3,5.3,5.3,5.3,0,0,0.0,0.0,5.3,"May 02, 16",0.0,XTLB
2016-04-29,5.3,5.3,5.3,5.3,5.3,20,100,0.0,0.0,5.3,"April 29, 16",0.0,XTLB
2016-04-28,5.05,5.05,5.05,5.05,5.05,0,0,0.0,0.0,5.05,"April 28, 16",0.0,XTLB
2016-04-27,5.302,5.302,5.0505,5.0505,5.05,240,1200,-0.2515,-4.74,5.14,"April 27, 16",-0.0474,XTLB
2016-04-26,5.3,5.3,5.3,5.3,5.3,0,0,0.0,0.0,5.3,"April 26, 16",0.0,XTLB
2016-04-25,5.3,5.3,5.3,5.3,5.3,0,0,0.0,0.0,5.3,"April 25, 16",0.0,XTLB
2016-04-22,5.3,5.3,5.3,5.3,5.3,32,160,0.0,0.0,5.3,"April 22, 16",0.0,XTLB
2016-04-21,5.5,5.8,5.3,5.5705,5.55,3624,18123,0.0705,1.28,5.67,"April 21, 16",0.0128,XTLB
2016-04-20,5.45,5.45,5.45,5.45,5.45,0,0,0.0,0.0,5.45,"April 20, 16",0.0,XTLB
2016-04-19,5.45,5.45,5.45,5.45,5.45,0,0,0.0,0.0,5.45,"April 19, 16",0.0,XTLB
2016-04-18,5.45,5.5,5.15,5.45,5.45,1633,8167,0.0,0.0,5.44,"April 18, 16",0.0,XTLB
2016-04-15,5.75,5.75,5.75,5.75,5.75,0,0,0.0,0.0,5.75,"April 15, 16",0.0,XTLB
2016-04-14,5.75,5.75,5.75,5.75,5.75,0,0,0.0,0.0,5.75,"April 14, 16",0.0,XTLB
2016-04-13,5.75,5.75,5.25,5.75,5.75,100,500,0.0,0.0,5.5,"April 13, 16",0.0,XTLB
2016-04-12,5.65,5.65,5.65,5.65,5.65,0,0,0.0,0.0,5.65,"April 12, 16",0.0,XTLB
2016-04-11,5.65,5.65,5.65,5.65,5.65,0,0,0.0,0.0,5.65,"April 11, 16",0.0,XTLB
2016-04-08,5.3,5.635,5.3,5.635,5.65,240,1201,0.335,6.32,5.51,"April 08, 16",0.0632,XTLB
2016-04-07,5.45,5.45,5.45,5.45,5.45,0,0,0.0,0.0,5.45,"April 07, 16",0.0,XTLB
2016-04-06,5.45,5.45,5.45,5.45,5.45,35,176,0.0,0.0,5.44,"April 06, 16",0.0,XTLB
2016-04-05,5.7,5.7,5.7,5.7,5.7,0,0,0.0,0.0,5.7,"April 05, 16",0.0,XTLB
2016-04-04,5.7,5.7,5.7,5.7,5.7,0,0,0.0,0.0,5.7,"April 04, 16",0.0,XTLB
2016-04-01,5.55,5.68,5.35,5.68,5.7,540,2700,0.13,2.34,5.45,"April 01, 16",0.0234,XTLB
2016-03-31,5.95,6.0,5.1585,5.1585,5.15,1746,8730,-0.7915,-13.3,5.91,"March 31, 16",-0.133,XTLB
2016-03-30,5.5,5.5,5.5,5.5,5.5,0,0,0.0,0.0,5.5,"March 30, 16",0.0,XTLB
2016-03-29,5.5005,5.5005,5.5005,5.5005,5.5,20,100,0.0,0.0,5.5,"March 29, 16",0.0,XTLB
2016-03-28,5.45,5.65,5.45,5.65,5.65,44,220,0.2,3.67,5.54,"March 28, 16",0.0367,XTLB
2016-03-24,5.6,5.75,5.6,5.75,5.75,280,1400,0.15,2.68,5.62,"March 24, 16",0.0268,XTLB
2016-03-23,6.0,6.0,6.0,6.0,6.0,0,0,0.0,0.0,6.0,"March 23, 16",0.0,XTLB
2016-03-22,5.6,6.0,5.6,6.0,6.0,1668,8342,0.4,7.14,5.77,"March 22, 16",0.0714,XTLB
2016-03-21,6.25,6.25,5.5495,5.6,5.6,2805,14029,-0.65,-10.4,5.81,"March 21, 16",-0.104,XTLB
2016-03-18,5.25,5.5,5.15,5.5,5.5,298,1490,0.25,4.76,5.3,"March 18, 16",0.0476,XTLB
2016-03-17,5.8505,6.0,4.8735,5.9,5.9,3980,19901,0.0495,0.84608,5.78,"March 17, 16",0.0084608,XTLB
2016-03-16,5.9865,6.0,5.35,6.0,6.0,1580,7902,0.0135,0.22551,5.76,"March 16, 16",0.0022551,XTLB
2016-03-15,5.25,6.0005,3.221,5.4875,5.5,13611,68056,0.2375,4.52,4.54,"March 15, 16",0.0452,XTLB
2016-03-14,6.8,6.8,6.8,6.8,6.8,0,0,0.0,0.0,6.8,"March 14, 16",0.0,XTLB
2016-03-11,6.8,6.8,6.8,6.8,6.8,0,0,0.0,0.0,6.8,"March 11, 16",0.0,XTLB
2016-03-10,6.8,6.8,6.8,6.8,6.8,0,0,0.0,0.0,6.8,"March 10, 16",0.0,XTLB
2016-03-09,6.8,6.8,6.8,6.8,6.8,3900,19500,0.0,0.0,6.8,"March 09, 16",0.0,XTLB
2016-03-08,6.7495,6.75,6.725,6.75,6.75,610,3050,0.0005,0.00740796,6.75,"March 08, 16",7.40796e-05,XTLB
2016-03-07,6.7,6.7,6.7,6.7,6.7,0,0,0.0,0.0,6.7,"March 07, 16",0.0,XTLB
2016-03-04,6.8,6.95,6.72,6.72,6.7,3400,17000,-0.08,-1.18,6.85,"March 04, 16",-0.0118,XTLB
2016-03-03,6.8,6.8,6.8,6.8,6.8,0,0,0.0,0.0,6.8,"March 03, 16",0.0,XTLB
2016-03-02,6.8,6.8,6.8,6.8,6.8,0,0,0.0,0.0,6.8,"March 02, 16",0.0,XTLB
2016-03-01,6.8,6.8,6.8,6.8,6.8,0,0,0.0,0.0,6.8,"March 01, 16",0.0,XTLB
2016-02-29,7.0,7.0,6.65,6.78,6.8,820,4101,-0.22,-3.14,6.81,"February 29, 16",-0.0314,XTLB
2016-02-26,6.5,6.5,6.5,6.5,6.5,0,0,0.0,0.0,6.5,"February 26, 16",0.0,XTLB
2016-02-25,6.5,6.5,6.5,6.5,6.5,0,0,0.0,0.0,6.5,"February 25, 16",0.0,XTLB
2016-02-24,6.124,6.5,6.1005,6.5,6.5,80,400,0.376,6.14,6.24,"February 24, 16",0.0614,XTLB
2016-02-23,6.35,6.35,6.35,6.35,6.35,0,0,0.0,0.0,6.35,"February 23, 16",0.0,XTLB
2016-02-22,6.05,6.4,6.0,6.35,6.35,680,3400,0.3,4.96,6.58,"February 22, 16",0.0496,XTLB
2016-02-19,6.0,6.0,6.0,6.0,6.0,0,0,0.0,0.0,6.0,"February 19, 16",0.0,XTLB
2016-02-18,6.0,6.0,6.0,6.0,6.0,0,0,0.0,0.0,6.0,"February 18, 16",0.0,XTLB
2016-02-17,6.0,6.0,6.0,6.0,6.0,0,0,0.0,0.0,6.0,"February 17, 16",0.0,XTLB
2016-02-16,5.6,6.0,5.6,6.0,6.0,40,202,0.4,7.14,5.8,"February 16, 16",0.0714,XTLB
2016-02-12,6.3,6.3,6.3,6.3,6.3,0,0,0.0,0.0,6.3,"February 12, 16",0.0,XTLB
2016-02-11,6.3005,6.3005,6.3,6.3,6.3,200,1000,-0.0005,-0.00793588,6.3,"February 11, 16",-7.93588e-05,XTLB
2016-02-10,6.125,6.55,6.125,6.55,6.55,80,400,0.425,6.94,6.34,"February 10, 16",0.0694,XTLB
2016-02-09,6.05,6.45,5.8,6.4,6.4,660,3300,0.35,5.79,5.94,"February 09, 16",0.0579,XTLB
2016-02-08,6.55,6.55,6.55,6.55,6.55,0,0,0.0,0.0,6.55,"February 08, 16",0.0,XTLB
2016-02-05,6.55,6.55,6.55,6.55,6.55,0,0,0.0,0.0,6.55,"February 05, 16",0.0,XTLB
2016-02-04,6.5065,6.55,6.5065,6.5495,6.55,303,1515,0.043,0.66088,6.54,"February 04, 16",0.0066088,XTLB
2016-02-03,6.3,6.3,6.3,6.3,6.3,0,0,0.0,0.0,6.3,"February 03, 16",0.0,XTLB
2016-02-02,6.3,6.3,6.3,6.3,6.3,0,0,0.0,0.0,6.3,"February 02, 16",0.0,XTLB
2016-02-01,6.55,6.75,6.25,6.3,6.3,1078,5392,-0.25,-3.82,6.56,"February 01, 16",-0.0382,XTLB
2016-01-29,6.8,6.8,6.62,6.62,6.6,280,1400,-0.18,-2.65,6.74,"January 29, 16",-0.0265,XTLB
2016-01-28,6.75,6.75,6.75,6.75,6.75,0,0,0.0,0.0,6.75,"January 28, 16",0.0,XTLB
2016-01-27,6.75,6.75,6.75,6.75,6.75,0,0,0.0,0.0,6.75,"January 27, 16",0.0,XTLB
2016-01-26,5.35,7.0,4.1,6.75,6.75,7065,35329,1.4,26.17,6.33,"January 26, 16",0.2617,XTLB
2016-01-25,7.5,7.9495,6.8,6.95,6.95,8505,42529,-0.55,-7.33,7.34,"January 25, 16",-0.0733,XTLB
2016-01-22,6.25,7.5,6.25,6.8,6.8,14264,71323,0.55,8.8,7.36,"January 22, 16",0.088,XTLB
2016-01-21,6.2,7.55,5.7,6.95,6.95,4720,23600,0.75,12.1,6.56,"January 21, 16",0.121,XTLB
2016-01-20,6.8,6.8,6.8,6.8,6.8,0,0,0.0,0.0,6.8,"January 20, 16",0.0,XTLB
2016-01-19,6.8,6.8,6.8,6.8,6.8,22,110,0.0,0.0,6.8,"January 19, 16",0.0,XTLB
2016-01-15,6.3095,6.3095,6.3095,6.3095,6.3,50,250,0.0,0.0,6.31,"January 15, 16",0.0,XTLB
2016-01-14,6.5,6.5,6.5,6.5,6.5,0,0,0.0,0.0,6.5,"January 14, 16",0.0,XTLB
2016-01-13,6.5505,6.5505,6.4995,6.4995,6.5,547,2738,-0.051,-0.77857,6.52,"January 13, 16",-0.0077857,XTLB
2016-01-12,6.75,6.75,6.75,6.75,6.75,57,285,0.0,0.0,6.75,"January 12, 16",0.0,XTLB
2016-01-11,7.5,7.5,6.55,6.55,6.55,2045,10227,-0.95,-12.67,7.04,"January 11, 16",-0.1267,XTLB
2016-01-08,7.15,7.15,7.15,7.15,7.15,0,0,0.0,0.0,7.15,"January 08, 16",0.0,XTLB
2016-01-07,7.4,7.45,7.0,7.15,7.15,720,3602,-0.25,-3.38,7.26,"January 07, 16",-0.0338,XTLB
2016-01-06,7.1005,7.4,7.1,7.4,7.4,566,2834,0.2995,4.22,7.13,"January 06, 16",0.0422,XTLB
2016-01-05,7.5,7.5,7.5,7.5,7.5,110,552,0.0,0.0,7.5,"January 05, 16",0.0,XTLB
2016-01-04,8.552,8.552,7.45,7.45,7.45,181,908,-1.102,-12.89,7.61,"January 04, 16",-0.1289,XTLB
2015-12-31,7.055,7.591,7.05,7.05,7.05,160,800,-0.005,-0.07087172,7.21,"December 31, 15",-0.0007087172,XTLB
2015-12-30,7.265,7.3,7.05,7.25,7.25,2210,11053,-0.015,-0.20647,7.15,"December 30, 15",-0.0020647,XTLB
2015-12-29,7.65,7.65,7.65,7.65,7.65,0,0,0.0,0.0,7.65,"December 29, 15",0.0,XTLB
2015-12-28,7.65,7.65,7.65,7.65,7.65,0,0,0.0,0.0,7.65,"December 28, 15",0.0,XTLB
2015-12-24,7.811,7.811,7.63,7.63,7.65,50,250,-0.181,-2.32,7.66,"December 24, 15",-0.0232,XTLB
2015-12-23,7.5005,7.823,7.0,7.3,7.3,1072,5362,-0.2005,-2.67,7.37,"December 23, 15",-0.0267,XTLB
2015-12-22,7.103,8.0,7.0,7.3095,7.3,831,4158,0.2065,2.91,7.38,"December 22, 15",0.0291,XTLB
2015-12-21,7.5,8.1,7.2,8.1,8.1,730,3650,0.6,8.0,7.66,"December 21, 15",0.08,XTLB
2015-12-18,8.1545,8.1545,8.1545,8.1545,8.15,64,320,0.0,0.0,8.12,"December 18, 15",0.0,XTLB
2015-12-17,7.8,8.009,7.75,8.009,8.0,850,4250,0.209,2.68,7.88,"December 17, 15",0.0268,XTLB
2015-12-16,8.3095,8.416,7.5,8.416,8.4,148,740,0.1065,1.28,7.86,"December 16, 15",0.0128,XTLB
2015-12-15,8.0,8.0,8.0,8.0,8.0,24,120,0.0,0.0,7.97,"December 15, 15",0.0,XTLB
2015-12-14,7.85,7.85,7.85,7.85,7.85,64,320,0.0,0.0,7.85,"December 14, 15",0.0,XTLB
2015-12-11,8.476,8.476,7.5,8.35,8.35,1197,5989,-0.126,-1.49,8.29,"December 11, 15",-0.0149,XTLB
2015-12-10,7.8,7.8,7.8,7.8,7.8,0,0,0.0,0.0,7.8,"December 10, 15",0.0,XTLB
2015-12-09,8.05,8.05,7.7885,7.7885,7.8,2370,11852,-0.2615,-3.25,7.98,"December 09, 15",-0.0325,XTLB
2015-12-08,7.8,8.5,7.8,8.05,8.05,560,2800,0.25,3.21,8.28,"December 08, 15",0.0321,XTLB
2015-12-07,7.9,8.4995,7.9,8.4995,8.5,650,3250,0.5995,7.59,8.25,"December 07, 15",0.0759,XTLB
2015-12-04,8.23,8.2645,8.23,8.2645,8.25,240,1200,0.0345,0.4192,8.26,"December 04, 15",0.004192,XTLB
2015-12-03,8.4495,8.4495,8.17,8.17,8.15,129,647,-0.2795,-3.31,8.37,"December 03, 15",-0.0331,XTLB
2015-12-02,7.8,7.8,7.7505,7.7505,7.75,120,600,-0.0495,-0.63462,7.78,"December 02, 15",-0.0063462,XTLB
2015-12-01,8.35,8.35,8.35,8.35,8.35,200,1000,0.0,0.0,8.35,"December 01, 15",0.0,XTLB
2015-11-30,7.45,7.75,7.0,7.75,7.75,4078,20390,0.3,4.03,7.29,"November 30, 15",0.0403,XTLB
2015-11-27,8.0,8.0,8.0,8.0,8.0,0,0,0.0,0.0,8.0,"November 27, 15",0.0,XTLB
2015-11-25,7.65,8.0,7.45,8.0,8.0,8299,41495,0.35,4.58,7.52,"November 25, 15",0.0458,XTLB
2015-11-24,8.19,8.19,6.85,7.75,7.75,1558,7794,-0.44,-5.37,7.59,"November 24, 15",-0.0537,XTLB
2015-11-23,8.0,8.0,8.0,8.0,8.0,0,0,0.0,0.0,8.0,"November 23, 15",0.0,XTLB
2015-11-20,8.0,8.0,8.0,8.0,8.0,25,127,0.0,0.0,7.97,"November 20, 15",0.0,XTLB
2015-11-19,8.0,8.0,8.0,8.0,8.0,0,0,0.0,0.0,8.0,"November 19, 15",0.0,XTLB
2015-11-18,8.75,8.75,8.0,8.0,8.0,1080,5400,-0.75,-8.57,8.26,"November 18, 15",-0.0857,XTLB
2015-11-17,8.555,8.555,7.75,8.0,8.0,11320,56604,-0.555,-6.49,7.84,"November 17, 15",-0.0649,XTLB
2015-11-16,8.6,8.6,8.55,8.55,8.55,378,1890,-0.05,-0.5814,8.55,"November 16, 15",-0.005814,XTLB
2015-11-13,8.5505,8.5505,8.5505,8.5505,8.55,50,250,0.0,0.0,8.55,"November 13, 15",0.0,XTLB
2015-11-12,8.55,8.55,8.55,8.55,8.55,0,0,0.0,0.0,8.55,"November 12, 15",0.0,XTLB
2015-11-11,8.55,8.55,8.55,8.55,8.55,120,600,0.0,0.0,8.48,"November 11, 15",0.0,XTLB
2015-11-10,8.75,8.75,8.75,8.75,8.75,0,0,0.0,0.0,8.75,"November 10, 15",0.0,XTLB
2015-11-09,8.75,8.75,8.75,8.75,8.75,416,2080,0.0,0.0,8.75,"November 09, 15",0.0,XTLB
2015-11-06,9.2,9.2,9.2,9.2,9.2,0,0,0.0,0.0,9.2,"November 06, 15",0.0,XTLB
2015-11-05,9.175,9.175,9.175,9.175,9.2,120,600,0.0,0.0,9.18,"November 05, 15",0.0,XTLB
2015-11-04,9.1,9.1,9.1,9.1,9.1,24,120,0.0,0.0,8.98,"November 04, 15",0.0,XTLB
2015-11-03,9.0,9.0,9.0,9.0,9.0,0,0,0.0,0.0,9.0,"November 03, 15",0.0,XTLB
2015-11-02,9.0,9.0,9.0,9.0,9.0,400,2000,0.0,0.0,9.0,"November 02, 15",0.0,XTLB
2015-10-30,8.625,8.625,8.625,8.625,8.65,80,400,0.0,0.0,8.63,"October 30, 15",0.0,XTLB
2015-10-29,9.15,9.15,9.15,9.15,9.15,141,709,0.0,0.0,9.14,"October 29, 15",0.0,XTLB
2015-10-28,9.0,9.15,9.0,9.15,9.15,425,2126,0.15,1.67,9.05,"October 28, 15",0.0167,XTLB
2015-10-27,8.625,9.05,8.625,9.05,9.05,1030,5151,0.425,4.93,9.02,"October 27, 15",0.0493,XTLB
2015-10-26,9.05,9.2995,8.2005,9.15,9.15,1555,7779,0.1,1.1,8.92,"October 26, 15",0.011,XTLB
2015-10-23,9.5,9.5,8.05,8.05,8.05,2400,12000,-1.45,-15.26,8.33,"October 23, 15",-0.1526,XTLB
2015-10-22,9.75,9.85,9.2,9.2,9.2,1000,5000,-0.55,-5.64,9.68,"October 22, 15",-0.0564,XTLB
2015-10-21,9.5,9.8,9.5,9.8,9.8,2512,12562,0.3,3.16,9.66,"October 21, 15",0.0316,XTLB
2015-10-20,9.45,9.5,9.45,9.5,9.5,400,2000,0.05,0.5291,9.47,"October 20, 15",0.005291,XTLB
2015-10-19,9.5,9.5,9.4995,9.4995,9.5,980,4903,-0.0005,-0.00526316,9.5,"October 19, 15",-5.26316e-05,XTLB
2015-10-16,9.25,9.25,9.25,9.25,9.25,0,0,0.0,0.0,9.25,"October 16, 15",0.0,XTLB
2015-10-15,8.9,9.5,8.9,9.25,9.25,4420,22102,0.35,3.93,9.41,"October 15, 15",0.0393,XTLB
2015-10-14,9.35,9.35,9.35,9.35,9.35,0,0,0.0,0.0,9.35,"October 14, 15",0.0,XTLB
2015-10-13,8.2505,9.35,8.2505,9.34,9.35,580,2902,1.0895,13.21,8.98,"October 13, 15",0.1321,XTLB
2015-10-12,8.9,9.25,8.9,9.25,9.25,5412,27064,0.35,3.93,9.18,"October 12, 15",0.0393,XTLB
2015-10-09,8.9,9.118,8.9,9.118,9.1,79,396,0.218,2.45,9.01,"October 09, 15",0.0245,XTLB
2015-10-08,8.5,8.5,8.5,8.5,8.5,0,0,0.0,0.0,8.5,"October 08, 15",0.0,XTLB
2015-10-07,8.9,9.3,7.95,8.5,8.5,3022,15114,-0.4,-4.49,8.52,"October 07, 15",-0.0449,XTLB
2015-10-06,8.25,8.9505,8.2495,8.3,8.3,3652,18260,0.05,0.60606,8.29,"October 06, 15",0.0060606,XTLB
2015-10-05,7.2505,8.9995,7.2505,8.4,8.4,400,2000,1.1495,15.85,8.01,"October 05, 15",0.1585,XTLB
2015-10-02,7.25,7.25,7.25,7.25,7.25,50,250,0.0,0.0,7.25,"October 02, 15",0.0,XTLB
2015-10-01,7.9995,8.0005,7.85,8.0,8.0,3954,19773,0.0005,0.00625039,7.99,"October 01, 15",6.25039e-05,XTLB
2015-09-30,8.0,8.0,8.0,8.0,8.0,0,0,0.0,0.0,8.0,"September 30, 15",0.0,XTLB
2015-09-29,8.0,8.0,8.0,8.0,8.0,0,0,0.0,0.0,8.0,"September 29, 15",0.0,XTLB
2015-09-28,8.0,8.0,8.0,8.0,8.0,0,0,0.0,0.0,8.0,"September 28, 15",0.0,XTLB
2015-09-25,8.0,8.0,8.0,8.0,8.0,0,0,0.0,0.0,8.0,"September 25, 15",0.0,XTLB
2015-09-24,8.2495,9.0,8.0,8.0,8.0,674,3374,-0.2495,-3.02,8.46,"September 24, 15",-0.0302,XTLB
2015-09-23,8.925,9.0995,8.755,8.755,8.75,70,351,-0.17,-1.9,8.94,"September 23, 15",-0.019,XTLB
2015-09-22,8.75,9.09,8.1,9.09,9.1,320,1600,0.34,3.89,8.65,"September 22, 15",0.0389,XTLB
2015-09-21,8.7505,8.7915,8.75,8.7915,8.8,300,1501,0.041,0.46854,8.77,"September 21, 15",0.0046854,XTLB
2015-09-18,9.15,9.15,9.15,9.15,9.15,0,0,0.0,0.0,9.15,"September 18, 15",0.0,XTLB
2015-09-17,9.15,9.15,9.15,9.15,9.15,0,0,0.0,0.0,9.15,"September 17, 15",0.0,XTLB
2015-09-16,9.15,9.15,9.15,9.15,9.15,0,0,0.0,0.0,9.15,"September 16, 15",0.0,XTLB
2015-09-15,9.15,9.15,9.15,9.15,9.15,0,0,0.0,0.0,9.15,"September 15, 15",0.0,XTLB
2015-09-14,9.15,9.15,9.15,9.15,9.15,0,0,0.0,0.0,9.15,"September 14, 15",0.0,XTLB
2015-09-11,9.15,9.15,9.15,9.15,9.15,0,0,0.0,0.0,9.15,"September 11, 15",0.0,XTLB
2015-09-10,8.5,9.2,8.5,9.13,9.15,796,3984,0.63,7.41,8.57,"September 10, 15",0.0741,XTLB
2015-09-09,9.25,9.25,9.25,9.25,9.25,0,0,0.0,0.0,9.25,"September 09, 15",0.0,XTLB
2015-09-08,9.25,9.25,9.25,9.25,9.25,0,0,0.0,0.0,9.25,"September 08, 15",0.0,XTLB
2015-09-04,9.25,9.25,9.25,9.25,9.25,0,0,0.0,0.0,9.25,"September 04, 15",0.0,XTLB
2015-09-03,9.25,9.25,9.2495,9.2495,9.25,122,610,-0.0005,-0.00540541,9.24,"September 03, 15",-5.40541e-05,XTLB
2015-09-02,7.6,9.3,7.45,8.5,8.5,1040,5204,0.9,11.84,8.39,"September 02, 15",0.1184,XTLB
2015-09-01,8.0,8.25,7.4,8.25,8.25,490,2453,0.25,3.13,8.08,"September 01, 15",0.0313,XTLB
2015-08-31,8.0,8.3,8.0,8.3,8.3,939,4697,0.3,3.75,8.11,"August 31, 15",0.0375,XTLB
2015-08-28,8.9,8.9,8.25,8.5,8.5,179,899,-0.4,-4.49,8.52,"August 28, 15",-0.0449,XTLB
2015-08-27,8.95,8.95,8.2695,8.95,8.95,762,3810,0.0,0.0,8.77,"August 27, 15",0.0,XTLB
2015-08-26,8.5,8.9525,8.0,8.9525,8.95,4421,22108,0.4525,5.32,8.14,"August 26, 15",0.0532,XTLB
2015-08-25,8.35,9.25,8.35,9.25,9.25,296,1480,0.9,10.78,8.94,"August 25, 15",0.1078,XTLB
2015-08-24,9.1,9.1,9.1,9.1,9.1,0,0,0.0,0.0,9.1,"August 24, 15",0.0,XTLB
2015-08-21,9.28,9.3,9.1,9.1,9.1,1043,5217,-0.18,-1.94,9.16,"August 21, 15",-0.0194,XTLB
2015-08-20,9.2,9.3,9.2,9.2995,9.3,600,3000,0.0995,1.08,9.26,"August 20, 15",0.0108,XTLB
2015-08-19,9.2495,9.2495,9.2495,9.2495,9.25,100,500,0.0,0.0,9.25,"August 19, 15",0.0,XTLB
2015-08-18,9.25,9.25,9.25,9.25,9.25,0,0,0.0,0.0,9.25,"August 18, 15",0.0,XTLB
2015-08-17,8.4,9.25,8.4,9.25,9.25,70,350,0.85,10.12,8.89,"August 17, 15",0.1012,XTLB
2015-08-14,8.95,8.95,8.95,8.95,8.95,118,590,0.0,0.0,8.95,"August 14, 15",0.0,XTLB
2015-08-13,9.3,9.3,9.0,9.0,9.0,908,4540,-0.3,-3.23,9.1,"August 13, 15",-0.0323,XTLB
2015-08-12,9.35,9.35,9.35,9.35,9.35,560,2800,0.0,0.0,9.35,"August 12, 15",0.0,XTLB
2015-08-11,9.3505,9.3505,9.3505,9.3505,9.35,400,2000,0.0,0.0,9.35,"August 11, 15",0.0,XTLB
2015-08-10,9.35,9.35,9.35,9.35,9.35,36,180,0.0,0.0,9.35,"August 10, 15",0.0,XTLB
2015-08-07,9.35,9.35,9.35,9.35,9.35,0,0,0.0,0.0,9.35,"August 07, 15",0.0,XTLB
2015-08-06,9.35,9.35,9.35,9.35,9.35,100,500,0.0,0.0,9.35,"August 06, 15",0.0,XTLB
2015-08-05,9.35,9.35,9.35,9.35,9.35,122,610,0.0,0.0,9.35,"August 05, 15",0.0,XTLB
2015-08-04,9.3505,9.3505,9.3505,9.3505,9.35,100,500,0.0,0.0,9.35,"August 04, 15",0.0,XTLB
2015-08-03,9.8,9.866,9.416,9.866,9.85,260,1300,0.066,0.67347,9.52,"August 03, 15",0.0067347,XTLB
2015-07-31,9.45,9.45,9.45,9.45,9.45,0,0,0.0,0.0,9.45,"July 31, 15",0.0,XTLB
2015-07-30,9.45,9.45,9.45,9.45,9.45,20,100,0.0,0.0,9.45,"July 30, 15",0.0,XTLB
2015-07-29,9.5,9.5,9.5,9.5,9.5,0,0,0.0,0.0,9.5,"July 29, 15",0.0,XTLB
2015-07-28,9.5,9.5,9.5,9.5,9.5,0,0,0.0,0.0,9.5,"July 28, 15",0.0,XTLB
2015-07-27,9.95,9.95,9.5,9.5,9.5,126,634,-0.45,-4.52,9.57,"July 27, 15",-0.0452,XTLB
2015-07-24,9.6505,9.6505,9.6505,9.6505,9.65,22,110,0.0,0.0,9.66,"July 24, 15",0.0,XTLB
2015-07-23,9.8,9.8,9.8,9.8,9.8,0,0,0.0,0.0,9.8,"July 23, 15",0.0,XTLB
2015-07-22,9.505,9.8995,9.45,9.8,9.8,726,3630,0.295,3.1,9.76,"July 22, 15",0.031,XTLB
2015-07-21,10.1495,10.1495,9.3,9.3,9.3,249,1248,-0.8495,-8.37,9.73,"July 21, 15",-0.0837,XTLB
2015-07-20,9.35,9.4,9.3,9.305,9.3,262,1313,-0.045,-0.48128,9.36,"July 20, 15",-0.0048128,XTLB
2015-07-17,9.3,10.0,9.3,9.9995,10.0,160,800,0.6995,7.52,9.89,"July 17, 15",0.0752,XTLB
2015-07-16,9.7,10.2495,9.3,9.8,9.8,1331,6657,0.1,1.03,9.72,"July 16, 15",0.0103,XTLB
2015-07-15,9.322,9.322,9.322,9.322,9.3,26,130,0.0,0.0,9.32,"July 15, 15",0.0,XTLB
2015-07-14,9.3,9.5,9.3,9.5,9.5,211,1058,0.2,2.15,9.4,"July 14, 15",0.0215,XTLB
2015-07-13,9.5,9.5,9.335,9.335,9.35,849,4248,-0.165,-1.74,9.43,"July 13, 15",-0.0174,XTLB
2015-07-10,9.5,9.5,9.5,9.5,9.5,0,0,0.0,0.0,9.5,"July 10, 15",0.0,XTLB
2015-07-09,9.495,9.5,9.32,9.5,9.5,1086,5430,0.005,0.05265929,9.48,"July 09, 15",0.0005265929,XTLB
2015-07-08,9.343,9.4495,9.25,9.4495,9.45,505,2528,0.1065,1.14,9.3,"July 08, 15",0.0114,XTLB
2015-07-07,9.45,9.45,9.45,9.45,9.45,0,0,0.0,0.0,9.45,"July 07, 15",0.0,XTLB
2015-07-06,9.25,9.5,9.25,9.4495,9.45,614,3073,0.1995,2.16,9.36,"July 06, 15",0.0216,XTLB
2015-07-02,9.75,9.75,9.45,9.5,9.5,767,3837,-0.25,-2.56,9.63,"July 02, 15",-0.0256,XTLB
2015-07-01,9.5115,9.5115,9.5115,9.5115,9.5,32,161,0.0,0.0,9.5,"July 01, 15",0.0,XTLB
2015-06-30,9.75,9.75,9.75,9.75,9.75,0,0,0.0,0.0,9.75,"June 30, 15",0.0,XTLB
2015-06-29,9.75,9.75,9.75,9.75,9.75,0,0,0.0,0.0,9.75,"June 29, 15",0.0,XTLB
2015-06-26,9.75,9.75,9.75,9.75,9.75,0,0,0.0,0.0,9.75,"June 26, 15",0.0,XTLB
2015-06-25,9.7,9.75,9.7,9.75,9.75,1022,5111,0.05,0.51546,9.73,"June 25, 15",0.0051546,XTLB
2015-06-24,9.7,9.75,9.4005,9.7495,9.75,532,2660,0.0495,0.51031,9.55,"June 24, 15",0.0051031,XTLB
2015-06-23,9.25,9.9,9.25,9.7,9.7,1825,9127,0.45,4.86,9.43,"June 23, 15",0.0486,XTLB
2015-06-22,9.566,9.8995,9.566,9.8475,9.85,73,365,0.2815,2.94,9.78,"June 22, 15",0.0294,XTLB
2015-06-19,9.454,9.95,9.454,9.9,9.9,835,4176,0.446,4.72,9.59,"June 19, 15",0.0472,XTLB
2015-06-18,9.65,9.95,9.45,9.95,9.95,3982,19910,0.3,3.11,9.66,"June 18, 15",0.0311,XTLB
2015-06-17,9.25,9.6495,9.25,9.5,9.5,820,4100,0.25,2.7,9.32,"June 17, 15",0.027,XTLB
2015-06-16,10.0,10.0,10.0,10.0,10.0,1060,5300,0.0,0.0,10.0,"June 16, 15",0.0,XTLB
2015-06-15,10.1,10.15,9.95,10.0,10.0,520,2600,-0.1,-0.9901,10.04,"June 15, 15",-0.009901,XTLB
2015-06-12,9.95,10.2,9.95,10.145,10.15,5448,27240,0.195,1.96,10.13,"June 12, 15",0.0196,XTLB
2015-06-11,9.9505,10.0,9.95,10.0,10.0,863,4315,0.0495,0.49746,9.98,"June 11, 15",0.0049746,XTLB
2015-06-10,10.3,10.3,10.3,10.3,10.3,0,0,0.0,0.0,10.3,"June 10, 15",0.0,XTLB
2015-06-09,9.95,10.308,9.95,10.308,10.3,710,3550,0.358,3.6,10.05,"June 09, 15",0.036,XTLB
2015-06-08,9.865,10.441,9.45,10.441,10.45,1282,6410,0.576,5.84,9.78,"June 08, 15",0.0584,XTLB
2015-06-05,10.4995,10.4995,10.4995,10.4995,10.5,250,1250,0.0,0.0,10.5,"June 05, 15",0.0,XTLB
2015-06-04,10.1,10.4,10.0,10.4,10.4,300,1500,0.3,2.97,10.15,"June 04, 15",0.0297,XTLB
2015-06-03,10.5,10.5,10.45,10.49,10.5,3496,17481,-0.01,-0.0952381,10.55,"June 03, 15",-0.000952381,XTLB
2015-06-02,10.15,10.5,10.05,10.5,10.5,2373,11869,0.35,3.45,10.32,"June 02, 15",0.0345,XTLB
2015-06-01,9.5945,10.195,9.45,9.84,9.85,1765,8825,0.2455,2.56,9.67,"June 01, 15",0.0256,XTLB
2015-05-29,10.05,10.25,10.05,10.05,10.05,5000,25000,0.0,0.0,10.08,"May 29, 15",0.0,XTLB
2015-05-28,10.25,10.25,10.25,10.25,10.25,0,0,0.0,0.0,10.25,"May 28, 15",0.0,XTLB
2015-05-27,10.265,10.265,10.265,10.265,10.25,600,3000,0.0,0.0,10.27,"May 27, 15",0.0,XTLB
2015-05-26,10.0,10.0,9.25,9.9995,10.0,3692,18464,-0.0005,-0.005,9.69,"May 26, 15",-5e-05,XTLB
2015-05-22,10.15,10.15,10.15,10.15,10.15,0,0,0.0,0.0,10.15,"May 22, 15",0.0,XTLB
2015-05-21,10.2,10.25,10.15,10.15,10.15,420,2100,-0.05,-0.4902,10.2,"May 21, 15",-0.004902,XTLB
2015-05-20,10.27,10.3,10.05,10.05,10.05,120,600,-0.22,-2.14,10.22,"May 20, 15",-0.0214,XTLB
2015-05-19,10.65,10.65,10.05,10.3,10.3,600,3000,-0.35,-3.29,10.31,"May 19, 15",-0.0329,XTLB
2015-05-18,10.65,10.65,10.3,10.315,10.3,500,2501,-0.335,-3.15,10.47,"May 18, 15",-0.0315,XTLB
2015-05-15,10.553,10.7,10.55,10.6,10.6,3460,17301,0.047,0.44537,10.62,"May 15, 15",0.0044537,XTLB
2015-05-14,10.5,10.7,10.5,10.7,10.7,400,2000,0.2,1.9,10.53,"May 14, 15",0.019,XTLB
2015-05-13,11.1495,11.1495,10.075,10.7495,10.75,3140,15700,-0.4,-3.59,10.49,"May 13, 15",-0.0359,XTLB
2015-05-12,11.0,11.0,10.8,10.804,10.8,2204,11021,-0.196,-1.78,10.99,"May 12, 15",-0.0178,XTLB
2015-05-11,10.6,11.25,10.45,11.0995,11.1,2263,11316,0.4995,4.71,10.78,"May 11, 15",0.0471,XTLB
2015-05-08,11.0,11.6,11.0,11.25,11.25,15630,78152,0.25,2.27,11.46,"May 08, 15",0.0227,XTLB
2015-05-07,10.3,10.3,9.635,10.075,10.1,811,4055,-0.225,-2.18,10.22,"May 07, 15",-0.0218,XTLB
2015-05-06,10.5,10.5,10.35,10.3505,10.35,799,3999,-0.1495,-1.42,10.46,"May 06, 15",-0.0142,XTLB
2015-05-05,10.8,10.8,10.5,10.6,10.6,5597,27988,-0.2,-1.85,10.51,"May 05, 15",-0.0185,XTLB
2015-05-04,10.5,11.0,10.5,10.55,10.55,554,2770,0.05,0.47619,10.87,"May 04, 15",0.0047619,XTLB
2015-05-01,10.95,10.95,10.95,10.95,10.95,0,0,0.0,0.0,10.95,"May 01, 15",0.0,XTLB
2015-04-30,10.55,10.95,10.55,10.95,10.95,230,1150,0.4,3.79,10.6,"April 30, 15",0.0379,XTLB
2015-04-29,11.0,11.05,11.0,11.05,11.05,460,2300,0.05,0.45455,11.0,"April 29, 15",0.0045455,XTLB
2015-04-28,11.05,11.1,10.6005,11.0,11.0,1804,9024,-0.05,-0.45249,10.94,"April 28, 15",-0.0045249,XTLB
2015-04-27,11.1005,11.15,11.1,11.1,11.1,300,1501,-0.0005,-0.0045043,11.11,"April 27, 15",-4.5043e-05,XTLB
2015-04-24,11.0045,11.0045,11.0045,11.0045,11.0,50,250,0.0,0.0,11.01,"April 24, 15",0.0,XTLB
2015-04-23,11.45,11.45,11.2,11.3,11.3,820,4100,-0.15,-1.31,11.35,"April 23, 15",-0.0131,XTLB
2015-04-22,11.5,11.5,11.0,11.5,11.5,3128,15644,0.0,0.0,11.32,"April 22, 15",0.0,XTLB
2015-04-21,11.5,11.5,11.5,11.5,11.5,0,0,0.0,0.0,11.5,"April 21, 15",0.0,XTLB
2015-04-20,11.0,11.5,11.0,11.5,11.5,812,4060,0.5,4.55,11.17,"April 20, 15",0.0455,XTLB
2015-04-17,11.5,11.7495,11.5,11.5,11.5,2469,12348,0.0,0.0,11.5,"April 17, 15",0.0,XTLB
2015-04-16,11.245,11.8995,11.245,11.5,11.5,6820,34100,0.255,2.27,11.42,"April 16, 15",0.0227,XTLB
2015-04-15,11.2495,11.25,11.0005,11.0005,11.0,80,400,-0.249,-2.21,11.18,"April 15, 15",-0.0221,XTLB
2015-04-14,11.25,11.3,10.926,10.926,10.95,7070,35352,-0.324,-2.88,11.17,"April 14, 15",-0.0288,XTLB
2015-04-13,11.3,11.74,10.75,11.25,11.25,18467,92337,-0.05,-0.44248,11.31,"April 13, 15",-0.0044248,XTLB
2015-04-10,11.3,11.7365,11.3,11.7365,11.75,54,270,0.4365,3.86,11.48,"April 10, 15",0.0386,XTLB
2015-04-09,11.3005,11.9995,11.3005,11.8495,11.85,1880,9400,0.549,4.86,11.51,"April 09, 15",0.0486,XTLB
2015-04-08,11.5,11.5,11.3,11.3,11.3,157,788,-0.2,-1.74,11.43,"April 08, 15",-0.0174,XTLB
2015-04-07,11.95,11.95,11.2505,11.7495,11.75,1301,6505,-0.2005,-1.68,11.33,"April 07, 15",-0.0168,XTLB
2015-04-06,11.2,11.9995,11.1,11.25,11.25,606,3034,0.05,0.44643,11.17,"April 06, 15",0.0044643,XTLB
2015-04-02,12.0995,12.355,11.55,12.193,12.2,710,3551,0.0935,0.77276,12.22,"April 02, 15",0.0077276,XTLB
2015-04-01,11.5,12.5,11.45,11.75,11.75,7540,37700,0.25,2.17,11.87,"April 01, 15",0.0217,XTLB
2015-03-31,12.0,12.4,11.5,11.5,11.5,6427,32136,-0.5,-4.17,11.78,"March 31, 15",-0.0417,XTLB
2015-03-30,12.25,12.25,11.75,12.0,12.0,1150,5754,-0.25,-2.04,11.95,"March 30, 15",-0.0204,XTLB
2015-03-27,11.4,12.75,11.4,12.75,12.75,726,3631,1.35,11.84,11.73,"March 27, 15",0.1184,XTLB
2015-03-26,11.0495,11.4,10.6995,11.2,11.2,835,4175,0.1505,1.36,10.92,"March 26, 15",0.0136,XTLB
2015-03-25,10.65,11.45,10.25,11.1495,11.15,2485,12429,0.4995,4.69,10.97,"March 25, 15",0.0469,XTLB
2015-03-24,11.55,11.55,10.3,10.8,10.8,3350,16754,-0.75,-6.49,10.97,"March 24, 15",-0.0649,XTLB
2015-03-23,11.5,11.7,10.15,10.15,10.15,2760,13800,-1.35,-11.74,10.89,"March 23, 15",-0.1174,XTLB
2015-03-20,11.2505,11.7885,11.2505,11.7455,11.75,270,1350,0.495,4.4,11.48,"March 20, 15",0.044,XTLB
2015-03-19,11.6,11.6,11.6,11.6,11.6,0,0,0.0,0.0,11.6,"March 19, 15",0.0,XTLB
2015-03-18,11.1505,11.595,11.1505,11.595,11.6,80,400,0.4445,3.99,11.26,"March 18, 15",0.0399,XTLB
2015-03-17,11.3475,11.85,11.1,11.8,11.8,2919,14595,0.4525,3.99,11.46,"March 17, 15",0.0399,XTLB
2015-03-16,11.85,11.9,11.1,11.806,11.8,2467,12337,-0.044,-0.37131,11.71,"March 16, 15",-0.0037131,XTLB
2015-03-13,12.75,13.25,12.3,12.3,12.3,4778,23893,-0.45,-3.53,12.83,"March 13, 15",-0.0353,XTLB
2015-03-12,12.25,12.9,12.0,12.85,12.85,1786,8930,0.6,4.9,12.5,"March 12, 15",0.049,XTLB
2015-03-11,12.2,12.95,11.9,12.2,12.2,6567,32837,0.0,0.0,12.4,"March 11, 15",0.0,XTLB
2015-03-10,11.785,12.05,11.5,11.55,11.55,2318,11590,-0.235,-1.99,11.57,"March 10, 15",-0.0199,XTLB
2015-03-09,11.5,12.2,11.5,11.7,11.7,805,4025,0.2,1.74,11.92,"March 09, 15",0.0174,XTLB
2015-03-06,12.25,12.6995,11.4,11.8,11.8,6867,34336,-0.45,-3.67,12.2,"March 06, 15",-0.0367,XTLB
2015-03-05,12.2,12.5,11.35,12.2,12.2,3463,17319,0.0,0.0,12.11,"March 05, 15",0.0,XTLB
2015-03-04,11.5,12.05,10.65,12.05,12.05,3085,15428,0.55,4.78,11.5,"March 04, 15",0.0478,XTLB
2015-03-03,11.5825,12.2495,11.1,12.2495,12.25,1161,5808,0.667,5.76,11.51,"March 03, 15",0.0576,XTLB
2015-03-02,11.0005,12.15,11.0005,11.65,11.65,2640,13202,0.6495,5.9,11.93,"March 02, 15",0.059,XTLB
2015-02-27,11.5,12.25,11.5,11.7505,11.75,3166,15831,0.2505,2.18,11.83,"February 27, 15",0.0218,XTLB
2015-02-26,12.4,12.6495,12.0,12.0,12.0,7106,35532,-0.4,-3.23,12.31,"February 26, 15",-0.0323,XTLB
2015-02-25,11.0,14.3495,11.0,13.0,13.0,66849,334247,2.0,18.18,12.85,"February 25, 15",0.1818,XTLB
2015-02-24,10.9,11.45,10.85,11.25,11.25,7024,35121,0.35,3.21,11.23,"February 24, 15",0.0321,XTLB
2015-02-23,10.8,11.65,10.65,10.95,10.95,3080,15400,0.15,1.39,11.24,"February 23, 15",0.0139,XTLB
2015-02-20,11.75,11.75,10.65,11.05,11.05,640,3200,-0.7,-5.96,11.59,"February 20, 15",-0.0596,XTLB
2015-02-19,10.35,11.9995,10.35,11.495,11.5,5445,27228,1.145,11.06,11.23,"February 19, 15",0.1106,XTLB
2015-02-18,10.5,10.7,10.35,10.35,10.35,1079,5395,-0.15,-1.43,10.64,"February 18, 15",-0.0143,XTLB
2015-02-17,10.25,10.25,9.61,10.1,10.1,882,4410,-0.15,-1.46,10.14,"February 17, 15",-0.0146,XTLB
2015-02-13,10.4,10.4,10.4,10.4,10.4,0,0,0.0,0.0,10.4,"February 13, 15",0.0,XTLB
2015-02-12,10.4,10.4,10.4,10.4,10.4,0,0,0.0,0.0,10.4,"February 12, 15",0.0,XTLB
2015-02-11,10.4,10.4,10.4,10.4,10.4,0,0,0.0,0.0,10.4,"February 11, 15",0.0,XTLB
2015-02-10,10.55,10.55,10.35,10.4,10.4,160,800,-0.15,-1.42,10.49,"February 10, 15",-0.0142,XTLB
2015-02-09,9.8505,10.85,9.65,10.5995,10.6,1112,5564,0.749,7.6,10.12,"February 09, 15",0.076,XTLB
2015-02-06,9.95,10.85,9.85,10.1,10.1,1153,5768,0.15,1.51,9.97,"February 06, 15",0.0151,XTLB
2015-02-05,10.65,10.75,10.5175,10.5175,10.5,700,3500,-0.1325,-1.24,10.59,"February 05, 15",-0.0124,XTLB
2015-02-04,10.1,10.24,9.85,10.24,10.25,322,1610,0.14,1.39,9.89,"February 04, 15",0.0139,XTLB
2015-02-03,9.95,10.1,9.95,10.1,10.1,228,1140,0.15,1.51,10.08,"February 03, 15",0.0151,XTLB
2015-02-02,9.65,10.15,9.65,10.1,10.1,268,1344,0.45,4.66,9.99,"February 02, 15",0.0466,XTLB
2015-01-30,9.6165,10.0,9.6,10.0,10.0,300,1500,0.3835,3.99,9.66,"January 30, 15",0.0399,XTLB
2015-01-29,9.75,10.0,9.75,10.0,10.0,556,2782,0.25,2.56,9.86,"January 29, 15",0.0256,XTLB
2015-01-28,9.83,10.55,9.55,9.85,9.85,5320,26604,0.02,0.20346,10.29,"January 28, 15",0.0020346,XTLB
2015-01-27,10.35,10.35,10.0,10.15,10.15,145,729,-0.2,-1.93,10.23,"January 27, 15",-0.0193,XTLB
2015-01-26,9.65,10.35,9.65,10.1,10.1,602,3012,0.45,4.66,10.09,"January 26, 15",0.0466,XTLB
2015-01-23,9.6,9.6,9.6,9.6,9.6,60,300,0.0,0.0,9.57,"January 23, 15",0.0,XTLB
2015-01-22,10.9,10.9,9.9,9.9,9.9,97,489,-1.0,-9.17,10.13,"January 22, 15",-0.0917,XTLB
2015-01-21,9.75,9.942,8.95,9.8,9.8,2587,12938,0.05,0.51282,9.5,"January 21, 15",0.0051282,XTLB
2015-01-20,9.75,10.3,9.7,9.7,9.7,384,1920,-0.05,-0.51282,9.8,"January 20, 15",-0.0051282,XTLB
2015-01-16,10.15,10.15,10.15,10.15,10.15,0,0,0.0,0.0,10.15,"January 16, 15",0.0,XTLB
2015-01-15,10.15,11.1,9.4,10.15,10.15,324,1620,0.0,0.0,10.03,"January 15, 15",0.0,XTLB
2015-01-14,10.2,10.5,10.1,10.1,10.1,300,1500,-0.1,-0.98039,10.29,"January 14, 15",-0.0098039,XTLB
2015-01-13,10.1,10.95,10.0,10.95,10.95,1423,7116,0.85,8.42,10.49,"January 13, 15",0.0842,XTLB
2015-01-12,9.65,10.35,9.65,10.35,10.35,1329,6647,0.7,7.25,9.96,"January 12, 15",0.0725,XTLB
2015-01-09,8.95,9.75,8.95,9.4,9.4,1700,8500,0.45,5.03,9.47,"January 09, 15",0.0503,XTLB
2015-01-08,9.75,10.5,8.35,9.75,9.75,3598,17991,0.0,0.0,9.44,"January 08, 15",0.0,XTLB
2015-01-07,9.75,10.5,9.75,10.05,10.05,800,4000,0.3,3.08,10.13,"January 07, 15",0.0308,XTLB
2015-01-06,10.65,10.65,10.65,10.65,10.65,0,0,0.0,0.0,10.65,"January 06, 15",0.0,XTLB
2015-01-05,10.65,10.65,10.65,10.65,10.65,20,100,0.0,0.0,10.65,"January 05, 15",0.0,XTLB
2015-01-02,9.85,9.9,9.686,9.686,9.7,420,2100,-0.164,-1.66,9.85,"January 02, 15",-0.0166,XTLB
2014-12-31,9.846,9.9,9.846,9.9,9.9,100,500,0.054,0.54845,9.87,"December 31, 14",0.0054845,XTLB
2014-12-30,9.995,10.85,9.4,10.85,10.85,1421,7108,0.855,8.55,9.81,"December 30, 14",0.0855,XTLB
2014-12-29,10.5,10.8,9.6,10.8,10.8,1204,6024,0.3,2.86,10.09,"December 29, 14",0.0286,XTLB
2014-12-26,11.25,11.25,10.65,10.65,10.65,781,3906,-0.6,-5.33,10.84,"December 26, 14",-0.0533,XTLB
2014-12-24,11.35,11.45,11.05,11.05,11.05,137,687,-0.3,-2.64,11.33,"December 24, 14",-0.0264,XTLB
2014-12-23,10.65,11.5,10.65,10.9,10.9,1600,8001,0.25,2.35,11.12,"December 23, 14",0.0235,XTLB
2014-12-22,11.1,11.1,10.6,10.6,10.6,512,2560,-0.5,-4.5,10.94,"December 22, 14",-0.045,XTLB
2014-12-19,12.35,12.35,11.105,11.7,11.7,3306,16531,-0.65,-5.26,11.99,"December 19, 14",-0.0526,XTLB
2014-12-18,12.0235,12.45,11.1005,12.35,12.35,2384,11920,0.3265,2.72,12.06,"December 18, 14",0.0272,XTLB
2014-12-17,12.45,12.45,11.1,12.25,12.25,721,3605,-0.2,-1.61,12.0,"December 17, 14",-0.0161,XTLB
2014-12-16,12.55,12.55,12.55,12.55,12.55,0,0,0.0,0.0,12.55,"December 16, 14",0.0,XTLB
2014-12-15,12.5,12.55,12.5,12.55,12.55,102,510,0.05,0.4,12.32,"December 15, 14",0.004,XTLB
2014-12-12,11.7,12.65,11.7,12.5,12.5,2907,14535,0.8,6.84,12.4,"December 12, 14",0.0684,XTLB
2014-12-11,11.65,12.65,10.5,12.6495,12.65,680,3400,0.9995,8.58,12.04,"December 11, 14",0.0858,XTLB
2014-12-10,11.9,12.65,11.9,12.55,12.55,1820,9101,0.65,5.46,12.53,"December 10, 14",0.0546,XTLB
2014-12-09,12.9,12.9,11.5,12.65,12.65,698,3492,-0.25,-1.94,12.56,"December 09, 14",-0.0194,XTLB
2014-12-08,12.4255,12.8665,12.1,12.5,12.5,1979,9896,0.0745,0.59957,12.59,"December 08, 14",0.0059957,XTLB
2014-12-05,12.45,13.45,12.45,13.4,13.4,3827,19135,0.95,7.63,13.37,"December 05, 14",0.0763,XTLB
2014-12-04,12.75,13.5,12.75,13.5,13.5,1136,5684,0.75,5.88,13.17,"December 04, 14",0.0588,XTLB
2014-12-03,12.55,13.2,12.55,12.6,12.6,5563,27816,0.05,0.39841,12.78,"December 03, 14",0.0039841,XTLB
2014-12-02,12.0,12.7,12.0,12.35,12.35,2296,11481,0.35,2.92,12.55,"December 02, 14",0.0292,XTLB
2014-12-01,11.5,13.15,11.45,11.8,11.8,19473,97368,0.3,2.61,12.23,"December 01, 14",0.0261,XTLB
2014-11-28,10.55,11.35,10.55,11.35,11.35,1118,5590,0.8,7.58,11.18,"November 28, 14",0.0758,XTLB
2014-11-26,11.45,11.45,11.45,11.45,11.45,28,140,0.0,0.0,11.33,"November 26, 14",0.0,XTLB
2014-11-25,10.97,10.97,10.97,10.97,10.95,41,205,0.0,0.0,10.78,"November 25, 14",0.0,XTLB
2014-11-24,11.4,11.4,11.4,11.4,11.4,32,162,0.0,0.0,11.25,"November 24, 14",0.0,XTLB
2014-11-21,10.9,12.1,10.85,11.07,11.05,3280,16403,0.17,1.56,11.92,"November 21, 14",0.0156,XTLB
2014-11-20,11.155,11.7,10.65,10.8,10.8,1073,5368,-0.355,-3.18,11.04,"November 20, 14",-0.0318,XTLB
2014-11-19,11.5005,11.6,11.5,11.5,11.5,278,1394,-0.0005,-0.00434764,11.52,"November 19, 14",-4.34764e-05,XTLB
2014-11-18,12.45,12.458,11.4,12.25,12.25,625,3127,-0.2,-1.61,12.16,"November 18, 14",-0.0161,XTLB
2014-11-17,12.9,12.9,12.9,12.9,12.9,0,0,0.0,0.0,12.9,"November 17, 14",0.0,XTLB
2014-11-14,12.4,13.35,11.9,12.9,12.9,979,4895,0.5,4.03,12.54,"November 14, 14",0.0403,XTLB
2014-11-13,11.62,13.35,11.2505,12.2505,12.25,3910,19553,0.6305,5.43,11.93,"November 13, 14",0.0543,XTLB
2014-11-12,13.65,13.65,12.0,12.0,12.0,2777,13887,-1.65,-12.09,12.54,"November 12, 14",-0.1209,XTLB
2014-11-11,11.85,12.95,11.85,12.9,12.9,3036,15180,1.05,8.86,12.51,"November 11, 14",0.0886,XTLB
2014-11-10,11.25,12.95,11.25,12.4,12.4,10117,50588,1.15,10.22,12.12,"November 10, 14",0.1022,XTLB
2014-11-07,10.9505,11.95,10.9505,11.25,11.25,10794,53972,0.2995,2.74,11.6,"November 07, 14",0.0274,XTLB
2014-11-06,10.25,11.15,10.15,11.0,11.0,3998,19993,0.75,7.32,10.77,"November 06, 14",0.0732,XTLB
2014-11-05,9.5,10.9,9.5,10.0,10.0,8643,43218,0.5,5.26,10.0,"November 05, 14",0.0526,XTLB
2014-11-04,9.95,9.9975,9.25,9.25,9.25,3216,16081,-0.7,-7.04,9.36,"November 04, 14",-0.0704,XTLB
2014-11-03,9.25,10.25,8.8,9.6475,9.65,10270,51350,0.3975,4.3,9.47,"November 03, 14",0.043,XTLB
2014-10-31,9.1495,9.1495,7.75,8.0,8.0,2323,11619,-1.1495,-12.56,8.11,"October 31, 14",-0.1256,XTLB
2014-10-30,8.304,8.988,8.0,8.541,8.55,322,1610,0.237,2.85,8.35,"October 30, 14",0.0285,XTLB
2014-10-29,8.55,8.55,8.029,8.3,8.3,435,2179,-0.25,-2.92,8.19,"October 29, 14",-0.0292,XTLB
2014-10-28,8.7495,8.7495,8.7495,8.7495,8.75,108,541,0.0,0.0,8.81,"October 28, 14",0.0,XTLB
2014-10-27,8.805,8.9,8.805,8.9,8.9,56,284,0.095,1.08,8.84,"October 27, 14",0.0108,XTLB
2014-10-24,9.4,9.4,8.25,8.65,8.65,2632,13161,-0.75,-7.98,8.49,"October 24, 14",-0.0798,XTLB
2014-10-23,9.3995,9.4,8.905,9.4,9.4,1910,9552,0.0005,0.00531943,9.36,"October 23, 14",5.31943e-05,XTLB
2014-10-22,8.2,9.1495,8.2,9.05,9.05,526,2631,0.85,10.37,8.5,"October 22, 14",0.1037,XTLB
2014-10-21,7.85,8.5995,7.85,8.45,8.45,4383,21918,0.6,7.64,7.98,"October 21, 14",0.0764,XTLB
2014-10-20,8.1,8.25,7.9,7.9375,7.95,3099,15495,-0.1625,-2.01,8.0,"October 20, 14",-0.0201,XTLB
2014-10-17,9.05,9.15,8.25,8.25,8.25,2497,12489,-0.8,-8.84,8.5,"October 17, 14",-0.0884,XTLB
2014-10-16,8.6,8.65,8.1,8.55,8.55,850,4253,-0.05,-0.5814,8.44,"October 16, 14",-0.005814,XTLB
2014-10-15,8.6,8.75,8.05,8.6,8.6,1821,9108,0.0,0.0,8.61,"October 15, 14",0.0,XTLB
2014-10-14,8.55,9.7,8.55,8.6,8.6,2176,10882,0.05,0.5848,8.64,"October 14, 14",0.005848,XTLB
2014-10-13,10.35,10.35,8.565,8.6,8.6,7179,35899,-1.75,-16.91,8.78,"October 13, 14",-0.1691,XTLB
2014-10-10,9.95,10.65,9.85,9.9,9.9,1923,9619,-0.05,-0.50251,9.97,"October 10, 14",-0.0050251,XTLB
2014-10-09,9.6005,10.7,9.6005,9.85,9.85,5508,27543,0.2495,2.6,9.95,"October 09, 14",0.026,XTLB
2014-10-08,11.0,11.5,8.96,9.8,9.8,6768,33843,-1.2,-10.91,10.62,"October 08, 14",-0.1091,XTLB
2014-10-07,11.75,11.85,10.65,10.7505,10.75,7697,38485,-0.9995,-8.51,11.11,"October 07, 14",-0.0851,XTLB
2014-10-06,12.5,15.8,11.65,11.85,11.85,31859,159295,-0.65,-5.2,12.61,"October 06, 14",-0.052,XTLB
2014-10-03,16.85,16.85,14.05,14.5005,14.5,72342,361712,-2.3495,-13.94,15.42,"October 03, 14",-0.1394,XTLB
2014-10-02,8.35,25.0,8.35,16.9,16.9,285765,1428828,8.55,102.4,17.26,"October 02, 14",1.024,XTLB
2014-10-01,8.4,8.4005,8.05,8.25,8.25,4324,21622,-0.15,-1.79,8.11,"October 01, 14",-0.0179,XTLB
2014-09-30,8.6,8.7,8.5,8.5,8.5,1458,7290,-0.1,-1.16,8.57,"September 30, 14",-0.0116,XTLB
2014-09-29,10.05,10.5,8.5,8.75,8.75,9885,49425,-1.3,-12.94,9.62,"September 29, 14",-0.1294,XTLB
2014-09-26,10.35,10.35,10.05,10.1,10.1,151,755,-0.25,-2.42,10.12,"September 26, 14",-0.0242,XTLB
2014-09-25,9.9,9.908,9.9,9.908,9.9,200,1000,0.008,0.08080808,9.91,"September 25, 14",0.0008080808,XTLB
2014-09-24,10.5,10.5,10.5,10.5,10.5,0,0,0.0,0.0,10.5,"September 24, 14",0.0,XTLB
2014-09-23,10.5,10.5,10.5,10.5,10.5,100,501,0.0,0.0,10.55,"September 23, 14",0.0,XTLB
2014-09-22,10.742,10.742,10.742,10.742,10.75,100,500,0.0,0.0,10.74,"September 22, 14",0.0,XTLB
2014-09-19,10.2,10.2,10.2,10.2,10.2,117,588,0.0,0.0,10.27,"September 19, 14",0.0,XTLB
2014-09-18,10.75,10.75,10.75,10.75,10.75,20,100,0.0,0.0,10.75,"September 18, 14",0.0,XTLB
2014-09-17,10.55,10.75,10.55,10.75,10.75,416,2080,0.2,1.9,10.65,"September 17, 14",0.019,XTLB
2014-09-16,10.7,10.7995,10.25,10.25,10.25,457,2289,-0.45,-4.21,10.35,"September 16, 14",-0.0421,XTLB
2014-09-15,10.05,10.5,10.05,10.0505,10.05,260,1300,0.0005,0.00497512,10.21,"September 15, 14",4.97512e-05,XTLB
2014-09-12,10.2,10.7,10.2,10.7,10.7,590,2950,0.5,4.9,10.37,"September 12, 14",0.049,XTLB
2014-09-11,10.75,10.75,10.75,10.75,10.75,100,500,0.0,0.0,10.75,"September 11, 14",0.0,XTLB
2014-09-10,10.95,11.15,10.75,10.75,10.75,920,4600,-0.2,-1.83,10.85,"September 10, 14",-0.0183,XTLB
2014-09-09,11.25,11.25,11.25,11.25,11.25,0,0,0.0,0.0,11.25,"September 09, 14",0.0,XTLB
2014-09-08,11.25,11.25,11.25,11.25,11.25,54,270,0.0,0.0,11.13,"September 08, 14",0.0,XTLB
2014-09-05,11.245,11.245,11.245,11.245,11.25,20,100,0.0,0.0,11.25,"September 05, 14",0.0,XTLB
2014-09-04,10.8,10.8,10.8,10.8,10.8,0,0,0.0,0.0,10.8,"September 04, 14",0.0,XTLB
2014-09-03,10.8,10.8,10.8,10.8,10.8,40,200,0.0,0.0,10.78,"September 03, 14",0.0,XTLB
2014-09-02,11.5,11.9,10.8,10.8,10.8,1172,5860,-0.7,-6.09,11.03,"September 02, 14",-0.0609,XTLB
2014-08-29,11.4,12.0,11.4,11.55,11.55,716,3583,0.15,1.32,11.67,"August 29, 14",0.0132,XTLB
2014-08-28,11.212,11.3,11.212,11.3,11.3,66,333,0.088,0.78487,11.25,"August 28, 14",0.0078487,XTLB
2014-08-27,10.65,10.75,10.65,10.75,10.75,40,201,0.1,0.93897,10.7,"August 27, 14",0.0093897,XTLB
2014-08-26,10.7,11.0005,10.45,10.75,10.75,820,4101,0.05,0.46729,10.74,"August 26, 14",0.0046729,XTLB
2014-08-25,11.1,11.1,10.45,11.1,11.1,640,3200,0.0,0.0,10.71,"August 25, 14",0.0,XTLB
2014-08-22,11.9,11.9,10.8,11.25,11.25,1336,6682,-0.65,-5.46,11.2,"August 22, 14",-0.0546,XTLB
2014-08-21,11.9,11.9,11.05,11.831,11.85,815,4079,-0.069,-0.57983,11.65,"August 21, 14",-0.0057983,XTLB
2014-08-20,10.45,10.45,10.45,10.45,10.45,20,100,0.0,0.0,10.45,"August 20, 14",0.0,XTLB
2014-08-19,10.7,11.7,10.6,11.6,11.6,240,1200,0.9,8.41,10.84,"August 19, 14",0.0841,XTLB
2014-08-18,10.3,11.868,10.3,11.868,11.85,240,1200,1.568,15.22,10.56,"August 18, 14",0.1522,XTLB
2014-08-15,12.0,12.0,11.75,11.766,11.75,565,2826,-0.234,-1.95,11.89,"August 15, 14",-0.0195,XTLB
2014-08-14,11.4505,12.0,11.4505,12.0,12.0,481,2406,0.5495,4.8,11.6,"August 14, 14",0.048,XTLB
2014-08-13,12.35,12.35,11.0,11.9995,12.0,513,2565,-0.3505,-2.84,11.95,"August 13, 14",-0.0284,XTLB
2014-08-12,12.7,12.7,12.35,12.35,12.35,620,3100,-0.35,-2.76,12.52,"August 12, 14",-0.0276,XTLB
2014-08-11,12.45,13.3495,12.35,12.8,12.8,3407,17035,0.35,2.81,12.89,"August 11, 14",0.0281,XTLB
2014-08-08,14.45,14.45,14.45,14.45,14.45,0,0,0.0,0.0,14.45,"August 08, 14",0.0,XTLB
2014-08-07,12.6415,14.459,12.6415,14.459,14.45,80,400,1.8175,14.38,13.78,"August 07, 14",0.1438,XTLB
2014-08-06,13.0,15.0,12.35,14.8,14.8,454,2270,1.8,13.85,13.43,"August 06, 14",0.1385,XTLB
2014-08-05,15.15,15.9,15.15,15.8,15.8,292,1461,0.65,4.29,15.6,"August 05, 14",0.0429,XTLB
2014-08-04,16.4,16.4,16.4,16.4,16.4,0,0,0.0,0.0,16.4,"August 04, 14",0.0,XTLB
2014-08-01,14.05,16.4,13.95,16.4,16.4,540,2700,2.35,16.73,16.04,"August 01, 14",0.1673,XTLB
2014-07-31,16.15,16.2,16.1,16.2,16.200001,126,633,0.05,0.3096,16.16,"July 31, 14",0.003096,XTLB
2014-07-30,15.7,16.8,15.2,16.3,16.299999,1050,5252,0.6,3.82,15.71,"July 30, 14",0.0382,XTLB
2014-07-29,15.715,16.85,15.7,16.3,16.299999,83,416,0.585,3.72,16.12,"July 29, 14",0.0372,XTLB
2014-07-28,16.6,16.6,16.6,16.6,16.6,0,0,0.0,0.0,16.6,"July 28, 14",0.0,XTLB
2014-07-25,16.6,16.6,16.6,16.6,16.6,0,0,0.0,0.0,16.6,"July 25, 14",0.0,XTLB
2014-07-24,16.25,16.85,15.47,16.6,16.6,3744,18720,0.35,2.15,16.6,"July 24, 14",0.0215,XTLB
2014-07-23,16.55,16.65,15.75,15.8,15.8,835,4177,-0.75,-4.53,16.48,"July 23, 14",-0.0453,XTLB
2014-07-22,15.85,16.495,15.85,16.44,16.450001,2556,12781,0.59,3.72,16.26,"July 22, 14",0.0372,XTLB
2014-07-21,16.25,16.8995,15.5005,16.25,16.25,2327,11636,0.0,0.0,16.31,"July 21, 14",0.0,XTLB
2014-07-18,15.65,17.6,15.65,17.5,17.5,540,2700,1.85,11.82,17.36,"July 18, 14",0.1182,XTLB
2014-07-17,17.3,17.3,17.3,17.3,17.299999,80,400,0.0,0.0,17.3,"July 17, 14",0.0,XTLB
2014-07-16,17.1,17.41,16.55,17.3,17.299999,658,3290,0.2,1.17,17.15,"July 16, 14",0.0117,XTLB
2014-07-15,16.55,16.55,16.55,16.55,16.549999,100,500,0.0,0.0,16.55,"July 15, 14",0.0,XTLB
2014-07-14,15.4,16.05,15.4,16.05,16.049999,280,1400,0.65,4.22,15.63,"July 14, 14",0.0422,XTLB
2014-07-11,17.3995,17.3995,15.45,15.45,15.45,3144,15720,-1.9495,-11.2,16.31,"July 11, 14",-0.112,XTLB
2014-07-10,15.375,16.45,15.375,16.45,16.450001,5477,27386,1.075,6.99,16.21,"July 10, 14",0.0699,XTLB
2014-07-09,15.5,15.55,15.05,15.15,15.15,1800,9000,-0.35,-2.26,15.49,"July 09, 14",-0.0226,XTLB
2014-07-08,14.35,15.25,14.3,14.65,14.65,2151,10755,0.3,2.09,14.77,"July 08, 14",0.0209,XTLB
2014-07-07,14.3,15.45,14.3,14.65,14.65,540,2700,0.35,2.45,15.3,"July 07, 14",0.0245,XTLB
2014-07-03,15.65,15.85,14.2,15.05,15.05,2822,14112,-0.6,-3.83,15.52,"July 03, 14",-0.0383,XTLB
2014-07-02,15.25,15.75,15.2,15.25,15.25,1397,6988,0.0,0.0,15.58,"July 02, 14",0.0,XTLB
2014-07-01,13.85,15.25,13.85,15.25,15.25,847,4237,1.4,10.11,14.85,"July 01, 14",0.1011,XTLB
2014-06-30,14.3,15.3,14.3,15.3,15.3,440,2204,1.0,6.99,15.04,"June 30, 14",0.0699,XTLB
2014-06-27,15.55,15.55,14.35,14.35,14.35,105,527,-1.2,-7.72,15.0,"June 27, 14",-0.0772,XTLB
2014-06-26,13.55,13.55,13.55,13.55,13.55,20,100,0.0,0.0,13.55,"June 26, 14",0.0,XTLB
2014-06-25,16.25,16.25,13.7,14.0505,14.05,139,697,-2.1995,-13.54,14.36,"June 25, 14",-0.1354,XTLB
2014-06-24,14.6,14.6,14.6,14.6,14.6,20,100,0.0,0.0,14.6,"June 24, 14",0.0,XTLB
2014-06-23,16.0,16.0,15.5,15.5,15.5,154,770,-0.5,-3.12,15.94,"June 23, 14",-0.0312,XTLB
2014-06-20,16.2,16.2,16.0,16.0,16.0,106,534,-0.2,-1.23,16.1,"June 20, 14",-0.0123,XTLB
2014-06-19,14.595,15.55,14.595,15.55,15.55,120,600,0.955,6.54,15.39,"June 19, 14",0.0654,XTLB
2014-06-18,15.6,15.6,15.6,15.6,15.6,0,0,0.0,0.0,15.6,"June 18, 14",0.0,XTLB
2014-06-17,16.05,16.6,15.0,15.6,15.6,310,1552,-0.45,-2.8,15.97,"June 17, 14",-0.028,XTLB
2014-06-16,17.25,18.0,15.4,16.2,16.200001,3908,19543,-1.05,-6.09,17.44,"June 16, 14",-0.0609,XTLB
2014-06-13,18.45,18.45,17.75,17.75,17.75,80,400,-0.7,-3.79,17.93,"June 13, 14",-0.0379,XTLB
2014-06-12,16.95,18.8,16.95,18.75,18.75,1500,7500,1.8,10.62,17.83,"June 12, 14",0.1062,XTLB
2014-06-11,15.4,17.45,15.4,15.6,15.6,4973,24868,0.2,1.3,17.09,"June 11, 14",0.013,XTLB
2014-06-10,14.1,17.05,14.1,16.1,16.1,2133,10665,2.0,14.18,15.87,"June 10, 14",0.1418,XTLB
2014-06-09,14.1,14.1,14.1,14.1,14.1,0,0,0.0,0.0,14.1,"June 09, 14",0.0,XTLB
2014-06-06,12.8625,14.1,12.8625,14.1,14.1,515,2578,1.2375,9.62,13.89,"June 06, 14",0.0962,XTLB
2014-06-05,12.4,12.4,12.35,12.4,12.4,260,1300,0.0,0.0,12.4,"June 05, 14",0.0,XTLB
2014-06-04,12.45,14.75,12.45,13.85,13.85,1221,6105,1.4,11.24,14.07,"June 04, 14",0.1124,XTLB
2014-06-03,14.0,14.0,14.0,14.0,14.0,0,0,0.0,0.0,14.0,"June 03, 14",0.0,XTLB
2014-06-02,14.0,14.0,14.0,14.0,14.0,0,0,0.0,0.0,14.0,"June 02, 14",0.0,XTLB
2014-05-30,12.8,14.4995,12.8,14.0,14.0,60,300,1.2,9.37,13.77,"May 30, 14",0.0937,XTLB
2014-05-29,12.05,14.325,9.65,14.325,14.35,1045,5225,2.275,18.88,11.97,"May 29, 14",0.1888,XTLB
2014-05-28,14.51,14.55,14.5,14.5025,14.5,82,410,-0.0075,-0.05168849,14.52,"May 28, 14",-0.0005168849,XTLB
2014-05-27,14.45,14.5005,14.45,14.5,14.5,360,1800,0.05,0.34602,14.49,"May 27, 14",0.0034602,XTLB
2014-05-23,15.5,15.5,14.5,14.5,14.5,269,1349,-1.0,-6.45,15.5,"May 23, 14",-0.0645,XTLB
2014-05-22,15.9995,15.9995,15.9995,15.9995,16.0,50,250,0.0,0.0,16.0,"May 22, 14",0.0,XTLB
2014-05-21,15.5,15.5,15.5,15.5,15.5,90,450,0.0,0.0,15.5,"May 21, 14",0.0,XTLB
2014-05-20,15.75,15.7505,15.75,15.75,15.75,420,2100,0.0,0.0,15.75,"May 20, 14",0.0,XTLB
2014-05-19,15.5,16.7,15.06,16.2,16.200001,749,3748,0.7,4.52,16.16,"May 19, 14",0.0452,XTLB
2014-05-16,16.55,16.55,16.55,16.55,16.549999,20,102,0.0,0.0,16.56,"May 16, 14",0.0,XTLB
2014-05-15,16.0005,18.0,15.65,17.3,17.299999,1093,5469,1.2995,8.12,16.77,"May 15, 14",0.0812,XTLB
2014-05-14,17.0,17.35,16.2,16.25,16.25,1600,8000,-0.75,-4.41,16.93,"May 14, 14",-0.0441,XTLB
2014-05-13,16.35,16.45,16.0,16.0,16.0,714,3570,-0.35,-2.14,16.2,"May 13, 14",-0.0214,XTLB
2014-05-12,15.8,15.8,15.05,15.25,15.25,400,2000,-0.55,-3.48,15.29,"May 12, 14",-0.0348,XTLB
2014-05-09,16.25,19.65,14.0,14.54,14.55,15324,76622,-1.71,-10.52,17.31,"May 09, 14",-0.1052,XTLB
2014-05-08,16.9,16.9,16.9,16.9,16.9,0,0,0.0,0.0,16.9,"May 08, 14",0.0,XTLB
2014-05-07,16.8,17.335,16.75,16.882,16.9,2200,11000,0.082,0.4881,16.76,"May 07, 14",0.004881,XTLB
2014-05-06,16.25,17.0,16.25,17.0,17.0,1234,6173,0.75,4.62,16.89,"May 06, 14",0.0462,XTLB
2014-05-05,16.5,16.8,16.25,16.25,16.25,401,2005,-0.25,-1.52,16.47,"May 05, 14",-0.0152,XTLB
2014-05-02,16.55,16.55,16.55,16.55,16.549999,60,300,0.0,0.0,16.55,"May 02, 14",0.0,XTLB
2014-05-01,16.6,16.6,16.6,16.6,16.6,0,0,0.0,0.0,16.6,"May 01, 14",0.0,XTLB
2014-04-30,16.6005,16.6005,16.6005,16.6005,16.6,24,120,0.0,0.0,16.6,"April 30, 14",0.0,XTLB
2014-04-29,17.15,17.15,17.15,17.15,17.15,0,0,0.0,0.0,17.15,"April 29, 14",0.0,XTLB
2014-04-28,17.8,17.9,17.0,17.15,17.15,832,4163,-0.65,-3.65,17.27,"April 28, 14",-0.0365,XTLB
2014-04-25,17.65,18.1,17.65,18.1,18.1,400,2000,0.45,2.55,17.73,"April 25, 14",0.0255,XTLB
2014-04-24,19.1995,19.2495,19.109,19.2495,19.25,267,1338,0.05,0.26042,19.18,"April 24, 14",0.0026042,XTLB
2014-04-23,16.9,19.25,16.9,19.25,19.25,2375,11876,2.35,13.91,17.45,"April 23, 14",0.1391,XTLB
2014-04-22,17.05,17.05,17.05,17.05,17.049999,75,375,0.0,0.0,17.05,"April 22, 14",0.0,XTLB
2014-04-21,16.5,16.5,16.46,16.46,16.450001,160,800,-0.04,-0.24242,16.48,"April 21, 14",-0.0024242,XTLB
2014-04-17,16.799999,16.799999,16.799999,16.799999,16.799999,0,0,0.0,0.0,16.8,"April 17, 14",0.0,XTLB
2014-04-16,16.4,16.85,16.4,16.8,16.799999,374,1874,0.4,2.44,16.8,"April 16, 14",0.0244,XTLB
2014-04-15,16.5,18.15,16.35,16.35,16.35,482,2410,-0.15,-0.90909,16.57,"April 15, 14",-0.0090909,XTLB
2014-04-14,17.95,18.1,17.5,17.5,17.5,1539,7699,-0.45,-2.51,17.95,"April 14, 14",-0.0251,XTLB
2014-04-11,17.2,17.5,17.2,17.5,17.5,1140,5700,0.3,1.74,17.28,"April 11, 14",0.0174,XTLB
2014-04-10,18.25,18.25,17.5,18.1,18.1,539,2699,-0.15,-0.82192,18.04,"April 10, 14",-0.0082192,XTLB
2014-04-09,18.6,18.6,18.6,18.6,18.6,58,292,0.0,0.0,18.49,"April 09, 14",0.0,XTLB
2014-04-08,18.25,18.25,17.4985,17.85,17.85,762,3814,-0.4,-2.19,17.63,"April 08, 14",-0.0219,XTLB
2014-04-07,19.4,19.4,18.25,18.575,18.6,2161,10807,-0.825,-4.25,18.8,"April 07, 14",-0.0425,XTLB
2014-04-04,20.15,21.545,19.6,20.4,20.4,2550,12752,0.25,1.24,20.09,"April 04, 14",0.0124,XTLB
2014-04-03,23.05,23.05,21.55,21.6,21.6,8183,40917,-1.45,-6.29,22.43,"April 03, 14",-0.0629,XTLB
2014-04-02,20.45,25.2,20.4,24.75,24.75,41017,205085,4.3,21.03,23.15,"April 02, 14",0.2103,XTLB
2014-04-01,18.2,21.25,18.15,20.25,20.25,11603,58015,2.05,11.26,20.14,"April 01, 14",0.1126,XTLB
2014-03-31,17.05,20.3,17.05,18.2,18.200001,6144,30720,1.15,6.74,19.3,"March 31, 14",0.0674,XTLB
2014-03-28,17.799999,17.799999,17.799999,17.799999,17.799999,0,0,0.0,0.0,17.8,"March 28, 14",0.0,XTLB
2014-03-27,17.799999,17.799999,17.799999,17.799999,17.799999,0,0,0.0,0.0,17.8,"March 27, 14",0.0,XTLB
2014-03-26,17.8,17.85,17.8,17.8,17.799999,275,1375,0.0,0.0,17.8,"March 26, 14",0.0,XTLB
2014-03-25,18.0,18.1255,17.3,18.1255,18.15,711,3556,0.1255,0.69722,17.88,"March 25, 14",0.0069722,XTLB
2014-03-24,17.6,18.25,17.05,18.2,18.200001,1462,7310,0.6,3.41,17.78,"March 24, 14",0.0341,XTLB
2014-03-21,18.5,18.65,17.8,17.8,17.799999,508,2540,-0.7,-3.78,18.31,"March 21, 14",-0.0378,XTLB
2014-03-20,17.8005,17.99,17.8,17.895,17.9,420,2100,0.0945,0.53088,17.86,"March 20, 14",0.0053088,XTLB
2014-03-19,18.75,18.75,17.9,18.0,18.0,451,2258,-0.75,-4.0,18.32,"March 19, 14",-0.04,XTLB
2014-03-18,18.950001,18.950001,18.950001,18.950001,18.950001,0,0,0.0,0.0,18.95,"March 18, 14",0.0,XTLB
2014-03-17,18.75,19.05,18.75,18.95,18.950001,3337,16686,0.2,1.07,18.85,"March 17, 14",0.0107,XTLB
2014-03-14,19.05,19.05,17.755,17.755,17.75,1540,7700,-1.295,-6.8,19.02,"March 14, 14",-0.068,XTLB
2014-03-13,18.45,19.25,18.05,18.1635,18.15,1979,9898,-0.2865,-1.55,18.64,"March 13, 14",-0.0155,XTLB
2014-03-12,19.299999,19.299999,19.299999,19.299999,19.299999,0,0,0.0,0.0,19.3,"March 12, 14",0.0,XTLB
2014-03-11,19.299999,19.299999,19.299999,19.299999,19.299999,0,0,0.0,0.0,19.3,"March 11, 14",0.0,XTLB
2014-03-10,20.0,20.0,19.3,19.3,19.299999,251,1255,-0.7,-3.5,19.45,"March 10, 14",-0.035,XTLB
2014-03-07,18.805,19.05,18.805,19.05,19.049999,180,900,0.245,1.3,19.02,"March 07, 14",0.013,XTLB
2014-03-06,18.8,20.05,18.75,20.05,20.049999,207,1037,1.25,6.65,18.92,"March 06, 14",0.0665,XTLB
2014-03-05,19.549999,19.549999,19.549999,19.549999,19.549999,0,0,0.0,0.0,19.55,"March 05, 14",0.0,XTLB
2014-03-04,19.4,19.542,19.4,19.542,19.549999,75,375,0.142,0.73196,19.45,"March 04, 14",0.0073196,XTLB
2014-03-03,19.9,20.0,19.88,19.88,19.9,265,1325,-0.02,-0.1005,19.98,"March 03, 14",-0.001005,XTLB
2014-02-28,20.0,20.1875,18.75,20.1875,20.200001,442,2213,0.1875,0.9375,19.81,"February 28, 14",0.009375,XTLB
2014-02-27,18.5,20.07,18.5,19.95,19.950001,3065,15328,1.45,7.84,19.44,"February 27, 14",0.0784,XTLB
2014-02-26,18.75,18.75,18.5,18.5,18.5,260,1300,-0.25,-1.33,18.69,"February 26, 14",-0.0133,XTLB
2014-02-25,18.05,18.9,18.05,18.9,18.9,1430,7150,0.85,4.71,18.5,"February 25, 14",0.0471,XTLB
2014-02-24,18.5,19.25,17.7685,17.7685,17.75,1010,5050,-0.7315,-3.95,18.52,"February 24, 14",-0.0395,XTLB
2014-02-21,18.15,19.54,17.5,19.4,19.4,452,2261,1.25,6.89,17.89,"February 21, 14",0.0689,XTLB
2014-02-20,18.35,18.35,18.35,18.35,18.35,200,1000,0.0,0.0,18.35,"February 20, 14",0.0,XTLB
2014-02-19,19.1,19.1,18.2,18.2,18.200001,2124,10622,-0.9,-4.71,18.6,"February 19, 14",-0.0471,XTLB
2014-02-18,19.2505,19.3,18.5,18.69,18.700001,725,3626,-0.5605,-2.91,18.92,"February 18, 14",-0.0291,XTLB
2014-02-14,19.950001,19.950001,18.5,18.9,18.9,940,940,-1.05,-5.26,19.12,"February 14, 14",-0.0526,XTLB
2014-02-13,20.0,20.0,19.65,19.65,19.65,420,420,-0.35,-1.75,19.77,"February 13, 14",-0.0175,XTLB
2014-02-12,19.5,20.0,19.5,20.0,20.0,560,560,0.5,2.56,19.83,"February 12, 14",0.0256,XTLB
2014-02-11,19.75,19.75,19.75,19.75,19.75,400,400,0.0,0.0,19.75,"February 11, 14",0.0,XTLB
2014-02-10,21.9,22.9,20.5,20.75,20.75,4780,4780,-1.15,-5.25,21.38,"February 10, 14",-0.0525,XTLB
2014-02-07,19.299999,23.5,18.700001,21.5,21.5,14260,14260,2.2,11.4,21.23,"February 07, 14",0.114,XTLB
2014-02-06,17.9,19.85,17.9,19.75,19.75,7800,7800,1.85,10.34,19.17,"February 06, 14",0.1034,XTLB
2014-02-05,17.200001,19.15,17.200001,18.299999,18.299999,5520,5520,1.1,6.4,18.22,"February 05, 14",0.064,XTLB
2014-02-04,17.5,17.5,17.200001,17.200001,17.200001,420,420,-0.299999,-1.71,17.3,"February 04, 14",-0.0171,XTLB
2014-02-03,17.15,17.15,17.15,17.15,17.15,20,20,0.0,0.0,17.15,"February 03, 14",0.0,XTLB
2014-01-31,18.450001,18.5,18.4,18.4,18.4,2660,2660,-0.050001,-0.27101,18.43,"January 31, 14",-0.0027101,XTLB
2014-01-30,17.4,19.75,17.0,18.450001,18.450001,2260,2260,1.05,6.03,18.4,"January 30, 14",0.0603,XTLB
2014-01-29,17.950001,18.25,16.700001,18.0,18.0,560,560,0.049999,0.27855,17.65,"January 29, 14",0.0027855,XTLB
2014-01-28,16.299999,18.450001,16.299999,18.4,18.4,640,640,2.1,12.88,17.72,"January 28, 14",0.1288,XTLB
2014-01-27,16.5,18.049999,15.5,17.9,17.9,4160,4160,1.4,8.48,17.15,"January 27, 14",0.0848,XTLB
2014-01-24,18.700001,18.950001,18.1,18.1,18.1,1780,1780,-0.600001,-3.21,18.38,"January 24, 14",-0.0321,XTLB
2014-01-23,18.75,18.950001,18.049999,18.799999,18.799999,1220,1220,0.049999,0.26666,18.6,"January 23, 14",0.0026666,XTLB
2014-01-22,17.549999,19.25,17.549999,19.0,19.0,7760,7760,1.45,8.26,18.6,"January 22, 14",0.0826,XTLB
2014-01-21,18.799999,19.4,17.85,18.950001,18.950001,5060,5060,0.150002,0.79788,18.73,"January 21, 14",0.0079788,XTLB
2014-01-17,18.25,19.0,18.049999,19.0,19.0,11260,11260,0.75,4.11,18.68,"January 17, 14",0.0411,XTLB
2014-01-16,15.95,18.5,15.6,18.049999,18.049999,5760,5760,2.1,13.17,17.38,"January 16, 14",0.1317,XTLB
2014-01-15,14.65,16.299999,14.65,14.95,14.95,6460,6460,0.3,2.05,15.3,"January 15, 14",0.0205,XTLB
2014-01-14,15.7,15.7,14.1,15.2,15.2,300,300,-0.5,-3.18,15.0,"January 14, 14",-0.0318,XTLB
2014-01-13,15.5,15.75,13.95,14.55,14.55,2340,2340,-0.95,-6.13,14.75,"January 13, 14",-0.0613,XTLB
2014-01-10,15.15,16.15,15.15,15.5,15.5,1900,1900,0.35,2.31,15.6,"January 10, 14",0.0231,XTLB
2014-01-09,14.15,15.5,14.05,15.3,15.3,1040,1040,1.15,8.13,14.95,"January 09, 14",0.0813,XTLB
2014-01-08,15.75,16.799999,15.0,15.75,15.75,10800,10800,0.0,0.0,15.85,"January 08, 14",0.0,XTLB
2014-01-07,13.65,13.65,13.65,13.65,13.65,40,40,0.0,0.0,13.65,"January 07, 14",0.0,XTLB
2014-01-06,13.95,14.35,13.5,14.2,14.2,1460,1460,0.25,1.79,14.02,"January 06, 14",0.0179,XTLB
2014-01-03,14.55,15.4,14.55,15.35,15.35,520,520,0.8,5.5,15.1,"January 03, 14",0.055,XTLB
2014-01-02,14.5,17.25,13.55,15.6,15.6,3080,3080,1.1,7.59,15.47,"January 02, 14",0.0759,XTLB
2013-12-31,14.55,15.0,14.5,14.5,14.5,980,980,-0.05,-0.34364,14.67,"December 31, 13",-0.0034364,XTLB
2013-12-30,15.0,15.55,14.5,14.7,14.7,2400,2400,-0.3,-2.0,14.92,"December 30, 13",-0.02,XTLB
2013-12-27,15.7,15.75,14.75,15.4,15.4,640,640,-0.3,-1.91,15.3,"December 27, 13",-0.0191,XTLB
2013-12-26,14.75,15.9,14.75,15.2,15.2,1140,1140,0.45,3.05,15.28,"December 26, 13",0.0305,XTLB
2013-12-24,15.25,16.75,15.25,16.75,16.75,1340,1340,1.5,9.84,16.25,"December 24, 13",0.0984,XTLB
2013-12-23,16.450001,16.450001,15.15,15.65,15.65,2040,2040,-0.800001,-4.86,15.75,"December 23, 13",-0.0486,XTLB
2013-12-20,16.9,17.950001,15.15,16.700001,16.700001,5080,5080,-0.199999,-1.18,16.6,"December 20, 13",-0.0118,XTLB
2013-12-19,15.7,17.0,15.7,16.25,16.25,5960,5960,0.55,3.5,16.32,"December 19, 13",0.035,XTLB
2013-12-18,14.6,15.25,14.15,14.15,14.15,3180,3180,-0.45,-3.08,14.52,"December 18, 13",-0.0308,XTLB
2013-12-17,11.0,14.7,11.0,13.55,13.55,5220,5220,2.55,23.18,13.08,"December 17, 13",0.2318,XTLB
2013-12-16,12.25,12.9,10.75,11.2,11.2,4500,4500,-1.05,-8.57,11.62,"December 16, 13",-0.0857,XTLB
2013-12-13,14.75,14.85,14.05,14.05,14.05,1960,1960,-0.7,-4.75,14.32,"December 13, 13",-0.0475,XTLB
2013-12-12,12.0,14.35,12.0,14.35,14.35,1320,1320,2.35,19.58,13.57,"December 12, 13",0.1958,XTLB
2013-12-11,15.0,15.0,15.0,15.0,15.0,0,0,0.0,0.0,15.0,"December 11, 13",0.0,XTLB
2013-12-10,15.0,15.1,15.0,15.0,15.0,340,340,0.0,0.0,15.03,"December 10, 13",0.0,XTLB
2013-12-09,16.4,17.25,14.25,15.25,15.25,2840,2840,-1.15,-7.01,15.58,"December 09, 13",-0.0701,XTLB
2013-12-06,19.0,19.0,19.0,19.0,19.0,40,40,0.0,0.0,19.0,"December 06, 13",0.0,XTLB
2013-12-05,17.799999,19.450001,17.799999,19.450001,19.450001,580,580,1.65,9.27,18.9,"December 05, 13",0.0927,XTLB
2013-12-04,18.65,18.65,18.65,18.65,18.65,0,0,0.0,0.0,18.65,"December 04, 13",0.0,XTLB
2013-12-03,18.65,18.65,18.65,18.65,18.65,60,60,0.0,0.0,18.65,"December 03, 13",0.0,XTLB
2013-12-02,20.0,20.0,20.0,20.0,20.0,180,180,0.0,0.0,20.0,"December 02, 13",0.0,XTLB
2013-11-29,19.700001,19.700001,19.0,19.0,19.0,40,40,-0.700001,-3.55,19.23,"November 29, 13",-0.0355,XTLB
2013-11-27,19.299999,19.9,19.299999,19.9,19.9,1020,1020,0.600001,3.11,19.7,"November 27, 13",0.0311,XTLB
2013-11-26,19.75,19.75,19.75,19.75,19.75,0,0,0.0,0.0,19.75,"November 26, 13",0.0,XTLB
2013-11-25,15.45,20.0,15.45,19.75,19.75,400,400,4.3,27.83,18.4,"November 25, 13",0.2783,XTLB
2013-11-22,19.35,19.35,19.35,19.35,19.35,20,20,0.0,0.0,19.35,"November 22, 13",0.0,XTLB
2013-11-21,19.5,19.85,19.5,19.5,19.5,220,220,0.0,0.0,19.62,"November 21, 13",0.0,XTLB
2013-11-20,19.700001,19.700001,19.700001,19.700001,19.700001,60,60,0.0,0.0,19.7,"November 20, 13",0.0,XTLB
2013-11-19,20.0,20.0,20.0,20.0,20.0,400,400,0.0,0.0,20.0,"November 19, 13",0.0,XTLB
2013-11-18,19.5,19.5,19.5,19.5,19.5,0,0,0.0,0.0,19.5,"November 18, 13",0.0,XTLB
2013-11-15,17.75,21.0,17.75,19.5,19.5,2980,2980,1.75,9.86,19.42,"November 15, 13",0.0986,XTLB
2013-11-14,20.4,20.450001,20.4,20.450001,20.450001,400,400,0.050001,0.2451,20.43,"November 14, 13",0.002451,XTLB
2013-11-13,20.5,20.5,20.5,20.5,20.5,40,40,0.0,0.0,20.5,"November 13, 13",0.0,XTLB
2013-11-12,22.0,22.0,22.0,22.0,22.0,0,0,0.0,0.0,22.0,"November 12, 13",0.0,XTLB
2013-11-11,22.0,22.0,22.0,22.0,22.0,40,40,0.0,0.0,22.0,"November 11, 13",0.0,XTLB
2013-11-08,21.75,21.950001,21.75,21.950001,21.950001,80,80,0.200001,0.91954,21.88,"November 08, 13",0.0091954,XTLB
2013-11-07,22.15,22.200001,22.0,22.0,22.0,1140,1140,-0.15,-0.6772,22.07,"November 07, 13",-0.006772,XTLB
2013-11-06,26.75,26.75,26.75,26.75,26.75,0,0,0.0,0.0,26.75,"November 06, 13",0.0,XTLB
2013-11-05,26.75,26.75,26.75,26.75,26.75,0,0,0.0,0.0,26.75,"November 05, 13",0.0,XTLB
2013-11-04,26.75,26.75,26.75,26.75,26.75,0,0,0.0,0.0,26.75,"November 04, 13",0.0,XTLB
2013-11-01,26.75,26.75,26.75,26.75,26.75,0,0,0.0,0.0,26.75,"November 01, 13",0.0,XTLB
2013-10-31,26.75,26.75,26.75,26.75,26.75,0,0,0.0,0.0,26.75,"October 31, 13",0.0,XTLB
2013-10-30,26.75,26.75,26.75,26.75,26.75,0,0,0.0,0.0,26.75,"October 30, 13",0.0,XTLB
2013-10-29,26.75,26.75,26.75,26.75,26.75,100,100,0.0,0.0,26.75,"October 29, 13",0.0,XTLB
2013-10-28,26.0,26.0,26.0,26.0,26.0,40,40,0.0,0.0,26.0,"October 28, 13",0.0,XTLB
2013-10-25,24.65,24.65,24.65,24.65,24.65,60,60,0.0,0.0,24.65,"October 25, 13",0.0,XTLB
2013-10-24,24.950001,24.950001,24.950001,24.950001,24.950001,0,0,0.0,0.0,24.95,"October 24, 13",0.0,XTLB
2013-10-23,25.6,25.6,24.950001,24.950001,24.950001,220,220,-0.649999,-2.54,25.17,"October 23, 13",-0.0254,XTLB
2013-10-22,25.75,25.75,25.75,25.75,25.75,60,60,0.0,0.0,25.75,"October 22, 13",0.0,XTLB
2013-10-21,27.0,27.0,25.0,25.0,25.0,120,120,-2.0,-7.41,25.67,"October 21, 13",-0.0741,XTLB
2013-10-18,27.0,27.0,27.0,27.0,27.0,240,240,0.0,0.0,27.0,"October 18, 13",0.0,XTLB
2013-10-17,25.65,28.35,25.65,27.15,27.15,2260,2260,1.5,5.85,27.05,"October 17, 13",0.0585,XTLB
2013-10-16,26.5,27.25,26.5,27.25,27.25,3180,3180,0.75,2.83,27.0,"October 16, 13",0.0283,XTLB
2013-10-15,26.049999,27.5,21.200001,27.299999,27.299999,3100,3100,1.25,4.8,25.33,"October 15, 13",0.048,XTLB
2013-10-14,26.950001,27.1,26.549999,26.549999,26.549999,2280,2280,-0.400002,-1.48,26.73,"October 14, 13",-0.0148,XTLB
2013-10-11,17.6,28.75,17.6,26.0,26.0,460,460,8.4,47.73,24.12,"October 11, 13",0.4773,XTLB
2013-10-10,27.450001,27.450001,27.450001,27.450001,27.450001,0,0,0.0,0.0,27.45,"October 10, 13",0.0,XTLB
2013-10-09,25.549999,27.450001,25.549999,27.450001,27.450001,60,60,1.9,7.44,26.82,"October 09, 13",0.0744,XTLB
2013-10-08,25.9,25.9,25.9,25.9,25.9,40,40,0.0,0.0,25.9,"October 08, 13",0.0,XTLB
2013-10-07,27.4,27.4,27.4,27.4,27.4,60,60,0.0,0.0,27.4,"October 07, 13",0.0,XTLB
2013-10-04,26.65,26.65,26.65,26.65,26.65,0,0,0.0,0.0,26.65,"October 04, 13",0.0,XTLB
2013-10-03,26.65,26.65,26.65,26.65,26.65,0,0,0.0,0.0,26.65,"October 03, 13",0.0,XTLB
2013-10-02,26.65,26.65,26.65,26.65,26.65,0,0,0.0,0.0,26.65,"October 02, 13",0.0,XTLB
2013-10-01,26.65,26.65,26.65,26.65,26.65,0,0,0.0,0.0,26.65,"October 01, 13",0.0,XTLB
2013-09-30,29.6,29.6,26.65,26.65,26.65,140,140,-2.95,-9.97,27.63,"September 30, 13",-0.0997,XTLB
2013-09-27,26.4,26.4,26.4,26.4,26.4,0,0,0.0,0.0,26.4,"September 27, 13",0.0,XTLB
2013-09-26,26.4,26.4,26.4,26.4,26.4,60,60,0.0,0.0,26.4,"September 26, 13",0.0,XTLB
2013-09-25,27.0,27.0,27.0,27.0,27.0,0,0,0.0,0.0,27.0,"September 25, 13",0.0,XTLB
2013-09-24,26.549999,30.0,24.5,27.0,27.0,240,240,0.450001,1.69,27.17,"September 24, 13",0.0169,XTLB
2013-09-23,27.299999,27.299999,27.299999,27.299999,27.299999,0,0,0.0,0.0,27.3,"September 23, 13",0.0,XTLB
2013-09-20,27.299999,27.299999,27.299999,27.299999,27.299999,0,0,0.0,0.0,27.3,"September 20, 13",0.0,XTLB
2013-09-19,27.299999,27.299999,27.299999,27.299999,27.299999,0,0,0.0,0.0,27.3,"September 19, 13",0.0,XTLB
2013-09-18,27.299999,27.299999,27.299999,27.299999,27.299999,60,60,0.0,0.0,27.3,"September 18, 13",0.0,XTLB
2013-09-17,27.9,27.9,27.9,27.9,27.9,60,60,0.0,0.0,27.9,"September 17, 13",0.0,XTLB
2013-09-16,29.25,29.25,29.25,29.25,29.25,0,0,0.0,0.0,29.25,"September 16, 13",0.0,XTLB
2013-09-13,29.25,29.25,29.25,29.25,29.25,120,120,0.0,0.0,29.25,"September 13, 13",0.0,XTLB
2013-09-12,29.35,29.35,29.35,29.35,29.35,200,200,0.0,0.0,29.35,"September 12, 13",0.0,XTLB
2013-09-11,30.200001,30.200001,30.200001,30.200001,30.200001,0,0,0.0,0.0,30.2,"September 11, 13",0.0,XTLB
2013-09-10,30.4,30.4,29.950001,30.200001,30.200001,320,320,-0.199999,-0.65789,30.18,"September 10, 13",-0.0065789,XTLB
2013-09-09,29.950001,29.950001,29.299999,29.299999,29.299999,80,80,-0.650002,-2.17,29.52,"September 09, 13",-0.0217,XTLB
2013-09-06,29.450001,29.450001,29.450001,29.450001,29.450001,80,80,0.0,0.0,29.45,"September 06, 13",0.0,XTLB
2013-09-05,30.950001,30.950001,30.950001,30.950001,30.950001,0,0,0.0,0.0,30.95,"September 05, 13",0.0,XTLB
2013-09-04,30.950001,30.950001,30.950001,30.950001,30.950001,40,40,0.0,0.0,30.95,"September 04, 13",0.0,XTLB
2013-09-03,31.049999,31.049999,30.549999,30.549999,30.549999,200,200,-0.5,-1.61,30.72,"September 03, 13",-0.0161,XTLB
2013-08-30,30.4,30.4,30.4,30.4,30.4,40,40,0.0,0.0,30.4,"August 30, 13",0.0,XTLB
2013-08-29,29.25,31.049999,29.25,30.5,30.5,640,640,1.25,4.27,30.27,"August 29, 13",0.0427,XTLB
2013-08-28,27.549999,27.549999,27.549999,27.549999,27.549999,20,20,0.0,0.0,27.55,"August 28, 13",0.0,XTLB
2013-08-27,29.299999,29.299999,28.75,28.75,28.75,320,320,-0.549999,-1.88,28.93,"August 27, 13",-0.0188,XTLB
2013-08-26,30.299999,30.299999,30.299999,30.299999,30.299999,400,400,0.0,0.0,30.3,"August 26, 13",0.0,XTLB
2013-08-23,32.150002,32.150002,32.150002,32.150002,32.150002,0,0,0.0,0.0,32.15,"August 23, 13",0.0,XTLB
2013-08-22,32.150002,32.150002,32.150002,32.150002,32.150002,0,0,0.0,0.0,32.15,"August 22, 13",0.0,XTLB
2013-08-21,32.150002,32.150002,32.150002,32.150002,32.150002,300,300,0.0,0.0,32.15,"August 21, 13",0.0,XTLB
2013-08-20,33.049999,33.049999,33.049999,33.049999,33.049999,200,200,0.0,0.0,33.05,"August 20, 13",0.0,XTLB
2013-08-19,32.950001,33.0,32.700001,32.75,32.75,560,560,-0.200001,-0.60698,32.82,"August 19, 13",-0.0060698,XTLB
2013-08-16,33.450001,33.450001,33.450001,33.450001,33.450001,0,0,0.0,0.0,33.45,"August 16, 13",0.0,XTLB
2013-08-15,33.450001,33.450001,33.450001,33.450001,33.450001,0,0,0.0,0.0,33.45,"August 15, 13",0.0,XTLB
2013-08-14,33.450001,33.450001,33.450001,33.450001,33.450001,0,0,0.0,0.0,33.45,"August 14, 13",0.0,XTLB
2013-08-13,33.450001,33.450001,33.450001,33.450001,33.450001,0,0,0.0,0.0,33.45,"August 13, 13",0.0,XTLB
2013-08-12,33.450001,33.450001,33.450001,33.450001,33.450001,0,0,0.0,0.0,33.45,"August 12, 13",0.0,XTLB
2013-08-09,33.450001,33.450001,33.450001,33.450001,33.450001,0,0,0.0,0.0,33.45,"August 09, 13",0.0,XTLB
2013-08-08,33.450001,33.450001,33.450001,33.450001,33.450001,40,40,0.0,0.0,33.45,"August 08, 13",0.0,XTLB
2013-08-07,35.0,35.0,34.150002,34.150002,34.150002,600,600,-0.849998,-2.43,34.43,"August 07, 13",-0.0243,XTLB
2013-08-06,33.099998,33.099998,33.099998,33.099998,33.099998,0,0,0.0,0.0,33.1,"August 06, 13",0.0,XTLB
2013-08-05,32.75,35.0,32.75,33.099998,33.099998,580,580,0.349998,1.07,33.62,"August 05, 13",0.0107,XTLB
2013-08-02,35.0,35.0,35.0,35.0,35.0,0,0,0.0,0.0,35.0,"August 02, 13",0.0,XTLB
2013-08-01,35.0,35.0,35.0,35.0,35.0,0,0,0.0,0.0,35.0,"August 01, 13",0.0,XTLB
2013-07-31,35.0,35.0,35.0,35.0,35.0,140,140,0.0,0.0,35.0,"July 31, 13",0.0,XTLB
2013-07-30,33.700001,35.0,33.549999,34.25,34.25,2160,2160,0.549999,1.63,34.27,"July 30, 13",0.0163,XTLB
2013-07-29,33.5,35.0,33.450001,34.5,34.5,4700,4700,1.0,2.99,34.32,"July 29, 13",0.0299,XTLB
2013-07-26,33.5,33.5,33.5,33.5,33.5,0,0,0.0,0.0,33.5,"July 26, 13",0.0,XTLB
2013-07-25,33.5,33.5,33.5,33.5,33.5,240,240,0.0,0.0,33.5,"July 25, 13",0.0,XTLB
2013-07-24,31.0,31.0,31.0,31.0,31.0,180,180,0.0,0.0,31.0,"July 24, 13",0.0,XTLB
2013-07-23,33.5,33.5,33.5,33.5,33.5,0,0,0.0,0.0,33.5,"July 23, 13",0.0,XTLB
2013-07-22,33.5,34.0,33.25,33.5,33.5,2300,2300,0.0,0.0,33.58,"July 22, 13",0.0,XTLB
2013-07-19,31.75,33.75,31.75,31.75,31.75,4200,4200,0.0,0.0,32.42,"July 19, 13",0.0,XTLB
2013-07-18,31.75,31.75,31.75,31.75,31.75,0,0,0.0,0.0,31.75,"July 18, 13",0.0,XTLB
2013-07-17,31.0,32.25,29.950001,31.75,31.75,3260,3260,0.75,2.42,31.32,"July 17, 13",0.0242,XTLB
2013-07-16,32.950001,35.0,30.5,30.5,30.5,4620,4620,-2.45,-7.44,32.0,"July 16, 13",-0.0744,XTLB
2013-07-15,30.0,37.75,29.5,31.5,31.5,2500,2500,1.5,5.0,32.92,"July 15, 13",0.05,XTLB
2013-07-12,28.35,28.35,27.85,27.9,27.9,3080,3080,-0.45,-1.59,28.03,"July 12, 13",-0.0159,XTLB
2013-07-11,28.200001,28.200001,28.200001,28.200001,28.200001,40,40,0.0,0.0,28.2,"July 11, 13",0.0,XTLB
2013-07-10,28.450001,28.799999,28.450001,28.5,28.5,1420,1420,0.049999,0.17574,28.58,"July 10, 13",0.0017574,XTLB
2013-07-09,27.75,27.75,27.75,27.75,27.75,0,0,0.0,0.0,27.75,"July 09, 13",0.0,XTLB
2013-07-08,27.25,28.65,27.25,27.75,27.75,260,260,0.5,1.83,27.88,"July 08, 13",0.0183,XTLB
2013-07-05,27.200001,28.0,27.200001,28.0,28.0,240,240,0.799999,2.94,27.73,"July 05, 13",0.0294,XTLB
2013-07-03,29.65,29.65,29.65,29.65,29.65,0,0,0.0,0.0,29.65,"July 03, 13",0.0,XTLB
2013-07-02,29.65,29.65,29.65,29.65,29.65,0,0,0.0,0.0,29.65,"July 02, 13",0.0,XTLB
2013-07-01,29.65,29.65,29.65,29.65,29.65,40,40,0.0,0.0,29.65,"July 01, 13",0.0,XTLB
2013-06-28,29.65,29.65,29.65,29.65,29.65,0,0,0.0,0.0,29.65,"June 28, 13",0.0,XTLB
2013-06-27,29.700001,29.700001,29.65,29.65,29.65,500,500,-0.050001,-0.16835,29.67,"June 27, 13",-0.0016835,XTLB
2013-06-26,27.6,27.6,27.6,27.6,27.6,260,260,0.0,0.0,27.6,"June 26, 13",0.0,XTLB
2013-06-25,27.1,27.1,27.1,27.1,27.1,120,120,0.0,0.0,27.1,"June 25, 13",0.0,XTLB
2013-06-24,27.75,27.75,27.75,27.75,27.75,80,80,0.0,0.0,27.75,"June 24, 13",0.0,XTLB
2013-06-21,29.200001,29.200001,28.65,28.65,28.65,100,100,-0.550001,-1.88,28.83,"June 21, 13",-0.0188,XTLB
2013-06-20,29.35,29.35,28.85,28.85,28.85,40,40,-0.5,-1.7,29.02,"June 20, 13",-0.017,XTLB
2013-06-19,30.0,30.0,30.0,30.0,30.0,0,0,0.0,0.0,30.0,"June 19, 13",0.0,XTLB
2013-06-18,30.0,30.0,30.0,30.0,30.0,0,0,0.0,0.0,30.0,"June 18, 13",0.0,XTLB
2013-06-17,30.0,30.0,30.0,30.0,30.0,40,40,0.0,0.0,30.0,"June 17, 13",0.0,XTLB
2013-06-14,29.65,29.65,29.65,29.65,29.65,0,0,0.0,0.0,29.65,"June 14, 13",0.0,XTLB
2013-06-13,29.65,29.65,29.65,29.65,29.65,0,0,0.0,0.0,29.65,"June 13, 13",0.0,XTLB
2013-06-12,29.65,29.65,29.65,29.65,29.65,0,0,0.0,0.0,29.65,"June 12, 13",0.0,XTLB
2013-06-11,29.65,29.65,29.65,29.65,29.65,0,0,0.0,0.0,29.65,"June 11, 13",0.0,XTLB
2013-06-10,29.65,29.65,29.65,29.65,29.65,20,20,0.0,0.0,29.65,"June 10, 13",0.0,XTLB
2013-06-07,28.75,28.75,28.75,28.75,28.75,0,0,0.0,0.0,28.75,"June 07, 13",0.0,XTLB
2013-06-06,28.75,28.75,28.75,28.75,28.75,0,0,0.0,0.0,28.75,"June 06, 13",0.0,XTLB
2013-06-05,29.4,29.4,28.700001,28.75,28.75,160,160,-0.65,-2.21,28.95,"June 05, 13",-0.0221,XTLB
2013-06-04,29.4,29.4,29.049999,29.049999,29.049999,40,40,-0.350001,-1.19,29.17,"June 04, 13",-0.0119,XTLB
2013-06-03,29.85,29.85,29.85,29.85,29.85,60,60,0.0,0.0,29.85,"June 03, 13",0.0,XTLB
2013-05-31,30.25,30.25,30.25,30.25,30.25,0,0,0.0,0.0,30.25,"May 31, 13",0.0,XTLB
2013-05-30,30.25,30.25,30.25,30.25,30.25,20,20,0.0,0.0,30.25,"May 30, 13",0.0,XTLB
2013-05-29,30.1,30.200001,30.1,30.1,30.1,180,180,0.0,0.0,30.13,"May 29, 13",0.0,XTLB
2013-05-28,30.0,30.200001,29.950001,30.200001,30.200001,480,480,0.200001,0.66667,30.12,"May 28, 13",0.0066667,XTLB
2013-05-24,28.950001,30.5,28.75,30.25,30.25,780,780,1.3,4.49,29.83,"May 24, 13",0.0449,XTLB
2013-05-23,29.799999,30.25,29.799999,30.0,30.0,380,380,0.200001,0.67114,30.02,"May 23, 13",0.0067114,XTLB
2013-05-22,30.25,30.25,30.25,30.25,30.25,20,20,0.0,0.0,30.25,"May 22, 13",0.0,XTLB
2013-05-21,30.5,30.549999,30.5,30.549999,30.549999,320,320,0.049999,0.16393,30.53,"May 21, 13",0.0016393,XTLB
2013-05-20,30.549999,30.549999,30.450001,30.5,30.5,840,840,-0.049999,-0.16366,30.5,"May 20, 13",-0.0016366,XTLB
2013-05-17,30.4,30.4,30.4,30.4,30.4,0,0,0.0,0.0,30.4,"May 17, 13",0.0,XTLB
2013-05-16,29.549999,30.4,29.549999,30.4,30.4,440,440,0.850001,2.88,30.12,"May 16, 13",0.0288,XTLB
2013-05-15,29.549999,29.549999,29.549999,29.549999,29.549999,0,0,0.0,0.0,29.55,"May 15, 13",0.0,XTLB
2013-05-14,29.549999,29.549999,29.549999,29.549999,29.549999,0,0,0.0,0.0,29.55,"May 14, 13",0.0,XTLB
2013-05-13,29.549999,29.549999,29.549999,29.549999,29.549999,0,0,0.0,0.0,29.55,"May 13, 13",0.0,XTLB
2013-05-10,29.549999,29.549999,29.549999,29.549999,29.549999,0,0,0.0,0.0,29.55,"May 10, 13",0.0,XTLB
2013-05-09,29.549999,29.549999,29.549999,29.549999,29.549999,20,20,0.0,0.0,29.55,"May 09, 13",0.0,XTLB
2013-05-08,29.5,29.5,29.5,29.5,29.5,0,0,0.0,0.0,29.5,"May 08, 13",0.0,XTLB
2013-05-07,29.5,29.5,29.5,29.5,29.5,0,0,0.0,0.0,29.5,"May 07, 13",0.0,XTLB
2013-05-06,29.5,29.5,29.5,29.5,29.5,0,0,0.0,0.0,29.5,"May 06, 13",0.0,XTLB
2013-05-03,29.5,29.5,29.5,29.5,29.5,180,180,0.0,0.0,29.5,"May 03, 13",0.0,XTLB
2013-05-02,29.5,29.5,28.85,28.85,28.85,120,120,-0.65,-2.2,29.07,"May 02, 13",-0.022,XTLB
2013-05-01,29.85,29.85,29.85,29.85,29.85,0,0,0.0,0.0,29.85,"May 01, 13",0.0,XTLB
2013-04-30,27.049999,31.200001,27.049999,29.85,29.85,620,620,2.8,10.35,29.37,"April 30, 13",0.1035,XTLB
2013-04-29,25.799999,25.799999,25.65,25.65,25.65,160,160,-0.149999,-0.58139,25.7,"April 29, 13",-0.0058139,XTLB
2013-04-26,24.75,24.75,24.75,24.75,24.75,0,0,0.0,0.0,24.75,"April 26, 13",0.0,XTLB
2013-04-25,25.35,25.35,24.75,24.75,24.75,200,200,-0.6,-2.37,24.95,"April 25, 13",-0.0237,XTLB
2013-04-24,24.799999,24.799999,24.799999,24.799999,24.799999,0,0,0.0,0.0,24.8,"April 24, 13",0.0,XTLB
2013-04-23,24.799999,24.799999,24.799999,24.799999,24.799999,0,0,0.0,0.0,24.8,"April 23, 13",0.0,XTLB
2013-04-22,24.799999,24.799999,24.799999,24.799999,24.799999,60,60,0.0,0.0,24.8,"April 22, 13",0.0,XTLB
2013-04-19,24.75,24.75,24.75,24.75,24.75,0,0,0.0,0.0,24.75,"April 19, 13",0.0,XTLB
2013-04-18,26.35,26.35,24.75,24.75,24.75,420,420,-1.6,-6.07,25.28,"April 18, 13",-0.0607,XTLB
2013-04-17,26.450001,26.450001,26.450001,26.450001,26.450001,1300,1300,0.0,0.0,26.45,"April 17, 13",0.0,XTLB
2013-04-16,26.4,26.4,26.4,26.4,26.4,20,20,0.0,0.0,26.4,"April 16, 13",0.0,XTLB
2013-04-15,26.549999,26.549999,26.549999,26.549999,26.549999,0,0,0.0,0.0,26.55,"April 15, 13",0.0,XTLB
2013-04-12,26.549999,26.549999,26.549999,26.549999,26.549999,0,0,0.0,0.0,26.55,"April 12, 13",0.0,XTLB
2013-04-11,26.549999,26.549999,26.549999,26.549999,26.549999,0,0,0.0,0.0,26.55,"April 11, 13",0.0,XTLB
2013-04-10,26.549999,26.549999,26.549999,26.549999,26.549999,0,0,0.0,0.0,26.55,"April 10, 13",0.0,XTLB
2013-04-09,27.9,27.9,26.5,26.549999,26.549999,340,340,-1.35,-4.84,26.98,"April 09, 13",-0.0484,XTLB
2013-04-08,29.35,29.35,27.9,27.9,27.9,100,100,-1.45,-4.94,28.38,"April 08, 13",-0.0494,XTLB
2013-04-05,30.950001,30.950001,30.950001,30.950001,30.950001,0,0,0.0,0.0,30.95,"April 05, 13",0.0,XTLB
2013-04-04,30.950001,30.950001,30.950001,30.950001,30.950001,0,0,0.0,0.0,30.95,"April 04, 13",0.0,XTLB
2013-04-03,30.950001,30.950001,30.950001,30.950001,30.950001,400,400,0.0,0.0,30.95,"April 03, 13",0.0,XTLB
2013-04-02,30.700001,30.700001,30.700001,30.700001,30.700001,20,20,0.0,0.0,30.7,"April 02, 13",0.0,XTLB
2013-04-01,31.75,31.75,31.75,31.75,31.75,0,0,0.0,0.0,31.75,"April 01, 13",0.0,XTLB
2013-03-28,31.75,31.75,31.75,31.75,31.75,20,20,0.0,0.0,31.75,"March 28, 13",0.0,XTLB
2013-03-27,32.400002,32.400002,32.400002,32.400002,32.400002,0,0,0.0,0.0,32.4,"March 27, 13",0.0,XTLB
2013-03-26,32.400002,32.400002,32.400002,32.400002,32.400002,0,0,0.0,0.0,32.4,"March 26, 13",0.0,XTLB
2013-03-25,32.400002,32.400002,32.400002,32.400002,32.400002,760,760,0.0,0.0,32.4,"March 25, 13",0.0,XTLB
2013-03-22,33.099998,33.099998,33.099998,33.099998,33.099998,20,20,0.0,0.0,33.1,"March 22, 13",0.0,XTLB
2013-03-21,32.099998,32.099998,32.099998,32.099998,32.099998,100,100,0.0,0.0,32.1,"March 21, 13",0.0,XTLB
2013-03-20,32.049999,32.049999,32.049999,32.049999,32.049999,40,40,0.0,0.0,32.05,"March 20, 13",0.0,XTLB
2013-03-19,32.0,32.0,32.0,32.0,32.0,20,20,0.0,0.0,32.0,"March 19, 13",0.0,XTLB
2013-03-18,32.5,32.5,32.5,32.5,32.5,200,200,0.0,0.0,32.5,"March 18, 13",0.0,XTLB
2013-03-15,32.849998,32.849998,32.849998,32.849998,32.849998,0,0,0.0,0.0,32.85,"March 15, 13",0.0,XTLB
2013-03-14,32.849998,32.849998,32.849998,32.849998,32.849998,0,0,0.0,0.0,32.85,"March 14, 13",0.0,XTLB
2013-03-13,32.849998,32.849998,32.849998,32.849998,32.849998,0,0,0.0,0.0,32.85,"March 13, 13",0.0,XTLB
2013-03-12,32.849998,32.849998,32.849998,32.849998,32.849998,0,0,0.0,0.0,32.85,"March 12, 13",0.0,XTLB
2013-03-11,32.849998,32.849998,32.849998,32.849998,32.849998,100,100,0.0,0.0,32.85,"March 11, 13",0.0,XTLB
2013-03-08,32.849998,32.849998,32.849998,32.849998,32.849998,220,220,0.0,0.0,32.85,"March 08, 13",0.0,XTLB
2013-03-07,32.700001,32.700001,32.700001,32.700001,32.700001,20,20,0.0,0.0,32.7,"March 07, 13",0.0,XTLB
2013-03-06,32.5,32.5,32.5,32.5,32.5,200,200,0.0,0.0,32.5,"March 06, 13",0.0,XTLB
2013-03-05,33.0,33.400002,32.5,33.400002,33.400002,320,320,0.400002,1.21,33.1,"March 05, 13",0.0121,XTLB
2013-03-04,33.0,33.0,33.0,33.0,33.0,100,100,0.0,0.0,33.0,"March 04, 13",0.0,XTLB
2013-03-01,34.5,34.5,34.5,34.5,34.5,0,0,0.0,0.0,34.5,"March 01, 13",0.0,XTLB
2013-02-28,32.849998,34.599998,32.849998,34.5,34.5,2280,2280,1.65,5.02,33.98,"February 28, 13",0.0502,XTLB
2013-02-27,32.400002,32.849998,32.25,32.849998,32.849998,1420,1420,0.449996,1.39,32.65,"February 27, 13",0.0139,XTLB
2013-02-26,32.0,32.0,31.75,31.75,31.75,520,520,-0.25,-0.78125,31.83,"February 26, 13",-0.0078125,XTLB
2013-02-25,31.75,31.75,31.549999,31.549999,31.549999,560,560,-0.200001,-0.62992,31.62,"February 25, 13",-0.0062992,XTLB
2013-02-22,31.1,31.450001,31.1,31.35,31.35,1200,1200,0.25,0.80386,31.3,"February 22, 13",0.0080386,XTLB
2013-02-21,29.799999,29.799999,29.799999,29.799999,29.799999,0,0,0.0,0.0,29.8,"February 21, 13",0.0,XTLB
2013-02-20,29.799999,29.799999,29.799999,29.799999,29.799999,100,100,0.0,0.0,29.8,"February 20, 13",0.0,XTLB
2013-02-19,30.0,30.0,30.0,30.0,30.0,20,20,0.0,0.0,30.0,"February 19, 13",0.0,XTLB
2013-02-15,30.0,30.0,30.0,30.0,30.0,120,120,0.0,0.0,30.0,"February 15, 13",0.0,XTLB
2013-02-14,29.9,29.9,29.9,29.9,29.9,0,0,0.0,0.0,29.9,"February 14, 13",0.0,XTLB
2013-02-13,29.9,29.9,29.9,29.9,29.9,180,180,0.0,0.0,29.9,"February 13, 13",0.0,XTLB
2013-02-12,30.85,30.85,30.85,30.85,30.85,0,0,0.0,0.0,30.85,"February 12, 13",0.0,XTLB
2013-02-11,30.85,30.85,30.85,30.85,30.85,100,100,0.0,0.0,30.85,"February 11, 13",0.0,XTLB
2013-02-08,29.65,29.65,29.65,29.65,29.65,0,0,0.0,0.0,29.65,"February 08, 13",0.0,XTLB
2013-02-07,29.65,29.65,29.65,29.65,29.65,0,0,0.0,0.0,29.65,"February 07, 13",0.0,XTLB
2013-02-06,29.65,30.950001,29.65,29.65,29.65,200,200,0.0,0.0,30.08,"February 06, 13",0.0,XTLB
2013-02-05,32.200001,32.200001,32.200001,32.200001,32.200001,0,0,0.0,0.0,32.2,"February 05, 13",0.0,XTLB
2013-02-04,32.200001,32.200001,32.200001,32.200001,32.200001,0,0,0.0,0.0,32.2,"February 04, 13",0.0,XTLB
2013-02-01,32.200001,32.25,32.200001,32.200001,32.200001,260,260,0.0,0.0,32.22,"February 01, 13",0.0,XTLB
2013-01-31,30.299999,31.9,30.299999,31.9,31.9,1520,1520,1.6,5.28,31.37,"January 31, 13",0.0528,XTLB
2013-01-30,29.0,30.0,29.0,30.0,30.0,600,600,1.0,3.45,29.67,"January 30, 13",0.0345,XTLB
2013-01-29,29.0,29.0,29.0,29.0,29.0,0,0,0.0,0.0,29.0,"January 29, 13",0.0,XTLB
2013-01-28,29.799999,29.799999,29.0,29.0,29.0,460,460,-0.799999,-2.68,29.27,"January 28, 13",-0.0268,XTLB
2013-01-25,30.15,30.15,30.15,30.15,30.15,40,40,0.0,0.0,30.15,"January 25, 13",0.0,XTLB
2013-01-24,30.0,30.0,30.0,30.0,30.0,40,40,0.0,0.0,30.0,"January 24, 13",0.0,XTLB
2013-01-23,30.6,30.6,30.35,30.35,30.35,60,60,-0.25,-0.81699,30.43,"January 23, 13",-0.0081699,XTLB
2013-01-22,31.25,31.25,30.6,30.6,30.6,240,240,-0.65,-2.08,30.82,"January 22, 13",-0.0208,XTLB
2013-01-18,32.0,32.0,32.0,32.0,32.0,0,0,0.0,0.0,32.0,"January 18, 13",0.0,XTLB
2013-01-17,32.0,32.0,32.0,32.0,32.0,0,0,0.0,0.0,32.0,"January 17, 13",0.0,XTLB
2013-01-16,32.0,32.0,32.0,32.0,32.0,40,40,0.0,0.0,32.0,"January 16, 13",0.0,XTLB
2013-01-15,32.0,34.099998,32.0,34.0,34.0,1020,1020,2.0,6.25,33.37,"January 15, 13",0.0625,XTLB
2013-01-14,33.25,33.349998,32.5,33.349998,33.349998,1380,1380,0.099998,0.30075,33.07,"January 14, 13",0.0030075,XTLB
2013-01-11,35.0,35.0,35.0,35.0,35.0,0,0,0.0,0.0,35.0,"January 11, 13",0.0,XTLB
2013-01-10,33.549999,35.0,33.549999,35.0,35.0,100,100,1.45,4.32,34.52,"January 10, 13",0.0432,XTLB
2013-01-09,34.700001,34.75,34.700001,34.75,34.75,40,40,0.049999,0.14409,34.73,"January 09, 13",0.0014409,XTLB
2013-01-08,35.0,35.049999,33.25,33.25,33.25,3340,3340,-1.75,-5.0,33.85,"January 08, 13",-0.05,XTLB
2013-01-07,33.299999,36.950001,33.299999,34.799999,34.799999,1960,1960,1.5,4.5,35.02,"January 07, 13",0.045,XTLB
2013-01-04,35.599998,36.099998,35.0,35.75,35.75,260,260,0.150002,0.42135,35.62,"January 04, 13",0.0042135,XTLB
2013-01-03,37.099998,37.099998,37.099998,37.099998,37.099998,0,0,0.0,0.0,37.1,"January 03, 13",0.0,XTLB
2013-01-02,36.299999,37.099998,36.299999,37.099998,37.099998,100,100,0.799999,2.2,36.83,"January 02, 13",0.022,XTLB
2012-12-31,34.5,37.450001,34.5,37.099998,37.099998,6900,6900,2.6,7.54,36.35,"December 31, 12",0.0754,XTLB
2012-12-28,35.099998,39.0,35.099998,39.0,39.0,1220,1220,3.9,11.11,37.7,"December 28, 12",0.1111,XTLB
2012-12-27,34.0,34.5,34.0,34.5,34.5,260,260,0.5,1.47,34.33,"December 27, 12",0.0147,XTLB
2012-12-26,33.849998,33.849998,33.599998,33.599998,33.599998,180,180,-0.25,-0.73855,33.68,"December 26, 12",-0.0073855,XTLB
2012-12-24,33.849998,33.849998,33.849998,33.849998,33.849998,180,180,0.0,0.0,33.85,"December 24, 12",0.0,XTLB
2012-12-21,35.599998,35.599998,35.599998,35.599998,35.599998,180,180,0.0,0.0,35.6,"December 21, 12",0.0,XTLB
2012-12-20,35.700001,35.700001,35.700001,35.700001,35.700001,100,100,0.0,0.0,35.7,"December 20, 12",0.0,XTLB
2012-12-19,36.5,36.5,36.5,36.5,36.5,40,40,0.0,0.0,36.5,"December 19, 12",0.0,XTLB
2012-12-18,38.549999,38.549999,37.150002,37.75,37.75,220,220,-0.799999,-2.08,37.82,"December 18, 12",-0.0208,XTLB
2012-12-17,37.5,37.75,37.5,37.5,37.5,3080,3080,0.0,0.0,37.58,"December 17, 12",0.0,XTLB
2012-12-14,37.299999,38.400002,37.299999,37.75,37.75,880,880,0.450001,1.21,37.82,"December 14, 12",0.0121,XTLB
2012-12-13,36.150002,37.5,36.150002,37.5,37.5,1440,1440,1.35,3.73,37.05,"December 13, 12",0.0373,XTLB
2012-12-12,36.0,36.5,35.700001,35.700001,35.700001,340,340,-0.299999,-0.83333,35.97,"December 12, 12",-0.0083333,XTLB
2012-12-11,34.099998,35.75,34.099998,34.099998,34.099998,160,160,0.0,0.0,34.65,"December 11, 12",0.0,XTLB
2012-12-10,36.0,36.0,36.0,36.0,36.0,0,0,0.0,0.0,36.0,"December 10, 12",0.0,XTLB
2012-12-07,36.0,36.0,36.0,36.0,36.0,0,0,0.0,0.0,36.0,"December 07, 12",0.0,XTLB
2012-12-06,36.0,36.0,36.0,36.0,36.0,0,0,0.0,0.0,36.0,"December 06, 12",0.0,XTLB
2012-12-05,36.0,36.0,35.900002,36.0,36.0,1440,1440,0.0,0.0,35.97,"December 05, 12",0.0,XTLB
2012-12-04,36.25,36.650002,35.5,35.549999,35.549999,1360,1360,-0.700001,-1.93,35.9,"December 04, 12",-0.0193,XTLB
2012-12-03,33.799999,34.950001,33.799999,34.950001,34.950001,440,440,1.15,3.4,34.57,"December 03, 12",0.034,XTLB
2012-11-30,32.5,32.5,31.65,32.5,32.5,900,900,0.0,0.0,32.22,"November 30, 12",0.0,XTLB
2012-11-29,30.700001,32.5,30.700001,32.5,32.5,780,780,1.8,5.86,31.9,"November 29, 12",0.0586,XTLB
2012-11-28,31.25,31.25,30.65,30.65,30.65,80,80,-0.6,-1.92,30.85,"November 28, 12",-0.0192,XTLB
2012-11-27,31.25,32.25,30.049999,30.049999,30.049999,620,620,-1.2,-3.84,30.78,"November 27, 12",-0.0384,XTLB
2012-11-26,31.25,31.25,29.25,29.5,29.5,460,460,-1.75,-5.6,30.0,"November 26, 12",-0.056,XTLB
2012-11-23,30.0,30.0,30.0,30.0,30.0,100,100,0.0,0.0,30.0,"November 23, 12",0.0,XTLB
2012-11-21,30.0,30.0,30.0,30.0,30.0,300,300,0.0,0.0,30.0,"November 21, 12",0.0,XTLB
2012-11-20,28.299999,28.299999,28.299999,28.299999,28.299999,100,100,0.0,0.0,28.3,"November 20, 12",0.0,XTLB
2012-11-19,28.5,30.0,28.5,30.0,30.0,900,900,1.5,5.26,29.5,"November 19, 12",0.0526,XTLB
2012-11-16,29.299999,30.0,28.5,28.549999,28.549999,360,360,-0.75,-2.56,29.02,"November 16, 12",-0.0256,XTLB
2012-11-15,31.0,31.0,30.0,30.0,30.0,180,180,-1.0,-3.23,30.33,"November 15, 12",-0.0323,XTLB
2012-11-14,30.0,31.25,30.0,30.75,30.75,140,140,0.75,2.5,30.67,"November 14, 12",0.025,XTLB
2012-11-13,28.549999,28.549999,28.549999,28.549999,28.549999,20,20,0.0,0.0,28.55,"November 13, 12",0.0,XTLB
2012-11-12,29.5,29.5,29.5,29.5,29.5,60,60,0.0,0.0,29.5,"November 12, 12",0.0,XTLB
2012-11-09,29.5,29.5,29.5,29.5,29.5,200,200,0.0,0.0,29.5,"November 09, 12",0.0,XTLB
2012-11-08,31.25,31.25,30.0,30.0,30.0,140,140,-1.25,-4.0,30.42,"November 08, 12",-0.04,XTLB
2012-11-07,35.0,35.0,35.0,35.0,35.0,0,0,0.0,0.0,35.0,"November 07, 12",0.0,XTLB
2012-11-06,35.0,35.0,35.0,35.0,35.0,0,0,0.0,0.0,35.0,"November 06, 12",0.0,XTLB
2012-11-05,35.0,35.0,35.0,35.0,35.0,0,0,0.0,0.0,35.0,"November 05, 12",0.0,XTLB
2012-11-02,35.0,35.0,35.0,35.0,35.0,0,0,0.0,0.0,35.0,"November 02, 12",0.0,XTLB
2012-11-01,35.0,35.0,35.0,35.0,35.0,100,100,0.0,0.0,35.0,"November 01, 12",0.0,XTLB
2012-10-31,34.0,34.0,34.0,34.0,34.0,480,480,0.0,0.0,34.0,"October 31, 12",0.0,XTLB
2012-10-26,33.599998,33.599998,33.599998,33.599998,33.599998,80,80,0.0,0.0,33.6,"October 26, 12",0.0,XTLB
2012-10-25,34.5,34.5,32.75,32.75,32.75,120,120,-1.75,-5.07,33.33,"October 25, 12",-0.0507,XTLB
2012-10-24,33.0,33.450001,33.0,33.450001,33.450001,180,180,0.450001,1.36,33.3,"October 24, 12",0.0136,XTLB
2012-10-23,31.25,31.25,31.25,31.25,31.25,180,180,0.0,0.0,31.25,"October 23, 12",0.0,XTLB
2012-10-22,32.75,34.0,32.75,34.0,34.0,7700,7700,1.25,3.82,33.58,"October 22, 12",0.0382,XTLB
2012-10-19,36.299999,36.299999,36.299999,36.299999,36.299999,0,0,0.0,0.0,36.3,"October 19, 12",0.0,XTLB
2012-10-18,36.299999,36.299999,36.299999,36.299999,36.299999,100,100,0.0,0.0,36.3,"October 18, 12",0.0,XTLB
2012-10-17,36.75,36.75,36.75,36.75,36.75,300,300,0.0,0.0,36.75,"October 17, 12",0.0,XTLB
2012-10-16,36.75,36.75,36.75,36.75,36.75,180,180,0.0,0.0,36.75,"October 16, 12",0.0,XTLB
2012-10-15,33.0,37.25,31.75,33.299999,33.299999,420,420,0.299999,0.90909,34.1,"October 15, 12",0.0090909,XTLB
2012-10-12,37.25,37.5,37.25,37.5,37.5,380,380,0.25,0.67114,37.42,"October 12, 12",0.0067114,XTLB
2012-10-11,35.75,35.75,35.75,35.75,35.75,0,0,0.0,0.0,35.75,"October 11, 12",0.0,XTLB
2012-10-10,35.75,35.75,35.75,35.75,35.75,40,40,0.0,0.0,35.75,"October 10, 12",0.0,XTLB
2012-10-09,37.5,37.5,37.099998,37.099998,37.099998,40,40,-0.400002,-1.07,37.23,"October 09, 12",-0.0107,XTLB
2012-10-08,34.950001,35.0,33.799999,33.799999,33.799999,2840,2840,-1.15,-3.29,34.2,"October 08, 12",-0.0329,XTLB
2012-10-05,35.0,35.0,35.0,35.0,35.0,400,400,0.0,0.0,35.0,"October 05, 12",0.0,XTLB
2012-10-04,35.0,35.0,35.0,35.0,35.0,0,0,0.0,0.0,35.0,"October 04, 12",0.0,XTLB
2012-10-03,35.5,36.0,35.5,35.5,35.5,1008,1008,0.0,0.0,35.67,"October 03, 12",0.0,XTLB
2012-10-02,36.0,36.0,34.5,34.5,34.5,354,354,-1.5,-4.17,35.0,"October 02, 12",-0.0417,XTLB
2012-10-01,28.5,35.5,28.5,35.0,35.0,4872,4872,6.5,22.81,33.0,"October 01, 12",0.2281,XTLB
2012-09-28,33.0,33.0,33.0,33.0,33.0,0,0,0.0,0.0,33.0,"September 28, 12",0.0,XTLB
2012-09-27,33.0,35.0,33.0,33.0,33.0,1304,1304,0.0,0.0,33.67,"September 27, 12",0.0,XTLB
2012-09-26,31.5,31.5,31.5,31.5,31.5,0,0,0.0,0.0,31.5,"September 26, 12",0.0,XTLB
2012-09-25,31.5,31.5,31.5,31.5,31.5,190,190,0.0,0.0,31.5,"September 25, 12",0.0,XTLB
2012-09-24,29.5,29.5,29.0,29.0,29.0,170,170,-0.5,-1.69,29.17,"September 24, 12",-0.0169,XTLB
2012-09-21,29.0,29.0,29.0,29.0,29.0,0,0,0.0,0.0,29.0,"September 21, 12",0.0,XTLB
2012-09-20,29.0,29.0,29.0,29.0,29.0,12,12,0.0,0.0,29.0,"September 20, 12",0.0,XTLB
2012-09-19,28.5,29.0,28.0,28.0,28.0,420,420,-0.5,-1.75,28.33,"September 19, 12",-0.0175,XTLB
2012-09-18,26.5,28.0,26.5,28.0,28.0,212,212,1.5,5.66,27.5,"September 18, 12",0.0566,XTLB
2012-09-17,27.5,27.5,27.5,27.5,27.5,0,0,0.0,0.0,27.5,"September 17, 12",0.0,XTLB
2012-09-14,28.0,28.0,27.5,27.5,27.5,196,196,-0.5,-1.79,27.67,"September 14, 12",-0.0179,XTLB
2012-09-13,26.0,26.0,26.0,26.0,26.0,0,0,0.0,0.0,26.0,"September 13, 12",0.0,XTLB
2012-09-12,27.0,27.0,25.5,26.0,26.0,810,810,-1.0,-3.7,26.17,"September 12, 12",-0.037,XTLB
2012-09-11,29.5,29.5,28.5,28.5,28.5,120,120,-1.0,-3.39,28.83,"September 11, 12",-0.0339,XTLB
2012-09-10,31.0,31.0,30.0,30.0,30.0,118,118,-1.0,-3.23,30.33,"September 10, 12",-0.0323,XTLB
2012-09-07,30.5,32.5,30.5,31.5,31.5,238,238,1.0,3.28,31.5,"September 07, 12",0.0328,XTLB
2012-09-06,33.0,33.0,32.5,32.5,32.5,400,400,-0.5,-1.52,32.67,"September 06, 12",-0.0152,XTLB
2012-09-05,31.5,35.5,31.5,33.0,33.0,190,190,1.5,4.76,33.33,"September 05, 12",0.0476,XTLB
2012-09-04,35.0,35.0,31.5,31.5,31.5,1458,1458,-3.5,-10.0,32.67,"September 04, 12",-0.1,XTLB
2012-08-31,37.5,37.5,37.5,37.5,37.5,38,38,0.0,0.0,37.5,"August 31, 12",0.0,XTLB
2012-08-30,35.0,35.0,35.0,35.0,35.0,72,72,0.0,0.0,35.0,"August 30, 12",0.0,XTLB
2012-08-29,39.5,39.5,39.5,39.5,39.5,0,0,0.0,0.0,39.5,"August 29, 12",0.0,XTLB
2012-08-28,39.5,40.0,37.5,39.5,39.5,1734,1734,0.0,0.0,39.0,"August 28, 12",0.0,XTLB
2012-08-27,42.5,42.5,42.5,42.5,42.5,0,0,0.0,0.0,42.5,"August 27, 12",0.0,XTLB
2012-08-24,42.5,42.5,42.5,42.5,42.5,0,0,0.0,0.0,42.5,"August 24, 12",0.0,XTLB
2012-08-23,42.5,42.5,42.5,42.5,42.5,0,0,0.0,0.0,42.5,"August 23, 12",0.0,XTLB
2012-08-22,40.0,42.5,40.0,42.5,42.5,250,250,2.5,6.25,41.67,"August 22, 12",0.0625,XTLB
2012-08-21,38.5,40.0,38.5,40.0,40.0,110,110,1.5,3.9,39.5,"August 21, 12",0.039,XTLB
2012-08-20,37.0,41.5,37.0,39.5,39.5,100,100,2.5,6.76,39.33,"August 20, 12",0.0676,XTLB
2012-08-17,39.0,41.5,39.0,41.5,41.5,282,282,2.5,6.41,40.67,"August 17, 12",0.0641,XTLB
2012-08-16,37.5,41.5,37.5,41.5,41.5,220,220,4.0,10.67,40.17,"August 16, 12",0.1067,XTLB
2012-08-15,37.5,37.5,37.5,37.5,37.5,0,0,0.0,0.0,37.5,"August 15, 12",0.0,XTLB
2012-08-14,37.5,37.5,37.5,37.5,37.5,30,30,0.0,0.0,37.5,"August 14, 12",0.0,XTLB
2012-08-13,37.5,37.5,37.5,37.5,37.5,88,88,0.0,0.0,37.5,"August 13, 12",0.0,XTLB
2012-08-10,40.0,40.0,37.5,37.5,37.5,192,192,-2.5,-6.25,38.33,"August 10, 12",-0.0625,XTLB
2012-08-09,37.5,40.0,37.5,40.0,40.0,34,34,2.5,6.67,39.17,"August 09, 12",0.0667,XTLB
2012-08-08,38.0,38.0,36.5,37.5,37.5,622,622,-0.5,-1.32,37.33,"August 08, 12",-0.0132,XTLB
2012-08-07,38.0,38.0,36.5,37.5,37.5,786,786,-0.5,-1.32,37.33,"August 07, 12",-0.0132,XTLB
2012-08-06,38.0,39.5,38.0,39.5,39.5,52,52,1.5,3.95,39.0,"August 06, 12",0.0395,XTLB
2012-08-03,40.0,40.0,40.0,40.0,40.0,400,400,0.0,0.0,40.0,"August 03, 12",0.0,XTLB
2012-08-02,40.0,40.0,40.0,40.0,40.0,0,0,0.0,0.0,40.0,"August 02, 12",0.0,XTLB
2012-08-01,40.0,40.0,40.0,40.0,40.0,0,0,0.0,0.0,40.0,"August 01, 12",0.0,XTLB
2012-07-31,40.0,40.0,40.0,40.0,40.0,36,36,0.0,0.0,40.0,"July 31, 12",0.0,XTLB
2012-07-30,41.5,42.0,40.5,42.0,42.0,1286,1286,0.5,1.2,41.5,"July 30, 12",0.012,XTLB
2012-07-27,42.0,42.0,42.0,42.0,42.0,0,0,0.0,0.0,42.0,"July 27, 12",0.0,XTLB
2012-07-26,42.0,42.5,42.0,42.0,42.0,282,282,0.0,0.0,42.17,"July 26, 12",0.0,XTLB
2012-07-25,40.0,42.5,40.0,40.5,40.5,420,420,0.5,1.25,41.0,"July 25, 12",0.0125,XTLB
2012-07-24,42.0,42.0,41.0,42.0,42.0,534,534,0.0,0.0,41.67,"July 24, 12",0.0,XTLB
2012-07-23,42.5,42.5,38.5,42.5,42.5,540,540,0.0,0.0,41.17,"July 23, 12",0.0,XTLB
2012-07-20,38.5,42.5,38.5,42.5,42.5,644,644,4.0,10.39,41.17,"July 20, 12",0.1039,XTLB
2012-07-19,42.0,42.0,41.0,42.0,42.0,848,848,0.0,0.0,41.67,"July 19, 12",0.0,XTLB
2012-07-18,43.5,43.5,38.5,41.5,41.5,746,746,-2.0,-4.6,41.17,"July 18, 12",-0.046,XTLB
2012-07-17,39.0,40.5,38.5,38.5,38.5,3218,3218,-0.5,-1.28,39.17,"July 17, 12",-0.0128,XTLB
2012-07-16,37.5,39.0,37.5,39.0,39.0,2098,2098,1.5,4.0,38.5,"July 16, 12",0.04,XTLB
2012-07-13,37.0,37.5,36.5,37.5,37.5,4894,4894,0.5,1.35,37.17,"July 13, 12",0.0135,XTLB
2012-07-12,34.5,37.5,34.5,37.0,37.0,474,474,2.5,7.25,36.33,"July 12, 12",0.0725,XTLB
2012-07-11,35.0,37.5,35.0,37.5,37.5,374,374,2.5,7.14,36.67,"July 11, 12",0.0714,XTLB
2012-07-10,37.5,37.5,37.5,37.5,37.5,100,100,0.0,0.0,37.5,"July 10, 12",0.0,XTLB
2012-07-09,36.0,37.0,36.0,37.0,37.0,774,774,1.0,2.78,36.67,"July 09, 12",0.0278,XTLB
2012-07-06,35.5,36.5,34.5,36.5,36.5,196,196,1.0,2.82,35.83,"July 06, 12",0.0282,XTLB
2012-07-05,32.5,36.5,32.5,36.5,36.5,208,208,4.0,12.31,35.17,"July 05, 12",0.1231,XTLB
2012-07-03,31.0,32.5,31.0,32.5,32.5,1372,1372,1.5,4.84,32.0,"July 03, 12",0.0484,XTLB
2012-07-02,31.0,31.0,31.0,31.0,31.0,20,20,0.0,0.0,31.0,"July 02, 12",0.0,XTLB
2012-06-29,29.5,29.5,29.5,29.5,29.5,24,24,0.0,0.0,29.5,"June 29, 12",0.0,XTLB
2012-06-28,30.5,30.5,28.0,28.0,28.0,6282,6282,-2.5,-8.2,28.83,"June 28, 12",-0.082,XTLB
2012-06-27,29.0,29.0,26.5,26.5,26.5,422,422,-2.5,-8.62,27.33,"June 27, 12",-0.0862,XTLB
2012-06-26,27.0,27.0,27.0,27.0,27.0,0,0,0.0,0.0,27.0,"June 26, 12",0.0,XTLB
2012-06-25,30.0,30.0,26.5,27.0,27.0,2900,2900,-3.0,-10.0,27.83,"June 25, 12",-0.1,XTLB
2012-06-22,29.0,30.0,28.0,29.0,29.0,714,714,0.0,0.0,29.0,"June 22, 12",0.0,XTLB
2012-06-21,29.5,31.0,29.5,31.0,31.0,120,120,1.5,5.08,30.5,"June 21, 12",0.0508,XTLB
2012-06-20,27.0,30.0,27.0,29.5,29.5,112,112,2.5,9.26,28.83,"June 20, 12",0.0926,XTLB
2012-06-19,32.0,32.0,27.5,31.0,31.0,960,960,-1.0,-3.12,30.17,"June 19, 12",-0.0312,XTLB
2012-06-18,31.0,31.0,31.0,31.0,31.0,0,0,0.0,0.0,31.0,"June 18, 12",0.0,XTLB
2012-06-15,32.5,32.5,31.0,31.0,31.0,580,580,-1.5,-4.62,31.5,"June 15, 12",-0.0462,XTLB
2012-06-14,32.5,32.5,32.5,32.5,32.5,0,0,0.0,0.0,32.5,"June 14, 12",0.0,XTLB
2012-06-13,30.5,32.5,30.5,32.5,32.5,568,568,2.0,6.56,31.83,"June 13, 12",0.0656,XTLB
2012-06-12,31.0,31.0,30.5,30.5,30.5,1214,1214,-0.5,-1.61,30.67,"June 12, 12",-0.0161,XTLB
2012-06-11,30.0,31.0,29.5,30.5,30.5,286,286,0.5,1.67,30.33,"June 11, 12",0.0167,XTLB
2012-06-08,30.5,30.5,30.5,30.5,30.5,0,0,0.0,0.0,30.5,"June 08, 12",0.0,XTLB
2012-06-07,30.5,30.5,30.5,30.5,30.5,712,712,0.0,0.0,30.5,"June 07, 12",0.0,XTLB
2012-06-06,30.5,31.0,30.5,30.5,30.5,888,888,0.0,0.0,30.67,"June 06, 12",0.0,XTLB
2012-06-05,30.5,30.5,30.5,30.5,30.5,110,110,0.0,0.0,30.5,"June 05, 12",0.0,XTLB
2012-06-04,29.0,30.0,27.0,29.5,29.5,582,582,0.5,1.72,28.83,"June 04, 12",0.0172,XTLB
2012-06-01,29.0,29.0,29.0,29.0,29.0,190,190,0.0,0.0,29.0,"June 01, 12",0.0,XTLB
2012-05-31,32.0,32.0,29.0,30.5,30.5,560,560,-1.5,-4.69,30.5,"May 31, 12",-0.0469,XTLB
2012-05-30,31.5,31.5,31.5,31.5,31.5,0,0,0.0,0.0,31.5,"May 30, 12",0.0,XTLB
2012-05-29,31.5,31.5,31.5,31.5,31.5,1066,1066,0.0,0.0,31.5,"May 29, 12",0.0,XTLB
2012-05-25,31.5,31.5,29.0,31.5,31.5,406,406,0.0,0.0,30.67,"May 25, 12",0.0,XTLB
2012-05-24,31.0,32.0,31.0,32.0,32.0,426,426,1.0,3.23,31.67,"May 24, 12",0.0323,XTLB
2012-05-23,33.5,33.5,31.0,31.0,31.0,362,362,-2.5,-7.46,31.83,"May 23, 12",-0.0746,XTLB
2012-05-22,32.0,34.5,32.0,34.5,34.5,500,500,2.5,7.81,33.67,"May 22, 12",0.0781,XTLB
2012-05-21,32.0,32.5,31.0,32.5,32.5,538,538,0.5,1.56,32.0,"May 21, 12",0.0156,XTLB
2012-05-18,32.5,32.5,31.0,32.5,32.5,1060,1060,0.0,0.0,32.0,"May 18, 12",0.0,XTLB
2012-05-17,32.0,33.0,32.0,32.5,32.5,420,420,0.5,1.56,32.5,"May 17, 12",0.0156,XTLB
2012-05-16,32.5,33.5,32.5,33.0,33.0,2032,2032,0.5,1.54,33.0,"May 16, 12",0.0154,XTLB
2012-05-15,32.5,33.0,32.0,32.5,32.5,2654,2654,0.0,0.0,32.5,"May 15, 12",0.0,XTLB
2012-05-14,32.0,33.5,32.0,33.5,33.5,1320,1320,1.5,4.69,33.0,"May 14, 12",0.0469,XTLB
2012-05-11,31.0,32.0,30.5,32.0,32.0,1300,1300,1.0,3.23,31.5,"May 11, 12",0.0323,XTLB
2012-05-10,30.0,30.0,30.0,30.0,30.0,452,452,0.0,0.0,30.0,"May 10, 12",0.0,XTLB
2012-05-09,31.5,33.0,30.5,30.5,30.5,3400,3400,-1.0,-3.17,31.33,"May 09, 12",-0.0317,XTLB
2012-05-08,32.5,32.5,31.5,32.0,32.0,4962,4962,-0.5,-1.54,32.0,"May 08, 12",-0.0154,XTLB
2012-05-07,34.5,34.5,31.0,32.5,32.5,5180,5180,-2.0,-5.8,32.67,"May 07, 12",-0.058,XTLB
2012-05-04,34.0,34.5,31.0,31.0,31.0,1188,1188,-3.0,-8.82,32.17,"May 04, 12",-0.0882,XTLB
2012-05-03,32.0,32.5,31.0,31.5,31.5,2166,2166,-0.5,-1.56,31.67,"May 03, 12",-0.0156,XTLB
2012-05-02,32.0,32.0,31.0,32.0,32.0,2240,2240,0.0,0.0,31.67,"May 02, 12",0.0,XTLB
2012-05-01,30.5,32.5,30.5,31.0,31.0,590,590,0.5,1.64,31.33,"May 01, 12",0.0164,XTLB
2012-04-30,29.5,31.5,29.5,30.5,30.5,652,652,1.0,3.39,30.5,"April 30, 12",0.0339,XTLB
2012-04-27,29.0,29.0,27.5,27.5,27.5,1800,1800,-1.5,-5.17,28.0,"April 27, 12",-0.0517,XTLB
2012-04-26,28.0,29.5,27.5,29.5,29.5,5666,5666,1.5,5.36,28.83,"April 26, 12",0.0536,XTLB
2012-04-25,27.5,29.5,27.0,27.0,27.0,1656,1656,-0.5,-1.82,27.83,"April 25, 12",-0.0182,XTLB
2012-04-24,24.5,25.0,24.5,25.0,25.0,3426,3426,0.5,2.04,24.83,"April 24, 12",0.0204,XTLB
2012-04-23,25.0,26.5,23.0,25.5,25.5,328,328,0.5,2.0,25.0,"April 23, 12",0.02,XTLB
2012-04-20,29.5,29.5,25.0,25.0,25.0,16,16,-4.5,-15.25,26.5,"April 20, 12",-0.1525,XTLB
2012-04-19,27.5,27.5,27.5,27.5,27.5,40,40,0.0,0.0,27.5,"April 19, 12",0.0,XTLB
2012-04-18,27.5,27.5,26.5,26.5,26.5,3828,3828,-1.0,-3.64,26.83,"April 18, 12",-0.0364,XTLB
2012-04-17,25.5,28.0,25.5,27.5,27.5,2692,2692,2.0,7.84,27.0,"April 17, 12",0.0784,XTLB
2012-04-16,26.5,26.5,26.0,26.0,26.0,1204,1204,-0.5,-1.89,26.17,"April 16, 12",-0.0189,XTLB
2012-04-13,25.0,25.0,25.0,25.0,25.0,2,2,0.0,0.0,25.0,"April 13, 12",0.0,XTLB
2012-04-12,25.5,25.5,25.5,25.5,25.5,850,850,0.0,0.0,25.5,"April 12, 12",0.0,XTLB
2012-04-11,25.0,26.0,25.0,25.0,25.0,1010,1010,0.0,0.0,25.33,"April 11, 12",0.0,XTLB
2012-04-10,25.0,26.0,19.0,25.0,25.0,2488,2488,0.0,0.0,23.33,"April 10, 12",0.0,XTLB
2012-04-09,25.5,25.5,25.5,25.5,25.5,30,30,0.0,0.0,25.5,"April 09, 12",0.0,XTLB
2012-04-05,25.0,28.0,25.0,25.5,25.5,672,672,0.5,2.0,26.17,"April 05, 12",0.02,XTLB
2012-04-04,24.0,27.0,24.0,25.0,25.0,640,640,1.0,4.17,25.33,"April 04, 12",0.0417,XTLB
2012-04-03,27.0,27.0,23.5,23.5,23.5,2026,2026,-3.5,-12.96,24.67,"April 03, 12",-0.1296,XTLB
2012-04-02,25.0,25.0,23.0,25.0,25.0,1372,1372,0.0,0.0,24.33,"April 02, 12",0.0,XTLB
2012-03-30,25.5,26.5,23.0,26.0,26.0,1800,1800,0.5,1.96,25.17,"March 30, 12",0.0196,XTLB
2012-03-29,22.5,25.0,22.5,25.0,25.0,3494,3494,2.5,11.11,24.17,"March 29, 12",0.1111,XTLB
2012-03-28,22.0,24.0,21.0,24.0,24.0,1892,1892,2.0,9.09,23.0,"March 28, 12",0.0909,XTLB
2012-03-27,26.0,26.0,22.0,23.5,23.5,1064,1064,-2.5,-9.62,23.83,"March 27, 12",-0.0962,XTLB
2012-03-26,32.5,32.5,30.0,30.0,30.0,466,466,-2.5,-7.69,30.83,"March 26, 12",-0.0769,XTLB
2012-03-23,32.5,34.0,27.5,33.5,33.5,5426,5426,1.0,3.08,31.67,"March 23, 12",0.0308,XTLB
2012-03-22,35.0,35.5,32.5,33.5,33.5,2610,2610,-1.5,-4.29,33.83,"March 22, 12",-0.0429,XTLB
2012-03-21,34.0,36.5,33.5,35.0,35.0,15602,15602,1.0,2.94,35.0,"March 21, 12",0.0294,XTLB
2012-03-20,33.5,34.5,33.0,34.5,34.5,6036,6036,1.0,2.99,34.0,"March 20, 12",0.0299,XTLB
2012-03-19,30.5,33.5,29.5,33.5,33.5,14828,14828,3.0,9.84,32.17,"March 19, 12",0.0984,XTLB
2012-03-16,29.5,31.5,28.0,30.0,30.0,8926,8926,0.5,1.69,29.83,"March 16, 12",0.0169,XTLB
2012-03-15,30.5,30.5,27.0,28.0,28.0,162,162,-2.5,-8.2,28.5,"March 15, 12",-0.082,XTLB
2012-03-14,31.5,31.5,29.5,30.5,30.5,5000,5000,-1.0,-3.17,30.5,"March 14, 12",-0.0317,XTLB
2012-03-13,26.5,29.5,21.0,29.5,29.5,7634,7634,3.0,11.32,26.67,"March 13, 12",0.1132,XTLB
2012-03-12,24.5,27.0,24.5,25.5,25.5,4978,4978,1.0,4.08,25.67,"March 12, 12",0.0408,XTLB
2012-03-09,22.5,25.0,22.5,23.5,23.5,452,452,1.0,4.44,23.67,"March 09, 12",0.0444,XTLB
2012-03-08,22.5,24.5,22.5,24.5,24.5,710,710,2.0,8.89,23.83,"March 08, 12",0.0889,XTLB
2012-03-07,23.0,25.0,23.0,25.0,25.0,180,180,2.0,8.7,24.33,"March 07, 12",0.087,XTLB
2012-03-06,25.0,25.5,24.0,24.0,24.0,2698,2698,-1.0,-4.0,24.5,"March 06, 12",-0.04,XTLB
2012-03-05,23.5,26.0,23.0,25.5,25.5,1762,1762,2.0,8.51,24.83,"March 05, 12",0.0851,XTLB
2012-03-02,22.5,23.5,22.5,23.5,23.5,4852,4852,1.0,4.44,23.17,"March 02, 12",0.0444,XTLB
2012-03-01,22.5,22.5,22.5,22.5,22.5,14,14,0.0,0.0,22.5,"March 01, 12",0.0,XTLB
2012-02-29,21.5,22.5,21.5,21.5,21.5,592,592,0.0,0.0,21.83,"February 29, 12",0.0,XTLB
2012-02-28,22.0,22.0,22.0,22.0,22.0,0,0,0.0,0.0,22.0,"February 28, 12",0.0,XTLB
2012-02-27,22.5,22.5,22.0,22.0,22.0,242,242,-0.5,-2.22,22.17,"February 27, 12",-0.0222,XTLB
2012-02-24,22.0,22.0,21.5,21.5,21.5,9392,9392,-0.5,-2.27,21.67,"February 24, 12",-0.0227,XTLB
2012-02-23,19.5,22.0,19.5,21.0,21.0,15048,15048,1.5,7.69,20.83,"February 23, 12",0.0769,XTLB
2012-02-22,20.0,20.0,18.5,18.5,18.5,6238,6238,-1.5,-7.5,19.0,"February 22, 12",-0.075,XTLB
2012-02-21,19.5,19.5,19.5,19.5,19.5,3676,3676,0.0,0.0,19.5,"February 21, 12",0.0,XTLB
2012-02-17,20.0,20.0,19.5,20.0,20.0,8874,8874,0.0,0.0,19.83,"February 17, 12",0.0,XTLB
2012-02-16,19.5,19.5,19.5,19.5,19.5,3800,3800,0.0,0.0,19.5,"February 16, 12",0.0,XTLB
2012-02-15,19.0,19.5,19.0,19.0,19.0,9518,9518,0.0,0.0,19.17,"February 15, 12",0.0,XTLB
2012-02-14,19.0,19.5,18.5,19.5,19.5,3464,3464,0.5,2.63,19.17,"February 14, 12",0.0263,XTLB
2012-02-13,20.0,20.0,15.0,19.5,19.5,16906,16906,-0.5,-2.5,18.17,"February 13, 12",-0.025,XTLB
2012-02-10,19.5,20.0,19.5,19.5,19.5,5030,5030,0.0,0.0,19.67,"February 10, 12",0.0,XTLB
2012-02-09,14.5,19.5,14.5,17.5,17.5,906,906,3.0,20.69,17.17,"February 09, 12",0.2069,XTLB
2012-02-08,17.5,20.0,17.5,20.0,20.0,154,154,2.5,14.29,19.17,"February 08, 12",0.1429,XTLB
2012-02-07,17.5,17.5,17.5,17.5,17.5,0,0,0.0,0.0,17.5,"February 07, 12",0.0,XTLB
2012-02-06,17.5,17.5,17.5,17.5,17.5,32,32,0.0,0.0,17.5,"February 06, 12",0.0,XTLB
2012-02-03,17.5,17.5,17.5,17.5,17.5,1264,1264,0.0,0.0,17.5,"February 03, 12",0.0,XTLB
2012-02-02,14.5,17.5,14.5,15.5,15.5,892,892,1.0,6.9,15.83,"February 02, 12",0.069,XTLB
2012-02-01,17.5,17.5,17.5,17.5,17.5,0,0,0.0,0.0,17.5,"February 01, 12",0.0,XTLB
2012-01-31,17.5,17.5,17.5,17.5,17.5,0,0,0.0,0.0,17.5,"January 31, 12",0.0,XTLB
2012-01-30,17.5,17.5,17.5,17.5,17.5,20,20,0.0,0.0,17.5,"January 30, 12",0.0,XTLB
2012-01-27,15.0,18.5,15.0,18.5,18.5,1020,1020,3.5,23.33,17.33,"January 27, 12",0.2333,XTLB
2012-01-26,16.5,16.5,16.5,16.5,16.5,0,0,0.0,0.0,16.5,"January 26, 12",0.0,XTLB
2012-01-25,16.5,17.0,16.5,16.5,16.5,1026,1026,0.0,0.0,16.67,"January 25, 12",0.0,XTLB
2012-01-24,14.5,18.5,14.5,18.0,18.0,1344,1344,3.5,24.14,17.0,"January 24, 12",0.2414,XTLB
2012-01-23,20.0,20.0,17.5,18.0,18.0,1216,1216,-2.0,-10.0,18.5,"January 23, 12",-0.1,XTLB
2012-01-20,17.0,17.5,17.0,17.5,17.5,940,940,0.5,2.94,17.33,"January 20, 12",0.0294,XTLB
2012-01-19,14.5,17.0,14.5,16.0,16.0,4204,4204,1.5,10.34,15.83,"January 19, 12",0.1034,XTLB
2012-01-18,14.5,17.5,14.5,17.5,17.5,202,202,3.0,20.69,16.5,"January 18, 12",0.2069,XTLB
2012-01-17,17.5,17.5,17.5,17.5,17.5,100,100,0.0,0.0,17.5,"January 17, 12",0.0,XTLB
2012-01-13,13.5,17.5,13.5,17.5,17.5,1420,1420,4.0,29.63,16.17,"January 13, 12",0.2963,XTLB
2012-01-12,17.0,17.5,15.0,15.0,15.0,820,820,-2.0,-11.76,15.83,"January 12, 12",-0.1176,XTLB
2012-01-11,15.0,19.0,15.0,18.5,18.5,2052,2052,3.5,23.33,17.5,"January 11, 12",0.2333,XTLB
2012-01-10,18.5,18.5,18.5,18.5,18.5,0,0,0.0,0.0,18.5,"January 10, 12",0.0,XTLB
2012-01-09,18.5,18.5,18.5,18.5,18.5,300,300,0.0,0.0,18.5,"January 09, 12",0.0,XTLB
2012-01-06,17.0,17.5,15.0,17.5,17.5,180,180,0.5,2.94,16.67,"January 06, 12",0.0294,XTLB
2012-01-05,16.5,17.5,16.5,17.5,17.5,980,980,1.0,6.06,17.17,"January 05, 12",0.0606,XTLB
2012-01-04,19.0,19.0,14.0,15.5,15.5,11556,11556,-3.5,-18.42,16.17,"January 04, 12",-0.1842,XTLB
2012-01-03,19.0,20.5,18.5,20.5,20.5,6920,6920,1.5,7.89,19.83,"January 03, 12",0.0789,XTLB
2011-12-30,18.0,22.0,18.0,19.0,19.0,5200,5200,1.0,5.56,19.67,"December 30, 11",0.0556,XTLB
2011-12-29,15.5,19.0,15.5,19.0,19.0,2652,2652,3.5,22.58,17.83,"December 29, 11",0.2258,XTLB
2011-12-28,16.0,16.0,11.0,15.5,15.5,13668,13668,-0.5,-3.12,14.17,"December 28, 11",-0.0312,XTLB
2011-12-27,11.0,16.0,11.0,14.0,14.0,4278,4278,3.0,27.27,13.67,"December 27, 11",0.2727,XTLB
2011-12-23,14.0,14.0,14.0,14.0,14.0,80,80,0.0,0.0,14.0,"December 23, 11",0.0,XTLB
2011-12-22,14.0,14.5,7.5,14.0,14.0,7458,7458,0.0,0.0,12.0,"December 22, 11",0.0,XTLB
2011-12-21,7.5,12.5,7.5,12.5,12.5,836,836,5.0,66.67,10.83,"December 21, 11",0.6667,XTLB
2011-12-20,10.0,10.0,10.0,10.0,10.0,0,0,0.0,0.0,10.0,"December 20, 11",0.0,XTLB
2011-12-19,10.0,10.0,10.0,10.0,10.0,0,0,0.0,0.0,10.0,"December 19, 11",0.0,XTLB
2011-12-16,11.0,11.0,10.0,10.0,10.0,298,298,-1.0,-9.09,10.33,"December 16, 11",-0.0909,XTLB
2011-12-15,11.0,11.0,11.0,11.0,11.0,40,40,0.0,0.0,11.0,"December 15, 11",0.0,XTLB
2011-12-14,11.0,11.0,11.0,11.0,11.0,20,20,0.0,0.0,11.0,"December 14, 11",0.0,XTLB
2011-12-13,11.0,11.0,11.0,11.0,11.0,0,0,0.0,0.0,11.0,"December 13, 11",0.0,XTLB
2011-12-12,11.0,11.0,11.0,11.0,11.0,0,0,0.0,0.0,11.0,"December 12, 11",0.0,XTLB
2011-12-09,11.0,11.0,11.0,11.0,11.0,0,0,0.0,0.0,11.0,"December 09, 11",0.0,XTLB
2011-12-08,11.0,11.0,11.0,11.0,11.0,12,12,0.0,0.0,11.0,"December 08, 11",0.0,XTLB
2011-12-07,11.0,11.0,11.0,11.0,11.0,0,0,0.0,0.0,11.0,"December 07, 11",0.0,XTLB
2011-12-06,11.0,11.0,11.0,11.0,11.0,12,12,0.0,0.0,11.0,"December 06, 11",0.0,XTLB
2011-12-05,14.0,14.0,14.0,14.0,14.0,0,0,0.0,0.0,14.0,"December 05, 11",0.0,XTLB
2011-12-02,14.0,14.0,14.0,14.0,14.0,0,0,0.0,0.0,14.0,"December 02, 11",0.0,XTLB
2011-12-01,14.0,14.0,14.0,14.0,14.0,0,0,0.0,0.0,14.0,"December 01, 11",0.0,XTLB
2011-11-30,14.0,14.0,14.0,14.0,14.0,0,0,0.0,0.0,14.0,"November 30, 11",0.0,XTLB
2011-11-29,14.0,14.0,14.0,14.0,14.0,2,2,0.0,0.0,14.0,"November 29, 11",0.0,XTLB
2011-11-28,13.0,13.0,13.0,13.0,13.0,0,0,0.0,0.0,13.0,"November 28, 11",0.0,XTLB
2011-11-25,13.0,13.0,13.0,13.0,13.0,0,0,0.0,0.0,13.0,"November 25, 11",0.0,XTLB
2011-11-23,13.0,13.0,13.0,13.0,13.0,0,0,0.0,0.0,13.0,"November 23, 11",0.0,XTLB
2011-11-22,13.0,13.0,13.0,13.0,13.0,0,0,0.0,0.0,13.0,"November 22, 11",0.0,XTLB
2011-11-21,13.0,13.0,13.0,13.0,13.0,30,30,0.0,0.0,13.0,"November 21, 11",0.0,XTLB
2011-11-18,13.0,13.0,13.0,13.0,13.0,0,0,0.0,0.0,13.0,"November 18, 11",0.0,XTLB
2011-11-17,13.0,13.0,13.0,13.0,13.0,0,0,0.0,0.0,13.0,"November 17, 11",0.0,XTLB
2011-11-16,13.0,13.0,13.0,13.0,13.0,30,30,0.0,0.0,13.0,"November 16, 11",0.0,XTLB
2011-11-15,13.0,13.0,13.0,13.0,13.0,148,148,0.0,0.0,13.0,"November 15, 11",0.0,XTLB
2011-11-14,13.5,13.5,13.5,13.5,13.5,0,0,0.0,0.0,13.5,"November 14, 11",0.0,XTLB
2011-11-11,13.5,13.5,13.5,13.5,13.5,0,0,0.0,0.0,13.5,"November 11, 11",0.0,XTLB
2011-11-10,13.5,13.5,13.5,13.5,13.5,20,20,0.0,0.0,13.5,"November 10, 11",0.0,XTLB
2011-11-09,13.0,13.0,13.0,13.0,13.0,0,0,0.0,0.0,13.0,"November 09, 11",0.0,XTLB
2011-11-08,13.0,13.0,13.0,13.0,13.0,40,40,0.0,0.0,13.0,"November 08, 11",0.0,XTLB
2011-11-07,13.0,13.0,13.0,13.0,13.0,40,40,0.0,0.0,13.0,"November 07, 11",0.0,XTLB
2011-11-04,13.0,13.0,13.0,13.0,13.0,214,214,0.0,0.0,13.0,"November 04, 11",0.0,XTLB
2011-11-03,13.0,13.0,13.0,13.0,13.0,0,0,0.0,0.0,13.0,"November 03, 11",0.0,XTLB
2011-11-02,13.0,13.0,13.0,13.0,13.0,10,10,0.0,0.0,13.0,"November 02, 11",0.0,XTLB
2011-11-01,13.0,13.0,13.0,13.0,13.0,12,12,0.0,0.0,13.0,"November 01, 11",0.0,XTLB
2011-10-31,13.0,13.0,13.0,13.0,13.0,8,8,0.0,0.0,13.0,"October 31, 11",0.0,XTLB
2011-10-28,13.0,14.0,13.0,14.0,14.0,386,386,1.0,7.69,13.67,"October 28, 11",0.0769,XTLB
2011-10-27,11.5,11.5,11.5,11.5,11.5,0,0,0.0,0.0,11.5,"October 27, 11",0.0,XTLB
2011-10-26,11.5,11.5,11.5,11.5,11.5,0,0,0.0,0.0,11.5,"October 26, 11",0.0,XTLB
2011-10-25,11.5,11.5,11.5,11.5,11.5,56,56,0.0,0.0,11.5,"October 25, 11",0.0,XTLB
2011-10-24,11.5,11.5,11.5,11.5,11.5,66,66,0.0,0.0,11.5,"October 24, 11",0.0,XTLB
2011-10-21,14.0,14.0,11.5,11.5,11.5,10,10,-2.5,-17.86,12.33,"October 21, 11",-0.1786,XTLB
2011-10-20,11.5,11.5,11.5,11.5,11.5,0,0,0.0,0.0,11.5,"October 20, 11",0.0,XTLB
2011-10-19,11.5,11.5,11.5,11.5,11.5,214,214,0.0,0.0,11.5,"October 19, 11",0.0,XTLB
2011-10-18,14.0,14.0,14.0,14.0,14.0,4,4,0.0,0.0,14.0,"October 18, 11",0.0,XTLB
2011-10-17,14.0,14.0,14.0,14.0,14.0,0,0,0.0,0.0,14.0,"October 17, 11",0.0,XTLB
2011-10-14,11.5,14.0,11.5,14.0,14.0,26,26,2.5,21.74,13.17,"October 14, 11",0.2174,XTLB
2011-10-13,14.5,14.5,11.5,11.5,11.5,54,54,-3.0,-20.69,12.5,"October 13, 11",-0.2069,XTLB
2011-10-12,12.0,12.0,11.5,11.5,11.5,600,600,-0.5,-4.17,11.67,"October 12, 11",-0.0417,XTLB
2011-10-11,15.0,15.0,15.0,15.0,15.0,34,34,0.0,0.0,15.0,"October 11, 11",0.0,XTLB
2011-10-10,12.0,15.0,12.0,15.0,15.0,26,26,3.0,25.0,14.0,"October 10, 11",0.25,XTLB
2011-10-07,12.5,12.5,12.5,12.5,12.5,0,0,0.0,0.0,12.5,"October 07, 11",0.0,XTLB
2011-10-06,12.5,12.5,12.5,12.5,12.5,0,0,0.0,0.0,12.5,"October 06, 11",0.0,XTLB
2011-10-05,15.0,15.0,12.5,12.5,12.5,90,90,-2.5,-16.67,13.33,"October 05, 11",-0.1667,XTLB
2011-10-04,12.5,16.5,12.5,16.5,16.5,14,14,4.0,32.0,15.17,"October 04, 11",0.32,XTLB
2011-10-03,12.5,15.0,12.5,15.0,15.0,54,54,2.5,20.0,14.17,"October 03, 11",0.2,XTLB
2011-09-30,12.5,15.0,12.5,15.0,15.0,38,38,2.5,20.0,14.17,"September 30, 11",0.2,XTLB
2011-09-29,12.5,12.5,12.5,12.5,12.5,0,0,0.0,0.0,12.5,"September 29, 11",0.0,XTLB
2011-09-28,12.5,12.5,12.5,12.5,12.5,0,0,0.0,0.0,12.5,"September 28, 11",0.0,XTLB
2011-09-27,12.5,12.5,12.5,12.5,12.5,206,206,0.0,0.0,12.5,"September 27, 11",0.0,XTLB
2011-09-26,15.0,15.0,15.0,15.0,15.0,0,0,0.0,0.0,15.0,"September 26, 11",0.0,XTLB
2011-09-23,12.0,15.0,12.0,15.0,15.0,66,66,3.0,25.0,14.0,"September 23, 11",0.25,XTLB
2011-09-22,13.0,13.0,13.0,13.0,13.0,158,158,0.0,0.0,13.0,"September 22, 11",0.0,XTLB
2011-09-21,14.0,15.0,13.0,14.5,14.5,554,554,0.5,3.57,14.17,"September 21, 11",0.0357,XTLB
2011-09-20,16.5,16.5,16.5,16.5,16.5,0,0,0.0,0.0,16.5,"September 20, 11",0.0,XTLB
2011-09-19,14.0,16.5,14.0,16.5,16.5,122,122,2.5,17.86,15.67,"September 19, 11",0.1786,XTLB
2011-09-16,16.5,16.5,16.5,16.5,16.5,0,0,0.0,0.0,16.5,"September 16, 11",0.0,XTLB
2011-09-15,16.5,16.5,16.5,16.5,16.5,0,0,0.0,0.0,16.5,"September 15, 11",0.0,XTLB
2011-09-14,16.5,16.5,16.5,16.5,16.5,0,0,0.0,0.0,16.5,"September 14, 11",0.0,XTLB
2011-09-13,16.5,16.5,16.5,16.5,16.5,0,0,0.0,0.0,16.5,"September 13, 11",0.0,XTLB
2011-09-12,14.0,16.5,14.0,16.5,16.5,30,30,2.5,17.86,15.67,"September 12, 11",0.1786,XTLB
2011-09-09,16.5,16.5,16.5,16.5,16.5,30,30,0.0,0.0,16.5,"September 09, 11",0.0,XTLB
2011-09-08,16.5,16.5,16.5,16.5,16.5,0,0,0.0,0.0,16.5,"September 08, 11",0.0,XTLB
2011-09-07,13.5,16.5,13.5,16.5,16.5,206,206,3.0,22.22,15.5,"September 07, 11",0.2222,XTLB
2011-09-06,13.5,17.5,13.5,17.5,17.5,70,70,4.0,29.63,16.17,"September 06, 11",0.2963,XTLB
2011-09-02,18.5,18.5,18.5,18.5,18.5,0,0,0.0,0.0,18.5,"September 02, 11",0.0,XTLB
2011-09-01,18.5,18.5,18.5,18.5,18.5,0,0,0.0,0.0,18.5,"September 01, 11",0.0,XTLB
2011-08-31,18.5,18.5,18.5,18.5,18.5,0,0,0.0,0.0,18.5,"August 31, 11",0.0,XTLB
2011-08-30,18.5,18.5,18.5,18.5,18.5,0,0,0.0,0.0,18.5,"August 30, 11",0.0,XTLB
2011-08-29,13.5,18.5,13.5,18.5,18.5,50,50,5.0,37.04,16.83,"August 29, 11",0.3704,XTLB
2011-08-26,13.0,18.5,13.0,18.5,18.5,440,440,5.5,42.31,16.67,"August 26, 11",0.4231,XTLB
2011-08-25,18.5,18.5,18.5,18.5,18.5,0,0,0.0,0.0,18.5,"August 25, 11",0.0,XTLB
2011-08-24,18.5,18.5,18.5,18.5,18.5,40,40,0.0,0.0,18.5,"August 24, 11",0.0,XTLB
2011-08-23,16.5,16.5,16.5,16.5,16.5,80,80,0.0,0.0,16.5,"August 23, 11",0.0,XTLB
2011-08-22,12.5,12.5,12.5,12.5,12.5,40,40,0.0,0.0,12.5,"August 22, 11",0.0,XTLB
2011-08-19,13.0,18.5,13.0,18.5,18.5,18,18,5.5,42.31,16.67,"August 19, 11",0.4231,XTLB
2011-08-18,13.0,18.5,13.0,18.5,18.5,88,88,5.5,42.31,16.67,"August 18, 11",0.4231,XTLB
2011-08-17,18.5,18.5,18.5,18.5,18.5,0,0,0.0,0.0,18.5,"August 17, 11",0.0,XTLB
2011-08-16,18.5,18.5,18.5,18.5,18.5,0,0,0.0,0.0,18.5,"August 16, 11",0.0,XTLB
2011-08-15,18.5,18.5,18.5,18.5,18.5,0,0,0.0,0.0,18.5,"August 15, 11",0.0,XTLB
2011-08-12,18.5,18.5,18.5,18.5,18.5,0,0,0.0,0.0,18.5,"August 12, 11",0.0,XTLB
2011-08-11,18.5,18.5,18.5,18.5,18.5,0,0,0.0,0.0,18.5,"August 11, 11",0.0,XTLB
2011-08-10,13.5,18.5,13.0,18.5,18.5,230,230,5.0,37.04,16.67,"August 10, 11",0.3704,XTLB
2011-08-09,13.0,19.0,12.5,19.0,19.0,414,414,6.0,46.15,16.83,"August 09, 11",0.4615,XTLB
2011-08-08,13.0,19.0,13.0,19.0,19.0,42,42,6.0,46.15,17.0,"August 08, 11",0.4615,XTLB
2011-08-05,13.0,19.0,13.0,19.0,19.0,32,32,6.0,46.15,17.0,"August 05, 11",0.4615,XTLB
2011-08-04,13.5,13.5,13.0,13.0,13.0,310,310,-0.5,-3.7,13.17,"August 04, 11",-0.037,XTLB
2011-08-03,13.5,20.0,13.5,20.0,20.0,110,110,6.5,48.15,17.83,"August 03, 11",0.4815,XTLB
2011-08-02,15.0,20.0,15.0,20.0,20.0,112,112,5.0,33.33,18.33,"August 02, 11",0.3333,XTLB
2011-08-01,19.0,20.0,19.0,20.0,20.0,114,114,1.0,5.26,19.67,"August 01, 11",0.0526,XTLB
2011-07-29,19.0,19.0,19.0,19.0,19.0,14,14,0.0,0.0,19.0,"July 29, 11",0.0,XTLB
2011-07-28,15.0,15.0,15.0,15.0,15.0,10,10,0.0,0.0,15.0,"July 28, 11",0.0,XTLB
2011-07-27,20.0,20.0,20.0,20.0,20.0,0,0,0.0,0.0,20.0,"July 27, 11",0.0,XTLB
2011-07-26,20.0,20.0,20.0,20.0,20.0,0,0,0.0,0.0,20.0,"July 26, 11",0.0,XTLB
2011-07-25,15.0,20.0,15.0,20.0,20.0,26,26,5.0,33.33,18.33,"July 25, 11",0.3333,XTLB
2011-07-22,20.0,20.0,20.0,20.0,20.0,24,24,0.0,0.0,20.0,"July 22, 11",0.0,XTLB
2011-07-21,15.0,20.0,15.0,15.5,15.5,94,94,0.5,3.33,16.83,"July 21, 11",0.0333,XTLB
2011-07-20,21.5,21.5,21.5,21.5,21.5,0,0,0.0,0.0,21.5,"July 20, 11",0.0,XTLB
2011-07-19,21.5,21.5,21.5,21.5,21.5,220,220,0.0,0.0,21.5,"July 19, 11",0.0,XTLB
2011-07-18,16.0,19.5,15.0,19.5,19.5,586,586,3.5,21.88,18.0,"July 18, 11",0.2188,XTLB
2011-07-15,20.0,20.0,20.0,20.0,20.0,0,0,0.0,0.0,20.0,"July 15, 11",0.0,XTLB
2011-07-14,20.0,20.0,20.0,20.0,20.0,0,0,0.0,0.0,20.0,"July 14, 11",0.0,XTLB
2011-07-13,20.5,20.5,16.5,20.0,20.0,154,154,-0.5,-2.44,19.0,"July 13, 11",-0.0244,XTLB
2011-07-12,16.5,20.0,16.5,20.0,20.0,60,60,3.5,21.21,18.83,"July 12, 11",0.2121,XTLB
2011-07-11,19.5,19.5,19.5,19.5,19.5,0,0,0.0,0.0,19.5,"July 11, 11",0.0,XTLB
2011-07-08,19.5,19.5,19.5,19.5,19.5,200,200,0.0,0.0,19.5,"July 08, 11",0.0,XTLB
2011-07-07,18.0,18.0,18.0,18.0,18.0,148,148,0.0,0.0,18.0,"July 07, 11",0.0,XTLB
2011-07-06,16.0,16.0,16.0,16.0,16.0,0,0,0.0,0.0,16.0,"July 06, 11",0.0,XTLB
2011-07-05,16.0,16.0,16.0,16.0,16.0,0,0,0.0,0.0,16.0,"July 05, 11",0.0,XTLB
2011-07-01,16.0,16.0,16.0,16.0,16.0,0,0,0.0,0.0,16.0,"July 01, 11",0.0,XTLB
2011-06-30,16.0,16.0,16.0,16.0,16.0,0,0,0.0,0.0,16.0,"June 30, 11",0.0,XTLB
2011-06-29,16.0,16.0,16.0,16.0,16.0,0,0,0.0,0.0,16.0,"June 29, 11",0.0,XTLB
2011-06-28,16.0,16.0,16.0,16.0,16.0,0,0,0.0,0.0,16.0,"June 28, 11",0.0,XTLB
2011-06-27,18.0,18.0,16.0,16.0,16.0,198,198,-2.0,-11.11,16.67,"June 27, 11",-0.1111,XTLB
2011-06-24,16.0,16.0,16.0,16.0,16.0,24,24,0.0,0.0,16.0,"June 24, 11",0.0,XTLB
2011-06-23,18.0,18.0,18.0,18.0,18.0,0,0,0.0,0.0,18.0,"June 23, 11",0.0,XTLB
2011-06-22,18.0,18.0,18.0,18.0,18.0,0,0,0.0,0.0,18.0,"June 22, 11",0.0,XTLB
2011-06-21,18.0,18.0,16.0,18.0,18.0,620,620,0.0,0.0,17.33,"June 21, 11",0.0,XTLB
2011-06-20,13.0,13.0,13.0,13.0,13.0,0,0,0.0,0.0,13.0,"June 20, 11",0.0,XTLB
2011-06-17,13.0,13.0,13.0,13.0,13.0,0,0,0.0,0.0,13.0,"June 17, 11",0.0,XTLB
2011-06-16,13.0,13.0,13.0,13.0,13.0,38,38,0.0,0.0,13.0,"June 16, 11",0.0,XTLB
2011-06-15,13.0,13.0,13.0,13.0,13.0,22,22,0.0,0.0,13.0,"June 15, 11",0.0,XTLB
2011-06-14,13.0,13.0,13.0,13.0,13.0,94,94,0.0,0.0,13.0,"June 14, 11",0.0,XTLB
2011-06-13,14.0,14.0,13.0,13.0,13.0,92,92,-1.0,-7.14,13.33,"June 13, 11",-0.0714,XTLB
2011-06-10,14.0,14.0,14.0,14.0,14.0,0,0,0.0,0.0,14.0,"June 10, 11",0.0,XTLB
2011-06-09,14.0,14.0,14.0,14.0,14.0,6,6,0.0,0.0,14.0,"June 09, 11",0.0,XTLB
2011-06-08,14.0,14.0,14.0,14.0,14.0,66,66,0.0,0.0,14.0,"June 08, 11",0.0,XTLB
2011-06-07,14.5,14.5,14.5,14.5,14.5,0,0,0.0,0.0,14.5,"June 07, 11",0.0,XTLB
2011-06-06,14.5,14.5,14.5,14.5,14.5,28,28,0.0,0.0,14.5,"June 06, 11",0.0,XTLB
2011-06-03,14.5,14.5,14.5,14.5,14.5,0,0,0.0,0.0,14.5,"June 03, 11",0.0,XTLB
2011-06-02,16.0,16.0,14.5,14.5,14.5,30,30,-1.5,-9.37,15.0,"June 02, 11",-0.0937,XTLB
2011-06-01,14.0,14.0,14.0,14.0,14.0,0,0,0.0,0.0,14.0,"June 01, 11",0.0,XTLB
2011-05-31,14.0,14.0,14.0,14.0,14.0,0,0,0.0,0.0,14.0,"May 31, 11",0.0,XTLB
2011-05-27,14.0,14.0,14.0,14.0,14.0,24,24,0.0,0.0,14.0,"May 27, 11",0.0,XTLB
2011-05-26,14.0,14.0,14.0,14.0,14.0,0,0,0.0,0.0,14.0,"May 26, 11",0.0,XTLB
2011-05-25,14.0,14.0,14.0,14.0,14.0,60,60,0.0,0.0,14.0,"May 25, 11",0.0,XTLB
2011-05-24,19.0,19.0,19.0,19.0,19.0,0,0,0.0,0.0,19.0,"May 24, 11",0.0,XTLB
2011-05-23,19.0,19.0,19.0,19.0,19.0,0,0,0.0,0.0,19.0,"May 23, 11",0.0,XTLB
2011-05-20,19.0,19.0,19.0,19.0,19.0,0,0,0.0,0.0,19.0,"May 20, 11",0.0,XTLB
2011-05-19,15.0,19.0,14.0,19.0,19.0,214,214,4.0,26.67,17.33,"May 19, 11",0.2667,XTLB
2011-05-18,17.5,17.5,17.5,17.5,17.5,0,0,0.0,0.0,17.5,"May 18, 11",0.0,XTLB
2011-05-17,17.5,17.5,17.5,17.5,17.5,0,0,0.0,0.0,17.5,"May 17, 11",0.0,XTLB
2011-05-16,16.5,17.5,16.5,17.5,17.5,20,20,1.0,6.06,17.17,"May 16, 11",0.0606,XTLB
2011-05-13,16.5,16.5,16.5,16.5,16.5,6,6,0.0,0.0,16.5,"May 13, 11",0.0,XTLB
2011-05-12,16.5,16.5,16.5,16.5,16.5,0,0,0.0,0.0,16.5,"May 12, 11",0.0,XTLB
2011-05-11,16.5,16.5,16.5,16.5,16.5,0,0,0.0,0.0,16.5,"May 11, 11",0.0,XTLB
2011-05-10,16.5,16.5,16.5,16.5,16.5,0,0,0.0,0.0,16.5,"May 10, 11",0.0,XTLB
2011-05-09,16.5,16.5,16.5,16.5,16.5,6,6,0.0,0.0,16.5,"May 09, 11",0.0,XTLB
2011-05-06,16.5,16.5,16.5,16.5,16.5,6,6,0.0,0.0,16.5,"May 06, 11",0.0,XTLB
2011-05-05,16.5,16.5,16.5,16.5,16.5,26,26,0.0,0.0,16.5,"May 05, 11",0.0,XTLB
2011-05-04,16.5,16.5,16.5,16.5,16.5,12,12,0.0,0.0,16.5,"May 04, 11",0.0,XTLB
2011-05-03,19.0,19.0,19.0,19.0,19.0,0,0,0.0,0.0,19.0,"May 03, 11",0.0,XTLB
2011-05-02,19.0,19.0,19.0,19.0,19.0,0,0,0.0,0.0,19.0,"May 02, 11",0.0,XTLB
2011-04-29,19.0,19.0,19.0,19.0,19.0,0,0,0.0,0.0,19.0,"April 29, 11",0.0,XTLB
2011-04-28,19.0,19.0,19.0,19.0,19.0,0,0,0.0,0.0,19.0,"April 28, 11",0.0,XTLB
2011-04-27,19.0,19.0,19.0,19.0,19.0,0,0,0.0,0.0,19.0,"April 27, 11",0.0,XTLB
2011-04-26,16.5,19.0,16.5,19.0,19.0,426,426,2.5,15.15,18.17,"April 26, 11",0.1515,XTLB
2011-04-25,16.5,16.5,16.5,16.5,16.5,120,120,0.0,0.0,16.5,"April 25, 11",0.0,XTLB
2011-04-21,17.5,18.0,16.5,16.5,16.5,558,558,-1.0,-5.71,17.0,"April 21, 11",-0.0571,XTLB
2011-04-20,15.5,15.5,11.0,15.5,15.5,2698,2698,0.0,0.0,14.0,"April 20, 11",0.0,XTLB
2011-04-19,15.5,15.5,15.5,15.5,15.5,0,0,0.0,0.0,15.5,"April 19, 11",0.0,XTLB
2011-04-18,15.5,15.5,15.5,15.5,15.5,90,90,0.0,0.0,15.5,"April 18, 11",0.0,XTLB
2011-04-15,18.5,18.5,18.5,18.5,18.5,60,60,0.0,0.0,18.5,"April 15, 11",0.0,XTLB
2011-04-14,17.5,17.5,17.5,17.5,17.5,0,0,0.0,0.0,17.5,"April 14, 11",0.0,XTLB
2011-04-13,17.5,17.5,17.5,17.5,17.5,0,0,0.0,0.0,17.5,"April 13, 11",0.0,XTLB
2011-04-12,17.5,17.5,17.5,17.5,17.5,0,0,0.0,0.0,17.5,"April 12, 11",0.0,XTLB
2011-04-11,17.5,18.5,17.5,17.5,17.5,680,680,0.0,0.0,17.83,"April 11, 11",0.0,XTLB
2011-04-08,18.5,19.0,18.5,18.5,18.5,1840,1840,0.0,0.0,18.67,"April 08, 11",0.0,XTLB
2011-04-07,18.5,18.5,18.5,18.5,18.5,472,472,0.0,0.0,18.5,"April 07, 11",0.0,XTLB
2011-04-06,18.5,18.5,18.5,18.5,18.5,0,0,0.0,0.0,18.5,"April 06, 11",0.0,XTLB
2011-04-05,18.5,18.5,18.5,18.5,18.5,0,0,0.0,0.0,18.5,"April 05, 11",0.0,XTLB
2011-04-04,18.5,18.5,18.5,18.5,18.5,0,0,0.0,0.0,18.5,"April 04, 11",0.0,XTLB
2011-04-01,18.5,18.5,18.5,18.5,18.5,6,6,0.0,0.0,18.5,"April 01, 11",0.0,XTLB
2011-03-31,19.0,21.0,19.0,21.0,21.0,228,228,2.0,10.53,20.33,"March 31, 11",0.1053,XTLB
2011-03-30,22.0,22.0,22.0,22.0,22.0,2,2,0.0,0.0,22.0,"March 30, 11",0.0,XTLB
2011-03-29,21.0,22.0,21.0,22.0,22.0,2502,2502,1.0,4.76,21.67,"March 29, 11",0.0476,XTLB
2011-03-28,18.0,20.0,18.0,20.0,20.0,2198,2198,2.0,11.11,19.33,"March 28, 11",0.1111,XTLB
2011-03-25,12.5,16.5,12.5,16.5,16.5,204,204,4.0,32.0,15.17,"March 25, 11",0.32,XTLB
2011-03-24,16.0,16.0,16.0,16.0,16.0,0,0,0.0,0.0,16.0,"March 24, 11",0.0,XTLB
2011-03-23,16.0,16.0,16.0,16.0,16.0,0,0,0.0,0.0,16.0,"March 23, 11",0.0,XTLB
2011-03-22,11.5,16.0,11.5,16.0,16.0,2616,2616,4.5,39.13,14.5,"March 22, 11",0.3913,XTLB
2011-03-21,15.0,15.0,15.0,15.0,15.0,0,0,0.0,0.0,15.0,"March 21, 11",0.0,XTLB
2011-03-18,15.0,15.0,11.5,15.0,15.0,1122,1122,0.0,0.0,13.83,"March 18, 11",0.0,XTLB
2011-03-17,11.5,11.5,11.5,11.5,11.5,22,22,0.0,0.0,11.5,"March 17, 11",0.0,XTLB
2011-03-16,16.0,16.0,16.0,16.0,16.0,18,18,0.0,0.0,16.0,"March 16, 11",0.0,XTLB
2011-03-15,15.0,15.0,15.0,15.0,15.0,0,0,0.0,0.0,15.0,"March 15, 11",0.0,XTLB
2011-03-14,15.0,15.0,15.0,15.0,15.0,100,100,0.0,0.0,15.0,"March 14, 11",0.0,XTLB
2011-03-11,16.5,17.0,15.0,15.0,15.0,1122,1122,-1.5,-9.09,15.67,"March 11, 11",-0.0909,XTLB
2011-03-10,17.0,17.0,17.0,17.0,17.0,20,20,0.0,0.0,17.0,"March 10, 11",0.0,XTLB
2011-03-09,12.5,17.0,12.5,17.0,17.0,364,364,4.5,36.0,15.5,"March 09, 11",0.36,XTLB
2011-03-08,13.0,14.0,13.0,14.0,14.0,1706,1706,1.0,7.69,13.67,"March 08, 11",0.0769,XTLB
2011-03-07,12.5,14.0,12.5,14.0,14.0,84,84,1.5,12.0,13.5,"March 07, 11",0.12,XTLB
2011-03-04,14.0,14.0,14.0,14.0,14.0,0,0,0.0,0.0,14.0,"March 04, 11",0.0,XTLB
2011-03-03,14.0,14.0,14.0,14.0,14.0,0,0,0.0,0.0,14.0,"March 03, 11",0.0,XTLB
2011-03-02,14.0,14.0,14.0,14.0,14.0,0,0,0.0,0.0,14.0,"March 02, 11",0.0,XTLB
2011-03-01,14.0,14.0,14.0,14.0,14.0,4,4,0.0,0.0,14.0,"March 01, 11",0.0,XTLB
2011-02-28,14.0,14.0,14.0,14.0,14.0,0,0,0.0,0.0,14.0,"February 28, 11",0.0,XTLB
2011-02-25,14.0,14.0,14.0,14.0,14.0,0,0,0.0,0.0,14.0,"February 25, 11",0.0,XTLB
2011-02-24,14.0,14.0,14.0,14.0,14.0,10,10,0.0,0.0,14.0,"February 24, 11",0.0,XTLB
2011-02-23,15.0,15.0,14.0,14.0,14.0,74,74,-1.0,-6.67,14.33,"February 23, 11",-0.0667,XTLB
2011-02-22,14.0,14.0,14.0,14.0,14.0,6,6,0.0,0.0,14.0,"February 22, 11",0.0,XTLB
2011-02-18,15.0,15.0,15.0,15.0,15.0,0,0,0.0,0.0,15.0,"February 18, 11",0.0,XTLB
2011-02-17,15.0,15.0,15.0,15.0,15.0,54,54,0.0,0.0,15.0,"February 17, 11",0.0,XTLB
2011-02-16,15.5,15.5,14.0,14.0,14.0,668,668,-1.5,-9.68,14.5,"February 16, 11",-0.0968,XTLB
2011-02-15,17.5,18.0,17.5,18.0,18.0,312,312,0.5,2.86,17.83,"February 15, 11",0.0286,XTLB
2011-02-14,16.0,16.0,16.0,16.0,16.0,76,76,0.0,0.0,16.0,"February 14, 11",0.0,XTLB
2011-02-11,16.5,16.5,16.5,16.5,16.5,0,0,0.0,0.0,16.5,"February 11, 11",0.0,XTLB
2011-02-10,16.5,16.5,16.5,16.5,16.5,0,0,0.0,0.0,16.5,"February 10, 11",0.0,XTLB
2011-02-09,18.5,18.5,16.0,16.5,16.5,180,180,-2.0,-10.81,17.0,"February 09, 11",-0.1081,XTLB
2011-02-08,18.0,18.5,15.0,18.5,18.5,524,524,0.5,2.78,17.33,"February 08, 11",0.0278,XTLB
2011-02-07,17.5,20.0,17.5,18.0,18.0,376,376,0.5,2.86,18.5,"February 07, 11",0.0286,XTLB
2011-02-04,19.0,19.0,19.0,19.0,19.0,220,220,0.0,0.0,19.0,"February 04, 11",0.0,XTLB
2011-02-03,20.0,20.0,19.0,19.0,19.0,78,78,-1.0,-5.0,19.33,"February 03, 11",-0.05,XTLB
2011-02-02,21.5,21.5,19.0,20.0,20.0,52,52,-1.5,-6.98,20.17,"February 02, 11",-0.0698,XTLB
2011-02-01,22.5,22.5,22.5,22.5,22.5,6,6,0.0,0.0,22.5,"February 01, 11",0.0,XTLB
2011-01-31,20.0,22.5,17.5,22.5,22.5,2910,2910,2.5,12.5,20.83,"January 31, 11",0.125,XTLB
2011-01-28,21.5,21.5,21.5,21.5,21.5,60,60,0.0,0.0,21.5,"January 28, 11",0.0,XTLB
2011-01-27,16.0,22.0,16.0,21.5,21.5,806,806,5.5,34.38,19.83,"January 27, 11",0.3438,XTLB
2011-01-26,20.5,20.5,20.5,20.5,20.5,60,60,0.0,0.0,20.5,"January 26, 11",0.0,XTLB
2011-01-25,20.5,20.5,20.5,20.5,20.5,56,56,0.0,0.0,20.5,"January 25, 11",0.0,XTLB
2011-01-24,23.5,23.5,23.5,23.5,23.5,0,0,0.0,0.0,23.5,"January 24, 11",0.0,XTLB
2011-01-21,22.0,23.5,20.5,23.5,23.5,252,252,1.5,6.82,22.5,"January 21, 11",0.0682,XTLB
2011-01-20,22.0,22.0,22.0,22.0,22.0,146,146,0.0,0.0,22.0,"January 20, 11",0.0,XTLB
2011-01-19,22.0,24.5,22.0,24.5,24.5,128,128,2.5,11.36,23.67,"January 19, 11",0.1136,XTLB
2011-01-18,25.5,25.5,22.5,25.5,25.5,154,154,0.0,0.0,24.5,"January 18, 11",0.0,XTLB
2011-01-14,25.5,25.5,22.5,25.5,25.5,52,52,0.0,0.0,24.5,"January 14, 11",0.0,XTLB
2011-01-13,25.5,25.5,25.5,25.5,25.5,30,30,0.0,0.0,25.5,"January 13, 11",0.0,XTLB
2011-01-12,26.0,26.0,25.5,25.5,25.5,130,130,-0.5,-1.92,25.67,"January 12, 11",-0.0192,XTLB
2011-01-11,22.5,26.0,22.5,25.5,25.5,1110,1110,3.0,13.33,24.67,"January 11, 11",0.1333,XTLB
2011-01-10,26.0,26.0,26.0,26.0,26.0,52,52,0.0,0.0,26.0,"January 10, 11",0.0,XTLB
2011-01-07,22.5,26.0,22.5,26.0,26.0,182,182,3.5,15.56,24.83,"January 07, 11",0.1556,XTLB
2011-01-06,24.0,25.5,22.5,25.5,25.5,1018,1018,1.5,6.25,24.5,"January 06, 11",0.0625,XTLB
2011-01-05,26.5,27.0,22.0,26.0,26.0,710,710,-0.5,-1.89,25.0,"January 05, 11",-0.0189,XTLB
2011-01-04,26.5,27.0,25.0,27.0,27.0,4716,4716,0.5,1.89,26.33,"January 04, 11",0.0189,XTLB
2011-01-03,24.5,27.0,24.0,25.0,25.0,4548,4548,0.5,2.04,25.33,"January 03, 11",0.0204,XTLB
2010-12-31,23.5,23.5,21.5,23.5,23.5,878,878,0.0,0.0,22.83,"December 31, 10",0.0,XTLB
2010-12-30,21.5,23.5,21.5,23.5,23.5,932,932,2.0,9.3,22.83,"December 30, 10",0.093,XTLB
2010-12-29,21.5,24.0,21.0,23.5,23.5,3364,3364,2.0,9.3,22.83,"December 29, 10",0.093,XTLB
2010-12-28,19.0,21.5,17.5,21.5,21.5,1208,1208,2.5,13.16,20.17,"December 28, 10",0.1316,XTLB
2010-12-27,17.5,20.0,13.5,19.0,19.0,2404,2404,1.5,8.57,17.5,"December 27, 10",0.0857,XTLB
2010-12-23,17.0,17.0,17.0,17.0,17.0,214,214,0.0,0.0,17.0,"December 23, 10",0.0,XTLB
2010-12-22,15.5,17.0,13.5,17.0,17.0,1836,1836,1.5,9.68,15.83,"December 22, 10",0.0968,XTLB
2010-12-21,13.5,16.5,13.5,16.5,16.5,480,480,3.0,22.22,15.5,"December 21, 10",0.2222,XTLB
2010-12-20,15.0,15.0,14.5,15.0,15.0,390,390,0.0,0.0,14.83,"December 20, 10",0.0,XTLB
2010-12-17,12.5,15.5,12.5,15.5,15.5,676,676,3.0,24.0,14.5,"December 17, 10",0.24,XTLB
2010-12-16,13.5,13.5,13.0,13.0,13.0,206,206,-0.5,-3.7,13.17,"December 16, 10",-0.037,XTLB
2010-12-15,13.0,13.5,13.0,13.5,13.5,1100,1100,0.5,3.85,13.33,"December 15, 10",0.0385,XTLB
2010-12-14,12.0,15.0,12.0,13.5,13.5,2748,2748,1.5,12.5,13.5,"December 14, 10",0.125,XTLB
2010-12-13,12.0,14.0,12.0,12.5,12.5,328,328,0.5,4.17,12.83,"December 13, 10",0.0417,XTLB
2010-12-10,13.5,14.0,13.0,14.0,14.0,1540,1540,0.5,3.7,13.67,"December 10, 10",0.037,XTLB
2010-12-09,12.5,13.5,12.5,13.5,13.5,686,686,1.0,8.0,13.17,"December 09, 10",0.08,XTLB
2010-12-08,12.0,13.0,12.0,12.5,12.5,214,214,0.5,4.17,12.5,"December 08, 10",0.0417,XTLB
2010-12-07,13.0,13.0,13.0,13.0,13.0,62,62,0.0,0.0,13.0,"December 07, 10",0.0,XTLB
2010-12-06,13.0,13.5,13.0,13.0,13.0,498,498,0.0,0.0,13.17,"December 06, 10",0.0,XTLB
2010-12-03,14.0,14.5,13.0,13.5,13.5,8270,8270,-0.5,-3.57,13.67,"December 03, 10",-0.0357,XTLB
2010-12-02,12.5,14.0,12.5,13.5,13.5,16752,16752,1.0,8.0,13.33,"December 02, 10",0.08,XTLB
2010-12-01,13.0,13.0,11.5,12.5,12.5,246,246,-0.5,-3.85,12.33,"December 01, 10",-0.0385,XTLB
2010-11-30,13.0,13.0,13.0,13.0,13.0,3514,3514,0.0,0.0,13.0,"November 30, 10",0.0,XTLB
2010-11-29,11.5,12.5,11.5,12.0,12.0,1768,1768,0.5,4.35,12.0,"November 29, 10",0.0435,XTLB
2010-11-26,11.5,12.0,11.5,12.0,12.0,270,270,0.5,4.35,11.83,"November 26, 10",0.0435,XTLB
2010-11-24,11.0,12.5,11.0,12.5,12.5,130,130,1.5,13.64,12.0,"November 24, 10",0.1364,XTLB
2010-11-23,11.5,11.5,11.5,11.5,11.5,1150,1150,0.0,0.0,11.5,"November 23, 10",0.0,XTLB
2010-11-22,10.5,11.0,8.5,10.5,10.5,728,728,0.0,0.0,10.0,"November 22, 10",0.0,XTLB
2010-11-19,10.0,10.0,10.0,10.0,10.0,22,22,0.0,0.0,10.0,"November 19, 10",0.0,XTLB
2010-11-18,10.0,10.0,10.0,10.0,10.0,646,646,0.0,0.0,10.0,"November 18, 10",0.0,XTLB
2010-11-17,10.0,10.0,10.0,10.0,10.0,0,0,0.0,0.0,10.0,"November 17, 10",0.0,XTLB
2010-11-16,10.0,10.0,10.0,10.0,10.0,450,450,0.0,0.0,10.0,"November 16, 10",0.0,XTLB
2010-11-15,8.0,10.0,8.0,10.0,10.0,218,218,2.0,25.0,9.33,"November 15, 10",0.25,XTLB
2010-11-12,9.0,9.0,9.0,9.0,9.0,0,0,0.0,0.0,9.0,"November 12, 10",0.0,XTLB
2010-11-11,9.0,9.0,9.0,9.0,9.0,0,0,0.0,0.0,9.0,"November 11, 10",0.0,XTLB
2010-11-10,9.0,9.0,9.0,9.0,9.0,0,0,0.0,0.0,9.0,"November 10, 10",0.0,XTLB
2010-11-09,9.0,10.5,9.0,9.0,9.0,288,288,0.0,0.0,9.5,"November 09, 10",0.0,XTLB
2010-11-08,11.0,11.0,11.0,11.0,11.0,1000,1000,0.0,0.0,11.0,"November 08, 10",0.0,XTLB
2010-11-05,6.0,11.5,6.0,11.0,11.0,1602,1602,5.0,83.33,9.5,"November 05, 10",0.8333,XTLB
2010-11-04,9.0,9.0,9.0,9.0,9.0,100,100,0.0,0.0,9.0,"November 04, 10",0.0,XTLB
2010-11-03,7.0,8.0,7.0,8.0,8.0,124,124,1.0,14.29,7.67,"November 03, 10",0.1429,XTLB
2010-11-02,8.0,11.5,7.0,7.0,7.0,230,230,-1.0,-12.5,8.5,"November 02, 10",-0.125,XTLB
2010-11-01,8.0,8.0,8.0,8.0,8.0,118,118,0.0,0.0,8.0,"November 01, 10",0.0,XTLB
2010-10-29,10.5,10.5,10.5,10.5,10.5,288,288,0.0,0.0,10.5,"October 29, 10",0.0,XTLB
2010-10-28,10.5,10.5,10.5,10.5,10.5,6,6,0.0,0.0,10.5,"October 28, 10",0.0,XTLB
2010-10-27,10.5,10.5,10.5,10.5,10.5,0,0,0.0,0.0,10.5,"October 27, 10",0.0,XTLB
2010-10-26,10.5,11.5,10.5,10.5,10.5,644,644,0.0,0.0,10.83,"October 26, 10",0.0,XTLB
2010-10-25,10.5,10.5,10.5,10.5,10.5,50,50,0.0,0.0,10.5,"October 25, 10",0.0,XTLB
2010-10-22,10.5,10.5,10.5,10.5,10.5,150,150,0.0,0.0,10.5,"October 22, 10",0.0,XTLB
2010-10-21,10.5,10.5,10.5,10.5,10.5,600,600,0.0,0.0,10.5,"October 21, 10",0.0,XTLB
2010-10-20,10.0,10.0,10.0,10.0,10.0,0,0,0.0,0.0,10.0,"October 20, 10",0.0,XTLB
2010-10-19,10.0,10.0,10.0,10.0,10.0,26,26,0.0,0.0,10.0,"October 19, 10",0.0,XTLB
2010-10-18,10.0,10.0,10.0,10.0,10.0,0,0,0.0,0.0,10.0,"October 18, 10",0.0,XTLB
2010-10-15,10.0,10.0,10.0,10.0,10.0,50,50,0.0,0.0,10.0,"October 15, 10",0.0,XTLB
2010-10-14,10.0,10.0,10.0,10.0,10.0,42,42,0.0,0.0,10.0,"October 14, 10",0.0,XTLB
2010-10-13,10.5,12.5,10.5,12.5,12.5,40,40,2.0,19.05,11.83,"October 13, 10",0.1905,XTLB
2010-10-12,11.0,12.5,7.0,12.5,12.5,240,240,1.5,13.64,10.67,"October 12, 10",0.1364,XTLB
2010-10-11,7.0,10.0,7.0,10.0,10.0,96,96,3.0,42.86,9.0,"October 11, 10",0.4286,XTLB
2010-10-08,10.5,10.5,10.5,10.5,10.5,14,14,0.0,0.0,10.5,"October 08, 10",0.0,XTLB
2010-10-07,9.5,12.5,9.5,12.5,12.5,40,40,3.0,31.58,11.5,"October 07, 10",0.3158,XTLB
2010-10-06,11.5,11.5,11.5,11.5,11.5,2,2,0.0,0.0,11.5,"October 06, 10",0.0,XTLB
2010-10-05,12.5,12.5,11.5,11.5,11.5,150,150,-1.0,-8.0,11.83,"October 05, 10",-0.08,XTLB
2010-10-04,13.0,13.0,13.0,13.0,13.0,312,312,0.0,0.0,13.0,"October 04, 10",0.0,XTLB
2010-10-01,13.0,14.0,13.0,13.0,13.0,488,488,0.0,0.0,13.33,"October 01, 10",0.0,XTLB
2010-09-30,13.0,13.0,12.0,13.0,13.0,2832,2832,0.0,0.0,12.67,"September 30, 10",0.0,XTLB
2010-09-29,14.0,14.0,8.0,13.0,13.0,1386,1386,-1.0,-7.14,11.67,"September 29, 10",-0.0714,XTLB
2010-09-28,11.5,13.0,11.5,13.0,13.0,2076,2076,1.5,13.04,12.5,"September 28, 10",0.1304,XTLB
2010-09-27,11.5,12.5,11.5,11.5,11.5,2144,2144,0.0,0.0,11.83,"September 27, 10",0.0,XTLB
2010-09-24,11.0,11.0,10.0,10.5,10.5,1360,1360,-0.5,-4.55,10.5,"September 24, 10",-0.0455,XTLB
2010-09-23,9.0,11.5,8.5,10.5,10.5,7956,7956,1.5,16.67,10.17,"September 23, 10",0.1667,XTLB
2010-09-22,8.5,8.5,8.5,8.5,8.5,140,140,0.0,0.0,8.5,"September 22, 10",0.0,XTLB
2010-09-21,7.5,9.0,7.5,9.0,9.0,200,200,1.5,20.0,8.5,"September 21, 10",0.2,XTLB
2010-09-20,7.5,7.5,7.5,7.5,7.5,160,160,0.0,0.0,7.5,"September 20, 10",0.0,XTLB
2010-09-17,7.5,7.5,7.5,7.5,7.5,4,4,0.0,0.0,7.5,"September 17, 10",0.0,XTLB
2010-09-16,8.5,8.5,8.5,8.5,8.5,66,66,0.0,0.0,8.5,"September 16, 10",0.0,XTLB
2010-09-15,7.5,7.5,7.5,7.5,7.5,1028,1028,0.0,0.0,7.5,"September 15, 10",0.0,XTLB
2010-09-14,7.5,7.5,7.5,7.5,7.5,8,8,0.0,0.0,7.5,"September 14, 10",0.0,XTLB
2010-09-13,7.5,7.5,7.5,7.5,7.5,1010,1010,0.0,0.0,7.5,"September 13, 10",0.0,XTLB
2010-09-10,6.0,6.0,6.0,6.0,6.0,0,0,0.0,0.0,6.0,"September 10, 10",0.0,XTLB
2010-09-09,6.0,6.0,6.0,6.0,6.0,400,400,0.0,0.0,6.0,"September 09, 10",0.0,XTLB
2010-09-08,6.0,6.0,5.5,5.5,5.5,200,200,-0.5,-8.33,5.67,"September 08, 10",-0.0833,XTLB
2010-09-07,7.5,8.0,7.5,7.5,7.5,30,30,0.0,0.0,7.67,"September 07, 10",0.0,XTLB
2010-09-03,7.5,7.5,7.5,7.5,7.5,204,204,0.0,0.0,7.5,"September 03, 10",0.0,XTLB
2010-09-02,7.0,9.0,7.0,7.5,7.5,808,808,0.5,7.14,7.83,"September 02, 10",0.0714,XTLB
2010-09-01,6.5,7.0,6.5,6.5,6.5,574,574,0.0,0.0,6.67,"September 01, 10",0.0,XTLB
2010-08-31,6.0,6.0,6.0,6.0,6.0,0,0,0.0,0.0,6.0,"August 31, 10",0.0,XTLB
2010-08-30,6.0,6.0,6.0,6.0,6.0,74,74,0.0,0.0,6.0,"August 30, 10",0.0,XTLB
2010-08-27,6.0,6.0,6.0,6.0,6.0,110,110,0.0,0.0,6.0,"August 27, 10",0.0,XTLB
2010-08-26,6.0,7.0,6.0,7.0,7.0,10,10,1.0,16.67,6.67,"August 26, 10",0.1667,XTLB
2010-08-25,6.0,7.0,6.0,7.0,7.0,234,234,1.0,16.67,6.67,"August 25, 10",0.1667,XTLB
2010-08-24,6.0,6.0,6.0,6.0,6.0,886,886,0.0,0.0,6.0,"August 24, 10",0.0,XTLB
2010-08-23,6.5,6.5,6.5,6.5,6.5,0,0,0.0,0.0,6.5,"August 23, 10",0.0,XTLB
2010-08-20,7.0,7.0,6.5,6.5,6.5,480,480,-0.5,-7.14,6.67,"August 20, 10",-0.0714,XTLB
2010-08-19,7.0,7.0,7.0,7.0,7.0,20,20,0.0,0.0,7.0,"August 19, 10",0.0,XTLB
2010-08-18,7.0,7.0,7.0,7.0,7.0,24,24,0.0,0.0,7.0,"August 18, 10",0.0,XTLB
2010-08-17,9.5,9.5,9.5,9.5,9.5,0,0,0.0,0.0,9.5,"August 17, 10",0.0,XTLB
2010-08-16,9.5,9.5,9.5,9.5,9.5,0,0,0.0,0.0,9.5,"August 16, 10",0.0,XTLB
2010-08-13,7.5,9.5,7.5,9.5,9.5,182,182,2.0,26.67,8.83,"August 13, 10",0.2667,XTLB
2010-08-12,7.5,7.5,7.5,7.5,7.5,10,10,0.0,0.0,7.5,"August 12, 10",0.0,XTLB
2010-08-11,9.5,9.5,9.5,9.5,9.5,12,12,0.0,0.0,9.5,"August 11, 10",0.0,XTLB
2010-08-10,8.0,8.0,7.5,7.5,7.5,60,60,-0.5,-6.25,7.67,"August 10, 10",-0.0625,XTLB
2010-08-09,10.0,10.0,8.0,8.0,8.0,958,958,-2.0,-20.0,8.67,"August 09, 10",-0.2,XTLB
2010-08-06,9.0,10.0,9.0,9.0,9.0,430,430,0.0,0.0,9.33,"August 06, 10",0.0,XTLB
2010-08-05,8.0,9.0,8.0,9.0,9.0,800,800,1.0,12.5,8.67,"August 05, 10",0.125,XTLB
2010-08-04,7.5,9.0,7.5,8.5,8.5,4214,4214,1.0,13.33,8.33,"August 04, 10",0.1333,XTLB
2010-08-03,6.5,7.5,6.5,7.5,7.5,3356,3356,1.0,15.38,7.17,"August 03, 10",0.1538,XTLB
2010-08-02,7.0,7.0,7.0,7.0,7.0,120,120,0.0,0.0,7.0,"August 02, 10",0.0,XTLB
2010-07-30,6.5,8.0,6.5,7.0,7.0,3338,3338,0.5,7.69,7.17,"July 30, 10",0.0769,XTLB
2010-07-29,4.5,7.0,4.5,6.0,6.0,2686,2686,1.5,33.33,5.83,"July 29, 10",0.3333,XTLB
2010-07-28,4.5,4.5,3.5,4.5,4.5,3306,3306,0.0,0.0,4.17,"July 28, 10",0.0,XTLB
2010-07-27,3.5,3.5,3.5,3.5,3.5,0,0,0.0,0.0,3.5,"July 27, 10",0.0,XTLB
2010-07-26,3.5,3.5,3.5,3.5,3.5,30,30,0.0,0.0,3.5,"July 26, 10",0.0,XTLB
2010-07-23,3.5,3.5,3.5,3.5,3.5,0,0,0.0,0.0,3.5,"July 23, 10",0.0,XTLB
2010-07-22,3.5,3.5,3.5,3.5,3.5,0,0,0.0,0.0,3.5,"July 22, 10",0.0,XTLB
2010-07-21,3.5,3.5,3.5,3.5,3.5,0,0,0.0,0.0,3.5,"July 21, 10",0.0,XTLB
2010-07-20,3.5,3.5,3.5,3.5,3.5,124,124,0.0,0.0,3.5,"July 20, 10",0.0,XTLB
2010-07-19,3.5,3.5,3.5,3.5,3.5,300,300,0.0,0.0,3.5,"July 19, 10",0.0,XTLB
2010-07-16,3.5,3.5,3.5,3.5,3.5,78,78,0.0,0.0,3.5,"July 16, 10",0.0,XTLB
2010-07-15,3.5,3.5,3.5,3.5,3.5,0,0,0.0,0.0,3.5,"July 15, 10",0.0,XTLB
2010-07-14,3.5,3.5,3.5,3.5,3.5,0,0,0.0,0.0,3.5,"July 14, 10",0.0,XTLB
2010-07-13,3.5,3.5,3.5,3.5,3.5,878,878,0.0,0.0,3.5,"July 13, 10",0.0,XTLB
2010-07-12,3.5,3.5,3.5,3.5,3.5,0,0,0.0,0.0,3.5,"July 12, 10",0.0,XTLB
2010-07-09,3.5,3.5,3.5,3.5,3.5,0,0,0.0,0.0,3.5,"July 09, 10",0.0,XTLB
2010-07-08,3.5,3.5,3.5,3.5,3.5,0,0,0.0,0.0,3.5,"July 08, 10",0.0,XTLB
2010-07-07,3.5,3.5,3.5,3.5,3.5,0,0,0.0,0.0,3.5,"July 07, 10",0.0,XTLB
2010-07-06,3.5,3.5,3.5,3.5,3.5,106,106,0.0,0.0,3.5,"July 06, 10",0.0,XTLB
2010-07-02,4.5,4.5,4.5,4.5,4.5,0,0,0.0,0.0,4.5,"July 02, 10",0.0,XTLB
2010-07-01,4.5,4.5,4.5,4.5,4.5,0,0,0.0,0.0,4.5,"July 01, 10",0.0,XTLB
2010-06-30,4.5,4.5,4.5,4.5,4.5,100,100,0.0,0.0,4.5,"June 30, 10",0.0,XTLB
2010-06-29,4.5,4.5,4.5,4.5,4.5,0,0,0.0,0.0,4.5,"June 29, 10",0.0,XTLB
2010-06-28,4.0,4.5,4.0,4.5,4.5,572,572,0.5,12.5,4.33,"June 28, 10",0.125,XTLB
2010-06-25,3.5,3.5,3.5,3.5,3.5,18,18,0.0,0.0,3.5,"June 25, 10",0.0,XTLB
2010-06-24,4.0,4.0,4.0,4.0,4.0,0,0,0.0,0.0,4.0,"June 24, 10",0.0,XTLB
2010-06-23,3.5,4.0,3.5,4.0,4.0,550,550,0.5,14.29,3.83,"June 23, 10",0.1429,XTLB
2010-06-22,3.5,3.5,3.5,3.5,3.5,0,0,0.0,0.0,3.5,"June 22, 10",0.0,XTLB
2010-06-21,3.5,3.5,3.5,3.5,3.5,0,0,0.0,0.0,3.5,"June 21, 10",0.0,XTLB
2010-06-18,3.5,3.5,3.5,3.5,3.5,0,0,0.0,0.0,3.5,"June 18, 10",0.0,XTLB
2010-06-17,3.5,3.5,3.5,3.5,3.5,0,0,0.0,0.0,3.5,"June 17, 10",0.0,XTLB
2010-06-16,3.5,3.5,3.5,3.5,3.5,70,70,0.0,0.0,3.5,"June 16, 10",0.0,XTLB
2010-06-15,3.5,3.5,3.5,3.5,3.5,22,22,0.0,0.0,3.5,"June 15, 10",0.0,XTLB
2010-06-14,3.5,3.5,3.0,3.0,3.0,250,250,-0.5,-14.29,3.17,"June 14, 10",-0.1429,XTLB
2010-06-11,3.0,3.0,3.0,3.0,3.0,0,0,0.0,0.0,3.0,"June 11, 10",0.0,XTLB
2010-06-10,3.0,3.0,3.0,3.0,3.0,0,0,0.0,0.0,3.0,"June 10, 10",0.0,XTLB
2010-06-09,3.0,3.0,3.0,3.0,3.0,0,0,0.0,0.0,3.0,"June 09, 10",0.0,XTLB
2010-06-08,3.0,3.0,3.0,3.0,3.0,0,0,0.0,0.0,3.0,"June 08, 10",0.0,XTLB
2010-06-07,3.0,3.0,3.0,3.0,3.0,6,6,0.0,0.0,3.0,"June 07, 10",0.0,XTLB
2010-06-04,3.0,3.0,3.0,3.0,3.0,0,0,0.0,0.0,3.0,"June 04, 10",0.0,XTLB
2010-06-03,3.0,3.0,3.0,3.0,3.0,20,20,0.0,0.0,3.0,"June 03, 10",0.0,XTLB
2010-06-02,4.0,4.0,4.0,4.0,4.0,10,10,0.0,0.0,4.0,"June 02, 10",0.0,XTLB
2010-06-01,3.0,3.0,3.0,3.0,3.0,44,44,0.0,0.0,3.0,"June 01, 10",0.0,XTLB
2010-05-28,3.0,3.0,3.0,3.0,3.0,0,0,0.0,0.0,3.0,"May 28, 10",0.0,XTLB
2010-05-27,3.0,3.0,3.0,3.0,3.0,0,0,0.0,0.0,3.0,"May 27, 10",0.0,XTLB
2010-05-26,3.0,3.0,3.0,3.0,3.0,0,0,0.0,0.0,3.0,"May 26, 10",0.0,XTLB
2010-05-25,3.5,3.5,3.0,3.0,3.0,4402,4402,-0.5,-14.29,3.17,"May 25, 10",-0.1429,XTLB
2010-05-24,3.5,3.5,3.5,3.5,3.5,454,454,0.0,0.0,3.5,"May 24, 10",0.0,XTLB
2010-05-21,3.5,4.0,3.5,4.0,4.0,50,50,0.5,14.29,3.83,"May 21, 10",0.1429,XTLB
2010-05-20,3.5,4.0,3.5,3.5,3.5,962,962,0.0,0.0,3.67,"May 20, 10",0.0,XTLB
2010-05-19,3.5,3.5,3.5,3.5,3.5,0,0,0.0,0.0,3.5,"May 19, 10",0.0,XTLB
2010-05-18,3.5,3.5,3.5,3.5,3.5,0,0,0.0,0.0,3.5,"May 18, 10",0.0,XTLB
2010-05-17,3.5,3.5,3.5,3.5,3.5,136,136,0.0,0.0,3.5,"May 17, 10",0.0,XTLB
2010-05-14,4.0,4.0,3.5,3.5,3.5,768,768,-0.5,-12.5,3.67,"May 14, 10",-0.125,XTLB
2010-05-13,4.5,4.5,4.0,4.0,4.0,1068,1068,-0.5,-11.11,4.17,"May 13, 10",-0.1111,XTLB
2010-05-12,4.5,4.5,4.5,4.5,4.5,16,16,0.0,0.0,4.5,"May 12, 10",0.0,XTLB
2010-05-11,4.5,4.5,4.5,4.5,4.5,1820,1820,0.0,0.0,4.5,"May 11, 10",0.0,XTLB
2010-05-10,4.5,4.5,4.5,4.5,4.5,140,140,0.0,0.0,4.5,"May 10, 10",0.0,XTLB
2010-05-07,5.0,5.0,4.0,5.0,5.0,5326,5326,0.0,0.0,4.67,"May 07, 10",0.0,XTLB
2010-05-06,5.0,5.0,5.0,5.0,5.0,0,0,0.0,0.0,5.0,"May 06, 10",0.0,XTLB
2010-05-05,5.5,5.5,5.0,5.0,5.0,3374,3374,-0.5,-9.09,5.17,"May 05, 10",-0.0909,XTLB
2010-05-04,5.5,5.5,5.5,5.5,5.5,152,152,0.0,0.0,5.5,"May 04, 10",0.0,XTLB
2010-05-03,5.5,5.5,5.5,5.5,5.5,80,80,0.0,0.0,5.5,"May 03, 10",0.0,XTLB
2010-04-30,5.5,5.5,5.5,5.5,5.5,4,4,0.0,0.0,5.5,"April 30, 10",0.0,XTLB
2010-04-29,5.5,5.5,5.5,5.5,5.5,0,0,0.0,0.0,5.5,"April 29, 10",0.0,XTLB
2010-04-28,6.5,6.5,5.5,5.5,5.5,446,446,-1.0,-15.38,5.83,"April 28, 10",-0.1538,XTLB
2010-04-27,6.0,6.0,6.0,6.0,6.0,0,0,0.0,0.0,6.0,"April 27, 10",0.0,XTLB
2010-04-26,5.5,6.5,5.5,6.0,6.0,548,548,0.5,9.09,6.0,"April 26, 10",0.0909,XTLB
2010-04-23,5.5,5.5,5.5,5.5,5.5,50,50,0.0,0.0,5.5,"April 23, 10",0.0,XTLB
2010-04-22,5.5,5.5,5.5,5.5,5.5,524,524,0.0,0.0,5.5,"April 22, 10",0.0,XTLB
2010-04-21,5.5,5.5,5.5,5.5,5.5,100,100,0.0,0.0,5.5,"April 21, 10",0.0,XTLB
2010-04-20,5.5,5.5,5.5,5.5,5.5,162,162,0.0,0.0,5.5,"April 20, 10",0.0,XTLB
2010-04-19,5.5,5.5,5.5,5.5,5.5,82,82,0.0,0.0,5.5,"April 19, 10",0.0,XTLB
2010-04-16,5.5,5.5,5.5,5.5,5.5,0,0,0.0,0.0,5.5,"April 16, 10",0.0,XTLB
2010-04-15,5.5,5.5,5.5,5.5,5.5,160,160,0.0,0.0,5.5,"April 15, 10",0.0,XTLB
2010-04-14,5.5,5.5,5.5,5.5,5.5,6,6,0.0,0.0,5.5,"April 14, 10",0.0,XTLB
2010-04-13,5.5,6.5,5.5,6.5,6.5,228,228,1.0,18.18,6.17,"April 13, 10",0.1818,XTLB
2010-04-12,5.5,5.5,5.5,5.5,5.5,42,42,0.0,0.0,5.5,"April 12, 10",0.0,XTLB
2010-04-09,5.5,5.5,5.5,5.5,5.5,290,290,0.0,0.0,5.5,"April 09, 10",0.0,XTLB
2010-04-08,5.5,5.5,5.5,5.5,5.5,20,20,0.0,0.0,5.5,"April 08, 10",0.0,XTLB
2010-04-07,5.5,5.5,5.5,5.5,5.5,126,126,0.0,0.0,5.5,"April 07, 10",0.0,XTLB
2010-04-06,6.0,6.0,5.5,5.5,5.5,304,304,-0.5,-8.33,5.67,"April 06, 10",-0.0833,XTLB
2010-04-05,5.5,5.5,5.5,5.5,5.5,24,24,0.0,0.0,5.5,"April 05, 10",0.0,XTLB
2010-04-01,5.5,5.5,5.5,5.5,5.5,160,160,0.0,0.0,5.5,"April 01, 10",0.0,XTLB
2010-03-31,5.5,5.5,5.5,5.5,5.5,270,270,0.0,0.0,5.5,"March 31, 10",0.0,XTLB
2010-03-30,5.5,5.5,5.5,5.5,5.5,8,8,0.0,0.0,5.5,"March 30, 10",0.0,XTLB
2010-03-29,5.5,5.5,5.5,5.5,5.5,20,20,0.0,0.0,5.5,"March 29, 10",0.0,XTLB
2010-03-26,5.5,5.5,5.5,5.5,5.5,1244,1244,0.0,0.0,5.5,"March 26, 10",0.0,XTLB
2010-03-25,5.5,5.5,5.5,5.5,5.5,44,44,0.0,0.0,5.5,"March 25, 10",0.0,XTLB
2010-03-24,5.5,5.5,5.5,5.5,5.5,160,160,0.0,0.0,5.5,"March 24, 10",0.0,XTLB
2010-03-23,5.5,6.5,5.5,6.5,6.5,46,46,1.0,18.18,6.17,"March 23, 10",0.1818,XTLB
2010-03-22,6.5,6.5,6.5,6.5,6.5,326,326,0.0,0.0,6.5,"March 22, 10",0.0,XTLB
2010-03-19,6.5,6.5,6.5,6.5,6.5,120,120,0.0,0.0,6.5,"March 19, 10",0.0,XTLB
2010-03-18,5.5,6.0,5.5,6.0,6.0,302,302,0.5,9.09,5.83,"March 18, 10",0.0909,XTLB
2010-03-17,5.5,5.5,5.5,5.5,5.5,100,100,0.0,0.0,5.5,"March 17, 10",0.0,XTLB
2010-03-16,6.5,6.5,5.5,5.5,5.5,2706,2706,-1.0,-15.38,5.83,"March 16, 10",-0.1538,XTLB
2010-03-15,6.0,6.0,6.0,6.0,6.0,98,98,0.0,0.0,6.0,"March 15, 10",0.0,XTLB
2010-03-12,6.5,6.5,6.5,6.5,6.5,0,0,0.0,0.0,6.5,"March 12, 10",0.0,XTLB
2010-03-11,6.0,6.5,5.5,6.5,6.5,456,456,0.5,8.33,6.17,"March 11, 10",0.0833,XTLB
2010-03-10,6.0,6.0,6.0,6.0,6.0,296,296,0.0,0.0,6.0,"March 10, 10",0.0,XTLB
2010-03-09,6.0,6.0,6.0,6.0,6.0,0,0,0.0,0.0,6.0,"March 09, 10",0.0,XTLB
2010-03-08,5.5,6.0,5.5,6.0,6.0,316,316,0.5,9.09,5.83,"March 08, 10",0.0909,XTLB
2010-03-05,6.0,6.0,6.0,6.0,6.0,0,0,0.0,0.0,6.0,"March 05, 10",0.0,XTLB
2010-03-04,6.0,6.0,6.0,6.0,6.0,0,0,0.0,0.0,6.0,"March 04, 10",0.0,XTLB
2010-03-03,5.5,6.0,5.5,6.0,6.0,264,264,0.5,9.09,5.83,"March 03, 10",0.0909,XTLB
2010-03-02,6.0,6.0,5.0,5.5,5.5,1764,1764,-0.5,-8.33,5.5,"March 02, 10",-0.0833,XTLB
2010-03-01,6.5,6.5,6.5,6.5,6.5,0,0,0.0,0.0,6.5,"March 01, 10",0.0,XTLB
2010-02-26,6.0,6.5,6.0,6.5,6.5,120,120,0.5,8.33,6.33,"February 26, 10",0.0833,XTLB
2010-02-25,6.0,6.0,6.0,6.0,6.0,64,64,0.0,0.0,6.0,"February 25, 10",0.0,XTLB
2010-02-24,6.5,6.5,6.5,6.5,6.5,20,20,0.0,0.0,6.5,"February 24, 10",0.0,XTLB
2010-02-23,6.5,6.5,6.5,6.5,6.5,20,20,0.0,0.0,6.5,"February 23, 10",0.0,XTLB
2010-02-22,6.0,6.0,6.0,6.0,6.0,0,0,0.0,0.0,6.0,"February 22, 10",0.0,XTLB
2010-02-19,6.0,6.0,6.0,6.0,6.0,60,60,0.0,0.0,6.0,"February 19, 10",0.0,XTLB
2010-02-18,7.0,7.0,7.0,7.0,7.0,16,16,0.0,0.0,7.0,"February 18, 10",0.0,XTLB
2010-02-17,7.0,7.0,6.5,6.5,6.5,516,516,-0.5,-7.14,6.67,"February 17, 10",-0.0714,XTLB
2010-02-16,6.0,6.5,6.0,6.5,6.5,300,300,0.5,8.33,6.33,"February 16, 10",0.0833,XTLB
2010-02-12,6.0,6.0,6.0,6.0,6.0,160,160,0.0,0.0,6.0,"February 12, 10",0.0,XTLB
2010-02-11,6.0,6.0,6.0,6.0,6.0,180,180,0.0,0.0,6.0,"February 11, 10",0.0,XTLB
2010-02-10,6.0,6.0,6.0,6.0,6.0,20,20,0.0,0.0,6.0,"February 10, 10",0.0,XTLB
2010-02-09,6.0,6.0,6.0,6.0,6.0,910,910,0.0,0.0,6.0,"February 09, 10",0.0,XTLB
2010-02-08,6.0,6.0,6.0,6.0,6.0,220,220,0.0,0.0,6.0,"February 08, 10",0.0,XTLB
2010-02-05,6.0,6.0,6.0,6.0,6.0,40,40,0.0,0.0,6.0,"February 05, 10",0.0,XTLB
2010-02-04,6.5,6.5,6.5,6.5,6.5,280,280,0.0,0.0,6.5,"February 04, 10",0.0,XTLB
2010-02-03,6.5,6.5,6.5,6.5,6.5,2,2,0.0,0.0,6.5,"February 03, 10",0.0,XTLB
2010-02-02,6.5,6.5,6.5,6.5,6.5,76,76,0.0,0.0,6.5,"February 02, 10",0.0,XTLB
2010-02-01,6.5,6.5,6.5,6.5,6.5,22,22,0.0,0.0,6.5,"February 01, 10",0.0,XTLB
2010-01-29,6.5,6.5,6.5,6.5,6.5,398,398,0.0,0.0,6.5,"January 29, 10",0.0,XTLB
2010-01-28,6.5,6.5,6.5,6.5,6.5,0,0,0.0,0.0,6.5,"January 28, 10",0.0,XTLB
2010-01-27,6.5,6.5,6.5,6.5,6.5,60,60,0.0,0.0,6.5,"January 27, 10",0.0,XTLB
2010-01-26,7.5,7.5,6.5,6.5,6.5,198,198,-1.0,-13.33,6.83,"January 26, 10",-0.1333,XTLB
2010-01-25,6.5,7.5,6.5,7.5,7.5,360,360,1.0,15.38,7.17,"January 25, 10",0.1538,XTLB
2010-01-22,6.5,6.5,6.5,6.5,6.5,126,126,0.0,0.0,6.5,"January 22, 10",0.0,XTLB
2010-01-21,6.5,6.5,6.5,6.5,6.5,0,0,0.0,0.0,6.5,"January 21, 10",0.0,XTLB
2010-01-20,6.5,7.5,6.5,6.5,6.5,2538,2538,0.0,0.0,6.83,"January 20, 10",0.0,XTLB
2010-01-19,5.5,6.5,5.5,6.5,6.5,1416,1416,1.0,18.18,6.17,"January 19, 10",0.1818,XTLB
2010-01-15,6.5,6.5,5.5,5.5,5.5,58,58,-1.0,-15.38,5.83,"January 15, 10",-0.1538,XTLB
2010-01-14,5.5,6.5,5.5,6.5,6.5,342,342,1.0,18.18,6.17,"January 14, 10",0.1818,XTLB
2010-01-13,5.5,5.5,5.0,5.5,5.5,646,646,0.0,0.0,5.33,"January 13, 10",0.0,XTLB
2010-01-12,5.5,5.5,5.5,5.5,5.5,24,24,0.0,0.0,5.5,"January 12, 10",0.0,XTLB
2010-01-11,5.0,5.5,5.0,5.5,5.5,42,42,0.5,10.0,5.33,"January 11, 10",0.1,XTLB
2010-01-08,5.5,6.0,5.5,6.0,6.0,182,182,0.5,9.09,5.83,"January 08, 10",0.0909,XTLB
2010-01-07,5.0,6.0,5.0,5.0,5.0,206,206,0.0,0.0,5.33,"January 07, 10",0.0,XTLB
2010-01-06,5.0,5.0,5.0,5.0,5.0,24,24,0.0,0.0,5.0,"January 06, 10",0.0,XTLB
2010-01-05,4.5,5.5,4.5,5.5,5.5,208,208,1.0,22.22,5.17,"January 05, 10",0.2222,XTLB
2010-01-04,5.5,6.0,5.5,5.5,5.5,878,878,0.0,0.0,5.67,"January 04, 10",0.0,XTLB
