Year,Date,FillingDate,NetIncome,Revenue,OperatingIncome,EPSDiluted,GrossProfit,GrossProfitRatio,TotalAssets,CommonStockEquity,CurrentAssets,CurrentLiability,TotalLiability,Inventory,RetainedEarnings,EnterpriseValue,bookValuePerShare,currentRatio,debtToAssets,debtToEquity,roic,shareholdersEquityPerShare,roe,priceToSalesRatio,peRatio,pbRatio,payoutRatio,inventoryTurnover,dividendYield,assetTurnover,quickRatio,returnOnAssets,priceToFreeCashFlowsRatio,grossProfitMargin,epsdilutedGrowth,fiveYNetIncomeGrowthPerShare,fiveYRevenueGrowthPerShare,fiveYShareholdersEquityGrowthPerShare,grossProfitGrowth,netIncomeGrowth,operatingIncomeGrowth,threeYNetIncomeGrowthPerShare,threeYRevenueGrowthPerShare,threeYShareholdersEquityGrowthPerShare,Industry,Sector,Price,MarketCap,AvgVolume,Symbol
2022,2022-09-30,2022-11-23,49362000.0,270883000.0,63817000.0,3.55,112947000.0,0.4169586131,229127000.0,147582000.0,160122000.0,51693000.0,81545000.0,82208000.0,94803000.0,1461271025.6,10.716351290856988,3.097556729150949,0.160845295403859,0.2497188003957122,0.24894368809243653,10.716351290856988,0.3344716835386429,5.31988727827143,29.193854090190836,9.764517526527625,0.0,1.9211755546905411,0.0,1.1822395440083446,1.4732362215386996,0.21543510804051902,-176.88315031299865,0.4169586131281771,1.4149659863945578,11.605597326334669,2.5995244671949465,1.2474609004928752,0.8462061123942272,1.428350333392695,1.5289943493618428,9.552311043718797,2.1095231435875292,0.922487875713852,Communication Equipment,Technology,46.44,708386472,347570,CLFD
2021,2021-09-30,2021-11-10,20327380.0,140755399.0,25234141.0,1.47,61177893.0,0.4346397611,125911200.0,103824358.0,71506247.0,20471473.0,22086842.0,27524311.0,45441253.0,595082513.85,7.566987512808203,3.492970290901881,0.020093002052239992,0.024367441790490052,0.18305991726896476,7.566987512808203,0.19578623351564572,4.303698935555573,29.80063642486144,5.8345543619927795,0.0,2.891171590089939,0.0,1.1178941905088666,2.1018512444121633,0.16144219100445392,68.39563578298568,0.43463976113626734,1.7735849056603772,1.472417666063592,0.8221319259155383,0.6166097196667932,0.6135879492954064,1.7872200800047606,2.0097973520992367,3.65442727533545,0.7741525874154696,0.4754121786092846,Communication Equipment,Technology,46.44,708386472,347570,CLFD
2020,2020-09-30,2020-11-12,7293066.0,93074514.0,8384000.0,0.53,37914198.0,0.4073531665,95297430.0,82753278.0,52522809.0,10414809.0,12544152.0,14408538.0,25113873.0,261531761.35000002,6.065463956629436,5.043089028324955,0.02932846142860306,0.033774214962215755,0.07560188858924709,6.065463956629436,0.08813023696777304,2.9566253802840166,37.73261757812146,3.3253845285742036,0.0,3.8283076325995045,0.0,0.976673914501157,3.603410777864481,0.07652951396485719,56.74445087456118,0.407353166517743,0.5588235294117647,0.5088885791541541,0.4945843225746998,0.5632330795287323,0.15984139433780467,0.5972003584634428,0.615995269204689,0.8799491233650378,0.24841628952860806,0.2720647836082021,Communication Equipment,Technology,46.44,708386472,347570,CLFD
2019,2019-09-30,2019-11-15,4566156.0,85034182.0,5188134.0,0.34,32689123.0,0.3844233252,81888563.0,74933387.0,42506771.0,6607062.0,6955176.0,9012980.0,17820807.0,149216300.35,5.574210077594287,6.433535965002296,0.0,0.0,0.05334349447615327,5.574210077594287,0.0609362019095707,1.8733410212613086,34.886679594389676,2.1258617517182294,0.0,5.807741612651975,0.0,1.0384134106737226,4.952977586709493,0.05576060725354284,13.034770485770935,0.3844233251988006,0.06250000000000006,-0.19245239188771213,0.40757557680494916,0.5401754727743391,0.05459724466899534,0.06821986049048004,0.023128859436019715,-0.4331405606673119,0.12355024706930567,0.1908731414781073,Communication Equipment,Technology,46.44,708386472,347570,CLFD
2018,2018-09-30,2018-11-14,4274547.0,77651354.0,5070851.0,0.32,30996784.0,0.3991789248,74228642.0,68874876.0,41091531.0,4980791.0,5353766.0,10050135.0,13254651.0,170732470.2,5.128727837898698,8.250001054049447,0.0,0.0,0.05693061205938453,5.128727837898698,0.06206250011978243,2.3087845602795283,41.94134424068796,2.6029846819615323,0.0,4.642183413456635,0.0,1.046110394960479,6.0832225242938325,0.05758622123249944,53.393972457825875,0.3991789248130818,0.14285714285714277,-0.15767952091888274,0.3576591228597038,0.6030815063072498,0.02420429325561878,0.110895492249026,-0.04537599943372247,-0.10152266273758626,0.2668018271415574,0.3218110056264131,Communication Equipment,Technology,46.44,708386472,347570,CLFD
2017,2017-09-30,2017-11-15,3847839.0,73947619.0,5311883.0,0.28,30264259.0,0.4092661726,69494037.0,64525120.0,41143402.0,4243121.0,4968917.0,8453567.0,8980104.0,165504189.0,4.768203659741915,9.696495103486326,0.0,0.0,0.05670876370912337,4.768203659741915,0.05963319401808164,2.4887927764110973,47.82952197324264,2.8522271636224774,0.0,5.167447067019165,0.0,1.0640858150174812,7.473485201105507,0.05536934053780758,43.035242354615995,0.4092661725863006,-0.5254237288135593,-0.5432246751321146,0.8040075190612758,0.7006684208152759,-0.07928108726164768,-0.5198041647500045,-0.5050283776314117,-0.3239912934859873,0.21596307298735953,0.3174728299972503,Communication Equipment,Technology,46.44,708386472,347570,CLFD
2016,2016-09-30,2016-11-22,8013062.0,75287726.0,10731692.0,0.59,32870248.0,0.4365950434,70595313.0,62594043.0,51112678.0,7345736.0,8001270.0,8373155.0,5132265.0,223390164.20000002,4.680775712747706,6.958142519687612,0.0,0.0,0.12616588899973,4.680775712747706,0.1280163673083076,3.339249284803741,31.37433420582544,4.016428291746548,0.0,5.065889500433229,0.0,1.0664691861342126,5.6550638356728316,0.11350699727048451,25.32918897162204,0.43659504339392585,0.7352941176470587,0.17420053648276018,0.9334048012101847,1.1567388747982539,0.32179146389733004,0.7114584169868996,0.5219333021809284,0.5857027177170873,0.3219100172669995,0.46306554323856,Communication Equipment,Technology,46.44,708386472,347570,CLFD
2015,2015-09-30,2015-11-25,4682008.0,60323917.0,7051355.0,0.34,24867953.0,0.4122403557,57627617.0,51279130.0,40753629.0,5037255.0,6348487.0,7182854.0,-4745777.0,159419804.29999998,3.8800765132592967,8.090443902482603,0.0,0.0,0.0899535149875404,3.8800765132592967,0.0913043571527052,2.942299226026718,37.90916510608269,3.4612719502066436,0.0,4.9361944430445055,0.0,1.0467883306713863,6.3540777665613515,0.08124590680194185,77.00194111114003,0.4122403556784948,-0.15,2.597548781838092,1.24646345896206,1.4177209661256993,0.010943109910472745,-0.13820423199531884,-0.17219409527400745,-0.4308961023208648,0.506875416268542,0.3839013740458171,Communication Equipment,Technology,46.44,708386472,347570,CLFD
2014,2014-09-30,2014-11-26,5432851.0,58045292.0,8518126.0,0.4,24598766.0,0.4237857224,51847898.0,46746634.0,38034383.0,5101264.0,5101264.0,5390342.0,-9427785.0,146232662.29,3.6192045491760667,7.455874269592791,0.0,0.0,0.11492784499340207,3.6192045491760667,0.11621908435161342,2.832687193476432,30.264801167931903,3.517347479820686,0.0,6.204898687318912,0.0,1.1195302845257102,5.851755368865442,0.10478440225291294,16.322046961477884,0.4237857223631505,0.11111111111111122,0.3270278994139449,1.1512655935713951,1.4214365195507233,0.11865566497001444,0.1476616043959201,0.14418122337463993,-0.175767903850682,0.5432758836406708,0.6676037533258834,Communication Equipment,Technology,46.44,708386472,347570,CLFD
2013,2013-09-30,2013-11-21,4733844.0,53353080.0,7444735.0,0.36,21989578.0,0.4121519882,46413339.0,40078036.0,34197203.0,6314202.0,6335303.0,5626764.0,-14860636.0,158431707.79,3.1992932472366227,5.415918432764742,0.0,0.0,0.11666949475398809,3.1992932472366227,0.11811566814301978,3.1533261957885093,35.53975686355528,4.197802127579306,0.0,5.573985686977453,0.0,1.1495203997281902,3.743545106729243,0.10199317915912061,50.95469517377148,0.4121519882263592,-0.4,1.9631241757869358,1.1524975338492363,1.7947290634408763,0.43856989146930003,-0.3853103817408054,0.7415069565679138,2.8373945908374982,1.096125578580861,0.9935169665329331,Communication Equipment,Technology,46.44,708386472,347570,CLFD
2012,2012-09-30,2012-12-04,7701194.0,37473966.0,4274881.0,0.6,15285721.0,0.4079024088,37740338.0,34685901.0,22744597.0,3016794.0,3054437.0,2971614.0,-19594480.0,58281845.07,2.803723289843947,7.53932717978092,0.0,0.0,0.21685177691604662,2.803723289843947,0.2220266384315633,1.7067846000073759,8.30520411120665,1.8439765502992125,0.0,7.4667318837507155,0.0,0.9929419816006947,5.902881999897905,0.2040573669478,19.7694760191513,0.40790240883497625,0.25,20.675631351552195,2.4926141381402664,1.7255861817662468,0.042798995631024975,0.24868446355266022,0.1503338482846363,0.9639467478903208,0.45002695073700416,0.8758370444380091,Communication Equipment,Technology,46.44,708386472,347570,CLFD
2011,2011-09-30,2011-11-30,6167446.0,35192532.0,3716209.0,0.48,14658358.0,0.4165189933,30302091.0,26229171.0,20280285.0,4011126.0,4072920.0,2757151.0,-27295674.0,60023369.900000006,2.1703024726095115,5.056007963848555,0.0,0.0,0.22688883294866163,2.1703024726095115,0.2351369015818304,2.0261229541540233,11.561414060212282,2.718515080022926,0.0,7.447605880127711,0.0,1.1613895555920546,4.078378739535981,0.20353202688223726,15.666375747045599,0.416518993290963,4.333333333333334,17.12981923896676,2.357569376622446,1.1098182017551548,0.6041920724116674,4.222426953124338,2.307966267050735,3.001560136016455,0.4717083822057226,0.8958585312235351,Communication Equipment,Technology,46.44,708386472,347570,CLFD
2010,2010-09-30,2010-11-18,1180954.0,24366755.0,1123412.0,0.09,9137533.0,0.3749999949,21360961.0,19246067.0,11936351.0,2036309.0,2114894.0,1512306.0,-33463120.0,29852156.57,1.6048487677537757,5.861758210566275,0.0,0.0,0.052927533746551486,1.6048487677537757,0.06136079646818231,1.4420416493702177,29.753805457282844,1.8257172008182245,0.0,10.070198756071854,0.0,1.1407143620551528,5.055699306932298,0.05528562127893029,228.80540968021307,0.37499999487005964,-0.7096774193548387,1.3491127110402512,0.5347337084842174,0.22297677771225394,0.03004310665515352,-0.6879835155878252,-0.07261877146826638,4.112529994866402,1.3427642957108936,0.5601231551840273,Communication Equipment,Technology,46.44,708386472,347570,CLFD
2009,2009-09-30,2009-12-18,3784909.0,24944837.0,1211381.0,0.31,8871020.0,0.3556254948,20428759.0,17847811.0,10898212.0,2493006.0,2580948.0,1153862.0,-34644074.0,48439312.2,1.4946518399117805,4.371514549102569,0.0016193347819121074,0.0018535046118540812,0.18154234213588544,1.4946518399117805,0.2120657261554372,2.130219018869516,14.039430327122792,2.9772819871299623,0.0,13.930450088485452,0.0,1.2210647254686395,3.836218204047644,0.1852735645860818,27.825149472956628,0.3556254947667126,1.3846153846153846,2.100311342106468,0.7859915045433493,-0.062210633701316215,0.12980214179233263,1.4995106520676766,0.21514673974647433,11.018413876388367,1.40865463663629,0.4529973111725266,Communication Equipment,Technology,46.44,708386472,347570,CLFD
2008,2008-09-30,2008-12-22,1514260.0,23493796.0,996901.0,0.13,7851835.0,0.3342088694,16999137.0,13592617.0,9071269.0,3116894.0,3406520.0,2088769.0,-38428983.0,9535074.68,1.1447597153828022,2.910355308842713,0.005600696082395241,0.00700431712303819,0.06764440997093671,1.1447597153828022,0.11140312421073882,0.5862644197642646,9.095912643799611,1.0133130860672377,0.0,7.488602617139569,0.0,1.3820581597759933,2.2032048571430405,0.08907863969800349,114.78267523354751,0.33420886943940437,5.113924050632912,1.2316820267418258,0.972459956551139,-0.39225823081686273,1.440233685566858,5.031372214930554,3.1960203366831292,1.45211849030346,0.4945404266787669,-0.12763459329991278,Communication Equipment,Technology,46.44,708386472,347570,CLFD
TTM,,,,,,,,,,,,,,,,594437472.0,20.047397085752728,7.514107365792759,0.06472390492312427,0.07574353550601017,0.15684389435333304,20.047397085752728,0.24605154158499654,2.1861755763355246,13.015544128783002,2.3165102083503872,0.0,2.013189472222773,0.0,0.9066439093999636,4.905043695380774,0.15208662684144994,53.17418345593755,0.37349628120853007,,,,,,,,,,,Communication Equipment,Technology,46.44,708386472,347570,CLFD
