Year,Date,FillingDate,NetIncome,Revenue,OperatingIncome,EPSDiluted,GrossProfit,GrossProfitRatio,TotalAssets,CommonStockEquity,CurrentAssets,CurrentLiability,TotalLiability,Inventory,RetainedEarnings,EnterpriseValue,bookValuePerShare,currentRatio,debtToAssets,debtToEquity,roic,shareholdersEquityPerShare,roe,priceToSalesRatio,peRatio,pbRatio,payoutRatio,inventoryTurnover,dividendYield,assetTurnover,quickRatio,returnOnAssets,priceToFreeCashFlowsRatio,grossProfitMargin,epsdilutedGrowth,fiveYNetIncomeGrowthPerShare,fiveYRevenueGrowthPerShare,fiveYShareholdersEquityGrowthPerShare,grossProfitGrowth,netIncomeGrowth,operatingIncomeGrowth,threeYNetIncomeGrowthPerShare,threeYRevenueGrowthPerShare,threeYShareholdersEquityGrowthPerShare,Industry,Sector,Price,MarketCap,AvgVolume,Symbol
2022,2022-12-31,2023-03-06,-2735000.0,82035000.0,-216000.0,-0.13,71120000.0,0.8669470348,138303000.0,88984000.0,17173000.0,27373000.0,49319000.0,0.0,-75198000.0,60083080.0,4.295423826993628,0.6273700361670259,0.16153662610355524,0.251067607659804,-0.0019796070449857157,4.295423826993628,-0.030735862626989123,0.6010127384652892,-18.027085923217548,0.554078036500944,0.0,0.0,0.0,0.5931541615149346,0.530340116172871,-0.01977542063440417,-7.318402849933205,0.8669470348022186,-1.6842105263157894,0.9139963424228701,1.1220691605322661,-0.14488621156078116,0.030023027792662967,-1.7330474403645135,0.9793103448275862,0.865998893966662,0.3322455847244537,0.13191654378216736,Entertainment,Communication Services,2.3199,48418863,29696,GAIA
2021,2021-12-31,2022-02-28,3731000.0,79573000.0,-10440000.0,0.19,69047000.0,0.8677189499,133676000.0,90215000.0,14983000.0,29809000.0,43461000.0,0.0,-72103000.0,168534990.0,4.672657585331745,0.5026334328558489,0.10624943894191927,0.15743501634983095,-0.2028293476657955,4.672657585331745,0.04135675885384914,2.07936096414613,44.34762530152774,1.8340740453361415,0.0,0.0,0.0,0.5952676621083814,0.4360092589486397,0.0279107693228403,46.91267082506379,0.8677189498950649,5.333333333333334,-0.9559422442363379,3.743488837845782,-0.04905571148553748,0.18686399889989,6.1888246628131025,-1.2558340535868626,1.0986959502669613,0.6224312413258918,-0.010060795860300968,Entertainment,Communication Services,2.3199,48418863,29696,GAIA
2020,2020-12-31,2021-03-02,519000.0,66827000.0,-4628000.0,0.03,58176000.0,0.8705463361,110017000.0,74235000.0,16375000.0,21323000.0,35782000.0,0.0,-75834000.0,188536480.0,3.923418423973363,0.7679501008300895,0.13662433987474662,0.2024786152084596,-0.03534572140290522,3.923418423973363,0.006991311376035563,2.7973645382854238,360.1916763005781,2.5182121640735504,0.0,0.0,0.0,0.6074243071525309,0.6860666885522675,0.004717452757301144,-111.5390692124105,0.8705463360617715,1.0303030303030303,1.057432545274234,-0.5395825639106241,0.14561574424097126,0.24127336348894768,1.0290073775989268,0.7309927923738665,1.0178685275130956,0.8926666660314792,-0.21894338549957743,Entertainment,Communication Services,2.3199,48418863,29696,GAIA
2019,2019-12-31,2020-02-24,-17892000.0,53979000.0,-17204000.0,-0.99,46868000.0,0.868263584,106172000.0,68914000.0,16247000.0,18619000.0,37258000.0,0.0,-76353000.0,152037400.0,3.7948237885462555,0.872603254739782,0.17361451230079494,0.26747830629480224,-0.1974581693602809,3.7948237885462555,-0.2596279420727283,2.688052761259008,-8.1096803040465,2.105499608207331,0.0,0.0,0.0,0.5084108804581245,0.7413932004941189,-0.1685190068944731,-6.82045689574128,0.868263583986365,0.49489795918367346,-1.407266056904429,-0.5679772794794694,-0.030045778002735755,0.22890555351617808,0.47054123635072354,0.5233292696442425,-1.2246233830814053,2.4210225605219216,-0.22770587364135492,Entertainment,Communication Services,2.3199,48418863,29696,GAIA
2018,2018-12-31,2019-03-04,-33793000.0,43843000.0,-36092000.0,-1.96,38138000.0,0.8698766051593185,107151000.0,81465000.0,34490000.0,13022000.0,25686000.0,0.0,-58203000.0,161339240.0,4.720146010776986,2.6485946859161418,0.11665780067381545,0.1534401276621862,-0.3632063951667717,4.720146010776986,-0.4148161787270607,4.078261980247702,-5.291132483058622,2.1948473577610015,0.0,0.0,0.0,0.40917023639536726,2.4034710489940103,-0.31537736465361965,-4.442978829142232,0.8698766051593185,-0.27272727272727265,-0.9769257039418232,-0.6246327330573317,0.06900380707832757,0.5654065591265444,-0.45208834651082846,-0.43558331013086193,-3.0996417857771497,-0.6688471345235525,0.378255643604288,Entertainment,Communication Services,2.3199,48418863,29696,GAIA
2017,2017-12-31,2018-02-27,-23272000.0,28290000.0,-25141000.0,-1.54,24363000.0,0.8611876988335101,96979000.0,76152000.0,36915000.0,20164000.0,20827000.0,0.0,-24410000.0,167706000.0,5.023218997361478,1.8307379488196787,0.12889388424298043,0.16414539342367895,-0.27293976004934006,5.023218997361478,-0.30559932766046854,6.6448921880523155,-8.077689927810244,2.4685366109885494,0.0,0.0,0.0,0.29171263881871334,1.6778912914104345,-0.23996947792821127,-5.561163210365944,0.8611876988335101,-1.3507972665148065,-1.705418536183314,-0.7907595777973175,-0.01750485985580209,0.6912877473099618,-1.2672914800266464,-0.5168024132730015,-2.750727855410248,-0.7287739850242396,0.2839311509571141,Entertainment,Communication Services,2.3199,48418863,29696,GAIA
2016,2016-12-31,2017-02-28,87066000.0,17247000.0,-16575000.0,4.39,14405000.0,0.8352177190235983,107196000.0,97537000.0,55884000.0,9106000.0,9659000.0,0.0,-969000.0,117675500.0,4.913702770780857,6.13705249286185,0.0,0.0,-0.10825030642985582,4.913702770780857,0.8926458677219927,9.955499507160665,1.9720958812854619,1.7603832391810288,0.0,0.0,0.0,0.16089219747005484,5.993960026356248,0.8122131422814284,-7.813182562795777,0.8352177190235983,10.145833333333332,5.07828802055947,-0.926872703468412,-0.11299437766701984,-0.8300675954653234,8.437724243977447,-4.9643625926811765,5.42860871090138,-0.8716118870144792,0.112839932667973,Entertainment,Communication Services,2.3199,48418863,29696,GAIA
2015,2015-12-31,2016-03-15,-11706000.0,188018000.0,4181000.0,-0.48,84769000.0,0.4508557691284877,128542000.0,83940000.0,72917000.0,39749000.0,39749000.0,17303000.0,-88035000.0,139170400.0,3.4247246022031823,1.8344360864424263,0.0,0.0,0.02352469347823172,3.4247246022031823,-0.1394567548248749,0.8134455211735047,-13.065299846232701,1.8220443173695497,0.0,5.967115529099,0.0,1.462697017317297,1.025711338650029,-0.09106751100807518,-129.72213740458017,0.4508557691284877,-0.17073170731707318,-3.5947977409864933,-0.35038596472186995,-0.47677224097162196,0.12269386133368651,-0.18051633723275515,1.8220605583955958,0.15828481364696823,-0.13986234827888994,-0.3301555676222165,Entertainment,Communication Services,2.3199,48418863,29696,GAIA
2014,2014-12-31,2015-03-16,-9916000.0,166694000.0,-5086000.0,-0.41,75505000.0,0.4529557152626969,138632000.0,94789000.0,78772000.0,39073000.0,39073000.0,20154000.0,-76329000.0,156973640.0,3.912374112596995,2.0160212934763138,0.0,0.0,-0.07089494581164743,3.912374112596995,-0.1046112945594953,1.0363038861626692,-17.42089955627269,1.8224228549726234,-0.015127067365873336,4.524610499156495,0.0008683287172978722,1.202420797507069,1.1782560847644152,-0.07152749725893012,-11.86521327014218,0.4529557152626969,0.5834585970464135,-33.22515271586594,-0.4241795936251107,-0.4026389301158564,0.15613707355913517,0.5641701828410689,0.7649831338662724,0.6194525944770526,-0.4209329293535367,-0.293750966139114,Entertainment,Communication Services,2.3199,48418863,29696,GAIA
2013,2013-12-31,2014-03-31,-22752000.0,155463000.0,-21641000.0,-0.9842959117456197,65308000.0,0.42008709467847655,140002000.0,101432000.0,95252000.0,34712000.0,34712000.0,20275000.0,-66413000.0,119845640.0,4.415462301932788,2.7440654528693247,0.0,0.0,0.7297488024585284,4.415462301932788,-0.22430791071851092,0.9782047175212109,-6.684011954992968,1.4992767568420222,0.0,4.446609124537608,0.0,1.1104341366551906,1.794624337404932,-0.16251196411479835,-5.736500943040362,0.42008709467847655,-0.7268349328870523,0.320163202896211,-0.35654387197775267,-0.29648601528096724,-0.4375043064838421,-0.7661853749417792,-37.679661016949154,-6.380951455776827,-0.4269038134619037,-0.32540781707576527,Entertainment,Communication Services,2.3199,48418863,29696,GAIA
2012,2012-12-31,2013-03-18,-12882000.0,202475000.0,590000.0,-0.57,116104000.0,0.5734238794912953,193862000.0,116074000.0,126408000.0,74990000.0,74990000.0,29840000.0,-43661000.0,78114480.0,5.11271638109501,1.6856647553007067,0.08372450506030063,0.1398332098488895,0.003072857036455133,5.11271638109501,-0.11098092596102486,0.35432265711816274,-5.569125912125447,0.6180667505212193,-0.04525694767893184,2.894470509383378,0.008126400514737082,1.044428511002672,0.8995199359914655,-0.06644932993572748,5.665888485231401,0.5734238794912953,0.4722222222222223,-2.6616363469991677,-0.1533460795728307,-0.3631174206794137,-0.006477781295727403,0.4820681891283371,1.0188576725157414,-45.676184597582655,-0.2535979782553606,-0.219364600744228,Entertainment,Communication Services,2.3199,48418863,29696,GAIA
2011,2011-12-31,2012-03-15,-24872000.0,274773000.0,-31287000.0,-1.08,116861000.0,0.4253001568567508,163290000.0,128110000.0,94333000.0,32116000.0,32116000.0,29205000.0,-30779000.0,60383240.0,5.539652339358298,2.937258687258687,0.0,0.0,-0.17177706534063122,5.539652339358298,-0.194145656076809,0.2726914216462316,-3.012553875844323,0.5848742486925299,0.0,5.4070193460023965,0.0,1.6827301120705493,1.9250529331174493,-0.15231796190826138,-127.64606473594549,0.4253001568567508,-7.0,-5.639853971032141,0.3181344549721598,-0.382976703242202,-0.13965250680998306,-6.818011695906433,-6.09228515625,0.26176593058964137,0.12970288775903027,-0.11736923005454493,Entertainment,Communication Services,2.3199,48418863,29696,GAIA
2010,2010-12-31,2011-03-11,4275000.0,274268000.0,6144000.0,0.18,135830000.0,0.4952455262735718,207797000.0,152023000.0,133677000.0,38671000.0,38671000.0,33218000.0,-5704000.0,150067200.0,6.54538017738741,3.4567763957487525,0.0,0.0,0.027553909446532313,6.54538017738741,0.028120744887286792,0.6520636749456735,41.833964912280706,1.1764022549219526,1.6294736842105264,4.167559756758384,0.03895097410984778,1.3198843101680968,2.5372501357606474,0.02057296303603998,-13.098967259942869,0.4952455262735718,16.999999999999996,1.3613809580528942,0.4204339806711114,0.045689244080497175,-0.05741032455951646,13.442567567567568,8.866837387964148,-0.46098899140645755,0.12103322186520181,-0.18465287348571496,Entertainment,Communication Services,2.3199,48418863,29696,GAIA
2009,2009-12-31,2010-03-16,296000.0,278473000.0,-781000.0,0.01,144103000.0,0.5174756619133632,212213000.0,152641000.0,139232000.0,44322000.0,44322000.0,26872000.0,-9979000.0,130898140.0,6.549429331502617,3.1413744867108884,0.0,0.0,-0.000481691114766176,6.549429331502617,0.0019391906499564336,0.6435925206393438,605.4835810810811,1.1741480991345707,0.0,5.000372134563858,0.0,1.312233463548416,2.363837371959749,0.0013948250107203612,8.70099718419264,0.5174756619133632,1.0068493150684932,1.0402103265895621,0.8152080784206516,0.4495496383170717,-0.0344534155248082,1.0083092384133847,0.991238796091673,-0.9452078813636685,0.32556652926600227,-0.2705046760255564,Entertainment,Communication Services,2.3199,48418863,29696,GAIA
2008,2008-12-31,2009-03-13,-35623000.0,257172000.0,-89143000.0,-1.46,149245000.0,0.5803314513244054,202098000.0,153468000.0,129232000.0,33452000.0,33452000.0,35736000.0,-10275000.0,81003240.0,6.276296417470964,3.8632069831400213,0.0,0.0,-0.5013893755127499,6.276296417470964,-0.23212005108556832,0.4392711492697494,-3.1712163489880134,0.7361029009304871,0.0,3.0201197671815536,0.0,1.272511355876852,2.2132906851608274,-0.17626596997496263,-2.305521337170146,0.5803314513244054,-5.294117647058823,-20.879445449017325,0.5048238831759944,0.31822816785229846,-0.11363123448431506,-5.179141248240263,-9.527982397397876,-19.690480359418576,0.26511390924789896,0.002700451088234517,Entertainment,Communication Services,2.3199,48418863,29696,GAIA
TTM,,,,,,,,,,,,,,,,59689863.0,4.222846441947565,0.5981622510636776,0.16071350722952846,0.25150946614361247,-0.022945118182548303,4.222846441947565,-0.07348652812221287,0.6063651425780516,-7.35264608126617,0.5493687804878049,0.0,0.0,0.0,0.5801860059580033,0.5129607780042189,-0.04774395117343602,-7.460533590138676,0.8649609898435837,,,,,,,,,,,Entertainment,Communication Services,2.3199,48418863,29696,GAIA
