Quarters,Year,Quarter,FillingDate,Date,NetIncome,Revenue,OperatingIncome,EPSDiluted,GrossProfit,GrossProfitRatio,TotalAssets,CommonStockEquity,CurrentAssets,CurrentLiability,TotalLiability,Inventory,RetainedEarnings,MarketCap,EnterpriseValue,bookValuePerShare,currentRatio,debtToAssets,debtToEquity,roic,shareholdersEquityPerShare,roe,priceToSalesRatio,peRatio,pbRatio,payoutRatio,inventoryTurnover,dividendYield,assetTurnover,quickRatio,returnOnAssets,priceToFreeCashFlowsRatio,grossProfitMargin,epsdilutedGrowth,fiveYNetIncomeGrowthPerShare,fiveYRevenueGrowthPerShare,fiveYShareholdersEquityGrowthPerShare,grossProfitGrowth,netIncomeGrowth,operatingIncomeGrowth,threeYNetIncomeGrowthPerShare,threeYRevenueGrowthPerShare,threeYShareholdersEquityGrowthPerShare,Industry,Sector,Symbol
2023Q1,2023,Q1,2023-05-03,2023-03-31,-45961000.0,33445000.0,-53257000.0,-0.56,32957000.0,0.9854088803,549019000.0,440084000.0,476159000.0,83913000.0,108935000.0,25528000.0,-1282972000.0,1277353840.8,1191039840.8,5.322955615604236,5.674436618879077,0.051588378544276246,0.06435816798611174,-0.09933111380292298,5.322955615604236,-0.10443688023195571,38.19266978023621,-6.948031161201889,2.9025227929213515,0.0,0.019116264493889062,0.0,0.06091774601607595,5.017959076662734,-0.0837147712556396,-25.641952038542605,0.9854088802511586,0.06666666666666654,0.15448131187267902,0.0,0.05411512992113766,-0.0043202416918429005,-0.0005660171982148688,-0.12925934564576663,0.5909895146381514,348.50840130477667,-0.5758529830366089,Drug Manufacturers—Specialty & Generic,Healthcare,DCPH
2022Q4,2022,Q4,2023-02-07,2022-12-31,-45935000.0,36345000.0,-47161000.0,-0.6,33100000.0,0.9107167423,454039000.0,341691000.0,392958000.0,86469000.0,112348000.0,20561000.0,-1233363000.0,1252864597.27,1217237597.27,4.470008572517033,4.544495715227423,0.064122245005385,0.08520563901302639,-0.11975126051784189,4.470008572517033,-0.13443432809175543,34.471443039482736,-6.818681818166975,3.666659634786986,0.0,0.15782306308058947,0.0,0.08004818969295589,4.012015866958101,-0.10116972330570721,-35.36568049652797,0.9107167423304443,-0.19999999999999996,0.016346139994599176,0.0,-0.2080588445410221,0.014403922770456636,-0.16684024690730814,-0.050801007107684766,0.541726230622317,0.0,-0.5807012746098948,Drug Manufacturers—Specialty & Generic,Healthcare,DCPH
2022Q3,2022,Q3,2022-11-03,2022-09-30,-39367000.0,35974000.0,-44881000.0,-0.5,32630000.0,0.9070439762,475952000.0,373776000.0,420879000.0,75468000.0,102176000.0,19129000.0,-1187428000.0,1446822969.5,1394162969.5,4.7793380017941445,5.576920019080935,0.06277523783910982,0.07993557638799709,-0.09468281313201857,4.7793380017941445,-0.1053224391079149,40.21857367821204,-9.188044361394061,3.870828971094987,0.0,0.17481311098332375,0.0,0.075583252092648,5.139330577198283,-0.08271212223081319,-67.60539084622214,0.907043976205037,0.13793103448275856,0.9139547451798334,0.0,1.0585014738753906,0.06303958299397296,0.053837094719638524,-0.024961176578057916,0.6076332997064233,0.0,-0.6542800210777688,Drug Manufacturers—Specialty & Generic,Healthcare,DCPH
2022Q2,2022,Q2,2022-08-04,2022-06-30,-41607000.0,32494000.0,-43788000.0,-0.58,30695000.0,0.9446359328,507037000.0,405011000.0,448531000.0,74545000.0,102026000.0,20889000.0,-1144385000.0,948554578.2,869439578.2,5.6147477144715765,6.016915956804614,0.060317097174367944,0.0755115293164877,-0.09075834303195568,5.6147477144715765,-0.10273054312105104,29.19168394780575,-5.699489137645108,2.3420464584912506,0.0,0.08612188233041314,0.0,0.06408605289160357,5.495982292574955,-0.0820591002234551,-20.705825635764338,0.9446359327875915,0.26582278481012667,-0.6652834037174423,0.0,0.969417670357918,0.06428348531604314,0.09763820512264416,0.08153120083901416,-0.026754821063087214,-0.3116754921049919,-0.03765746399305448,Drug Manufacturers—Specialty & Generic,Healthcare,DCPH
2022Q1,2022,Q1,2022-05-04,2022-03-31,-46109000.0,29223000.0,-47675000.0,-0.79,28841000.0,0.9869281046,385464000.0,271565000.0,319835000.0,86670000.0,113899000.0,19627000.0,-1101324000.0,543374565.66,478202565.65999997,4.632913848189189,3.690261913003346,0.07824336384201896,0.11105996722699907,-0.14125050999497363,4.632913848189189,-0.16978992138162136,18.59407198644903,-2.946141564878874,2.0009005787196434,0.0,0.019462984663983288,0.0,0.07581252723989788,3.2272297219337718,-0.11961947159786647,-10.581371040271069,0.9869281045751634,0.4768211920529801,-1.1325044947908047,0.0,0.0,0.2178962037076137,0.47841087770500335,0.4606229281924221,0.3660233107574114,0.0,-0.2627935971432146,Drug Manufacturers—Specialty & Generic,Healthcare,DCPH
2021Q4,2021,Q4,2022-02-08,2021-12-31,-88401000.0,24199000.0,-88389000.0,-1.51,23681000.0,0.9785941568,429484000.0,304720000.0,339014000.0,96773000.0,124764000.0,14125000.0,-1054432000.0,571418390.5699999,515216390.56999993,5.210043024744575,3.5031878726504293,0.07185599463542297,0.10127658177999475,-0.24122507679997696,5.210043024744575,-0.2901056707797322,23.613305945286992,-1.6159839554134003,1.8752244374179576,0.0,0.03667256637168142,0.0,0.056344357414944445,3.1644053609994525,-0.20583071779158246,-8.649074281714016,0.9785941567833382,-0.10218978102189773,-2.691457436540375,0.0,1.7790768275372606,0.0617854100345245,-0.10725469074876626,-0.10946678716674198,-0.7625982308710015,0.0,-0.29909746967552714,Drug Manufacturers—Specialty & Generic,Healthcare,DCPH
2021Q3,2021,Q3,2021-11-02,2021-09-30,-79838000.0,23220000.0,-79668000.0,-1.37,22303000.0,0.9605081826012059,483418000.0,380457000.0,385294000.0,75789000.0,102961000.0,7253000.0,-966037000.0,1974496621.7799997,1951141621.7799997,6.547455547604598,5.083772051353098,0.061714706527270395,0.07841622049272322,-0.18101221243964782,6.547455547604598,-0.20984763061265793,85.0343075701981,-6.182822157932312,5.189802321366146,0.0,0.126430442575486,0.0,0.048032965259878616,4.754238741769914,-0.16515313869156714,-32.903341528437394,0.9605081826012059,-0.1322314049586778,-3.708036970253716,0.0,0.0,0.00022423535743115974,-0.13353115727002968,-0.1298181921320589,-1.1172841206466693,0.0,-0.20308495847954222,Drug Manufacturers—Specialty & Generic,Healthcare,DCPH
2021Q2,2021,Q2,2021-08-03,2021-06-30,-70433000.0,23573000.0,-70514000.0,-1.21,22298000.0,0.945912696729309,540566000.0,446656000.0,437143000.0,66054000.0,93910000.0,8206000.0,-886199000.0,2122907547.95,2062420547.95,7.702679363399736,6.61796408998698,0.05634834599290373,0.06819565840378278,-0.13892303812631016,7.702679363399736,-0.15768958661699384,90.05674067577313,-7.535202064195761,4.7528915943141925,0.0,0.15537411650012187,0.0,0.04360799606338542,6.266993671844249,-0.13029491310959254,-40.514275996679324,0.945912696729309,-0.14150943396226406,-2.5067366907311315,0.0,1.7017763965212105,-0.10571909841982835,-0.14902606936604784,-0.14668097700588675,-0.8797577056863419,0.0,-0.2190860779996223,Drug Manufacturers—Specialty & Generic,Healthcare,DCPH
2021Q1,2021,Q1,2021-05-04,2021-03-31,-61298000.0,25156000.0,-61494000.0,-1.06,24934000.0,0.9911750675783113,595246000.0,503013000.0,546632000.0,63789000.0,92233000.0,7090000.0,-815766000.0,2589383013.1200004,2418719013.1200004,8.710608977396086,8.569377165341987,0.052052428743746285,0.06159681757727931,-0.1088425982466667,8.710608977396086,-0.12186166162703549,102.93301848942599,-10.560634168814644,5.147745710587997,0.0,0.031311706629055004,0.0,0.04226151876703078,8.214519744783583,-0.10297927243526206,-37.90135998946121,0.9911750675783113,0.04727139177558167,-1.8776597199196698,0.0,0.0,0.28797975102019735,0.022983742429072362,0.023889268083620376,-0.6144778471940833,0.0,0.724978635362491,Drug Manufacturers—Specialty & Generic,Healthcare,DCPH
2020Q4,2020,Q4,2021-02-09,2020-12-31,-62740000.0,19486000.0,-62999000.0,-1.1125938602552319,19359000.0,0.9934825002565945,642432000.0,543676000.0,584031000.0,69992000.0,98756000.0,5716000.0,-754468000.0,3218219988.36,3113543988.36,9.641226961557594,8.34425362898617,0.048598139569635386,0.05742574621649659,-0.10393850702338489,9.641226961557594,-0.11539961300480434,165.15549565636869,-12.82363718664329,5.919371074610614,0.0,0.022218334499650105,0.0,0.030331614863518628,8.084152474568523,-0.09766014146244271,-64.93845571572703,0.9934825002565945,0.015403663490945145,-1.717296293274342,0.0,2.441688001251244,0.2604336219805977,0.015086105398659361,0.015594480991296468,-0.821211661967893,0.0,0.7081140441032292,Drug Manufacturers—Specialty & Generic,Healthcare,DCPH
2020Q3,2020,Q3,2020-11-05,2020-09-30,-63701000.0,15449000.0,-63997000.0,-1.13,15359000.0,0.9941743802187843,659668000.0,569086000.0,571458000.0,61188000.0,90582000.0,4596000.0,-691728000.0,2892845372.3999996,2813095372.3999996,10.09183279498261,9.339380270641302,0.04760576532437529,0.05518322362525172,-0.10127806245984294,10.09183279498261,-0.11193563011565914,187.25130250501647,-11.353218051521953,5.083318465750343,0.0,0.0195822454308094,0.0,0.023419356403524196,9.105363796822907,-0.09656524190956663,-57.200248594139275,0.9941743802187843,0.05833333333333339,-2.870808006771032,0.0,0.0,1.1687376447331261,0.05264645082613287,0.07159229385481344,0.8069024933219296,0.0,1.1235290520128218,Drug Manufacturers—Specialty & Generic,Healthcare,DCPH
2020Q2,2020,Q2,2020-08-04,2020-06-30,-67241000.0,7090000.0,-68932000.0,-1.2,7082000.0,0.9988716502115655,686305000.0,619684000.0,633086000.0,51339000.0,66621000.0,1389000.0,-628027000.0,3339549685.84,3200809685.84,11.081592418557312,12.331482888252596,0.024341947093493417,0.026958901633735904,-0.10554650464862746,11.081592418557312,-0.10850853015407853,471.0225226854725,-12.416344513912643,5.38911717236527,0.0,0.005759539236861051,0.0,0.010330683879616206,12.032178266035567,-0.0979753899505322,-52.32107673497525,0.9988716502115655,0.11764705882352951,-2.471557604617445,0.0,2.886957176822159,0.0,0.07644869312016701,0.08410618904626505,-2.471557604617445,0.0,2.886957176822159,Drug Manufacturers—Specialty & Generic,Healthcare,DCPH
2020Q1,2020,Q1,2020-05-05,2020-03-31,-72807000.0,62000.0,-75262000.0,-1.36,0.0,0.0,732927000.0,672260000.0,703479000.0,45072000.0,60667000.0,0.0,-560786000.0,2205371257.78,1992815257.7800002,12.549789112541774,15.607894036208732,0.023325651804340677,0.025430636955939667,-0.10653519276610442,12.549789112541774,-0.10830184749947937,35570.50415774194,-7.57266216771739,3.280533213012822,0.0,0.0,0.0,8.459232638448304e-05,15.342119275825347,-0.09933731463024285,-27.213702757684572,0.0,-0.038167938931297746,-2.68464894603913,0.0,0.0,0.0,-0.08317960009521543,-0.06947266707401986,-2.68464894603913,0.0,0.0,Drug Manufacturers—Specialty & Generic,Healthcare,DCPH
2019Q4,2019,Q4,2020-03-09,2019-12-31,-67216000.0,0.0,-70373000.0,-1.31,0.0,0.0,622409000.0,546467000.0,593408000.0,60038000.0,75942000.0,0.0,-487979000.0,3190426258.88,3087757258.88,10.660677702652798,9.883873546753723,0.02835916575756456,0.03230021208965958,-0.12096381897282255,10.660677702652798,-0.12300102293459624,0.0,-11.866319994049036,5.838277990949134,0.0,0.0,0.0,0.0,9.65348612545388,-0.10799329701209333,-55.429762307237915,0.0,-0.02343750000000002,-2.2025349235865668,0.0,2.5941302067053726,0.0,-0.19609936650295395,-0.2059876955769198,-2.2025349235865668,0.0,2.5941302067053726,Drug Manufacturers—Specialty & Generic,Healthcare,DCPH
2019Q3,2019,Q3,2019-11-04,2019-09-30,-56196000.0,0.0,-58353000.0,-1.28,0.0,0.0,649601000.0,605553000.0,642295000.0,42256000.0,44048000.0,0.0,-420763000.0,1486691061.52,1314655061.52,13.824303752110447,15.200089928057555,0.002580045289339148,0.0027677181022965785,-0.09601465073689719,13.824303752110447,-0.09280112558273182,0.0,-6.6138651395117085,2.4550965175963126,0.0,0.0,0.0,0.0,15.017867285119273,-0.08650848751772242,-56.83721609970562,0.0,-1.2857142857142856,-3.3960208895291255,0.0,0.0,0.0,-1.6186393289841565,-1.539847660500544,-3.3960208895291255,0.0,0.0,Drug Manufacturers—Specialty & Generic,Healthcare,DCPH
2019Q2,2019,Q2,2019-08-02,2019-06-30,-21460000.0,25000000.0,-22975000.0,-0.56,0.0,0.0,260007000.0,222878000.0,256426000.0,35335000.0,37129000.0,0.0,-364567000.0,916806912.0,861247912.0,5.834458630259541,7.256997311447574,0.006453672401127662,0.007528782562657597,-0.10209613701101616,5.834458630259541,-0.09628586042588322,36.67227648,-10.680416029822926,4.113492188551585,0.0,0.0,0.0,0.09615125746614514,7.086910994764398,-0.08253623940893899,-24.46841154020657,0.0,0.5486688147881886,-0.6218900262803069,0.0,1.046483031426249,0.0,0.5471045078507513,0.5313615502294747,-0.6218900262803069,0.0,1.046483031426249,Drug Manufacturers—Specialty & Generic,Healthcare,DCPH
2019Q1,2019,Q1,2019-05-09,2019-03-31,-47384000.0,0.0,-49025000.0,-1.240774,0.0,0.0,269688000.0,239996000.0,266445000.0,27891000.0,29692000.0,0.0,-343107000.0,906989985.0,826702985.0,6.284418895761015,9.553081639238464,0.007197205659873631,0.008087634793913232,-0.20206912185973663,6.284418895761015,-0.1974366239437324,0.0,-4.785317749662334,3.7791879239653996,0.0,0.0,0.0,0.0,9.405973253020688,-0.17569932662929014,-27.44545601718764,0.0,-0.44276046511627914,-2.363695433878659,0.0,0.0,0.0,-0.4670423232917428,-0.4491575524682235,-2.363695433878659,0.0,0.0,Drug Manufacturers—Specialty & Generic,Healthcare,DCPH
2018Q4,2018,Q4,2019-03-14,2018-12-31,-32299000.0,0.0,-33830000.0,-0.86,0.0,0.0,315559000.0,279981000.0,301037000.0,22743000.0,35578000.0,0.0,-295723000.0,790600923.01,509477923.01,7.4333345926610646,13.236468363892186,0.04005906977775947,0.045149492286976615,-0.11129424382091595,7.4333345926610646,-0.11536139952353909,0.0,-6.119391645329577,2.82376633775149,0.0,0.0,0.0,0.0,12.91667765905993,-0.1023548686616449,-29.097233190165987,0.0,-0.323076923076923,-1.094327210754213,0.0,2.111533763726888,0.0,-0.32183343564559036,-0.30673258913051876,-1.094327210754213,0.0,2.111533763726888,Drug Manufacturers—Specialty & Generic,Healthcare,DCPH
2018Q3,2018,Q3,2018-11-08,2018-09-30,-24435000.0,0.0,-25889000.0,-0.65,0.0,0.0,345916000.0,309368000.0,325609000.0,17644000.0,36548000.0,0.0,-263424000.0,1338234674.96,1036238674.96,8.216001965670662,18.45437542507368,0.054576833682165614,0.0610244110573815,-0.07487022282632272,8.216001965670662,-0.07898360528561454,0.0,-13.691781000204625,4.325704904708955,0.0,0.0,0.0,0.0,18.18606891861256,-0.0706385365233178,-53.21435799904565,0.0,0.0,-1.223620781142858,0.0,0.0,0.0,-0.12655601659751037,-0.15426456819296447,-1.223620781142858,0.0,0.0,Drug Manufacturers—Specialty & Generic,Healthcare,DCPH
2018Q2,2018,Q2,2018-08-07,2018-06-30,-21690000.0,0.0,-22429000.0,-0.65,0.0,0.0,368156000.0,331097000.0,348748000.0,18915000.0,37059000.0,0.0,-238989000.0,1320873805.9,992630805.9000001,9.86367273830727,18.437642083002906,0.0496637295059703,0.055222487669776534,-0.06123507618550987,9.86367273830727,-0.06550950325735358,0.0,-15.224456038497005,3.989386209781424,0.0,0.0,0.0,0.0,18.32022204599524,-0.05891524245156944,-70.46915311032865,0.0,0.015151515151515164,-0.865525902685816,0.0,2.4597621074553,0.0,-0.012132524498366775,-0.02177577331328869,-0.865525902685816,0.0,2.4597621074553,Drug Manufacturers—Specialty & Generic,Healthcare,DCPH
2018Q1,2018,Q1,2018-05-08,2018-03-31,-21430000.0,0.0,-21951000.0,-0.66,0.0,0.0,182141000.0,164590000.0,181114000.0,16295000.0,17551000.0,0.0,-217299000.0,653185242.9599999,474747242.9599999,5.049690934615906,11.114697760049095,0.00787851170247226,0.008718634181906555,-0.13221502785725042,5.049690934615906,-0.13020232091864634,0.0,-7.61998650209986,3.9685597117686373,0.0,0.0,0.0,0.0,11.038539429272783,-0.11765610159162407,-38.77620913980409,0.0,-0.08035801727601447,-0.7824089224395123,0.0,0.0,0.0,-0.07623543591803937,-0.0793096666338873,-0.7824089224395123,0.0,0.0,Drug Manufacturers—Specialty & Generic,Healthcare,DCPH
2017Q4,2017,Q4,2018-03-28,2017-12-31,-19912000.0,0.0,-20338000.0,-0.6109085964522263,0.0,0.0,199095000.0,183973000.0,198182000.0,13815000.0,15122000.0,0.0,-195869000.0,738907657.58,543634657.58,5.644369586937797,14.345421643141513,0.007438659936211356,0.008050094307316834,-0.10966600882159458,5.644369586937797,-0.1082332733607649,0.0,-9.277165246836079,4.016391848695189,0.0,0.0,0.0,0.0,14.242055736518278,-0.10001255681960873,-57.355247813397504,0.0,0.8955711800936365,-0.4920266271182304,0.0,1.8440232701254673,0.0,-0.654095364678518,-0.6696494540678105,-0.4920266271182304,0.0,1.8440232701254673,Drug Manufacturers—Specialty & Generic,Healthcare,DCPH
2017Q3,2017,Q3,2017-11-14,2017-09-30,-12038000.0,0.0,-12181000.0,-5.85,0.0,0.0,87867000.0,-168110000.0,82745000.0,10080000.0,255977000.0,0.0,-175957000.0,39076672.5,-41544327.5,-81.69602721419025,8.208829365079366,0.01738991885463257,-0.009089286776515377,0.07312314655845169,-81.69602721419025,0.07160787579561002,0.0,-0.8115275066456221,-0.23244704360240317,0.0,0.0,0.0,0.0,8.14970238095238,-0.13700251516496523,-4.309293394353771,0.0,-15.889404713443101,-19.04587254057295,0.0,0.0,0.0,-0.13298823529411766,-0.13947614593077642,-19.04587254057295,0.0,0.0,Drug Manufacturers—Specialty & Generic,Healthcare,DCPH
2017Q2,2017,Q2,2017-06-30,2017-06-30,-10625000.0,0.0,-10690000.0,-0.346371,0.0,0.0,97060000.0,87454000.0,94572000.0,8202000.0,9606000.0,0.0,-163919000.0,541417103.5,449000103.5,2.8509684862587648,11.530358449158742,0.016227076035441993,0.01800946783451872,-0.12007323456401847,2.8509684862587648,-0.12149244174080087,0.0,-12.73922596470588,6.190878673359709,0.0,0.0,0.0,0.0,11.45964398927091,-0.10946837008036266,-70.25916214637944,0.0,0.06099947949424189,0.0,0.0,0.0,0.0,-0.37825917758464134,-0.38363965829666064,0.0,0.0,0.0,Drug Manufacturers—Specialty & Generic,Healthcare,DCPH
2017Q1,2017,Q1,2017-03-31,2017-03-31,-7709000.0,0.0,-7726000.0,-0.368872,0.0,0.0,,,,,,,,368864261.25,,,0.0,0.0,0.0,0.0,,0.0,0.0,-11.96213066707744,0.0,0.0,0.0,0.0,0.0,0.0,0.0,-49.50533636424641,0.0,0.09910115982236772,0.0,0.0,0.0,0.0,0.09910015192240271,0.09468010311694398,0.0,0.0,0.0,Drug Manufacturers—Specialty & Generic,Healthcare,DCPH
2016Q4,2016,Q4,2016-12-31,2016-12-31,-8557000.0,0.0,-8534000.0,-0.4094488565744725,0.0,0.0,58945000.0,-139760000.0,58252000.0,4557000.0,198705000.0,0.0,-145585000.0,368864261.25,313071261.25,-6.68745730920279,12.782971253017337,0.02829756552718636,-0.011934745277618775,0.061799380123395996,-6.68745730920279,0.06122638809387521,0.0,-10.776681700654434,-2.639269184673726,0.0,0.0,0.0,0.0,12.609392143954356,-0.1451692255492408,-52.42527874502558,0.0,-0.40301491107808346,0.0,0.0,0.0,0.0,-0.4030168880144286,-0.4066260095599143,0.0,0.0,0.0,Drug Manufacturers—Specialty & Generic,Healthcare,DCPH
2016Q3,2016,Q3,2016-09-30,2016-09-30,-6099000.0,0.0,-6067000.0,-0.291835,0.0,0.0,,,,,,,,368864261.25,,,0.0,0.0,0.0,0.0,,0.0,0.0,-15.119866422774225,0.0,0.0,0.0,0.0,0.0,0.0,0.0,-56.6698818943002,0.0,0.0,0.0,0.0,0.0,0.0,0.0,0.0,0.0,0.0,0.0,Drug Manufacturers—Specialty & Generic,Healthcare,DCPH
