Quarters,Year,Quarter,FillingDate,Date,NetIncome,Revenue,OperatingIncome,EPSDiluted,GrossProfit,GrossProfitRatio,TotalAssets,CommonStockEquity,CurrentAssets,CurrentLiability,TotalLiability,Inventory,RetainedEarnings,MarketCap,EnterpriseValue,bookValuePerShare,currentRatio,debtToAssets,debtToEquity,roic,shareholdersEquityPerShare,roe,priceToSalesRatio,peRatio,pbRatio,payoutRatio,inventoryTurnover,dividendYield,assetTurnover,quickRatio,returnOnAssets,priceToFreeCashFlowsRatio,grossProfitMargin,epsdilutedGrowth,fiveYNetIncomeGrowthPerShare,fiveYRevenueGrowthPerShare,fiveYShareholdersEquityGrowthPerShare,grossProfitGrowth,netIncomeGrowth,operatingIncomeGrowth,threeYNetIncomeGrowthPerShare,threeYRevenueGrowthPerShare,threeYShareholdersEquityGrowthPerShare,Industry,Sector,Symbol
2023Q1,2023,Q1,2023-05-11,2023-04-01,10564000.0,302796000.0,15098000.0,0.12,161870000.0,0.5345843406,1006515000.0,542561000.0,654886000.0,329799000.0,463954000.0,347002000.0,279115000.0,3461160000.0,3448986000.0,6.270279328317674,1.9857125097407815,0.15465939404777873,0.28691151778325386,0.01439245447026374,6.270279328317674,0.019470621736542067,11.430666191098958,81.90931465354032,6.379301129273943,0.0,0.40612446037774996,0.0,0.30083605311396255,0.798738019217766,0.01049562102899609,-57.748560941019434,0.5345843406121613,1.375,4.131615869875023,1.164119681437379,0.0,-0.030921663124494868,1.3808493763068714,1.3451602578757258,0.25008820251559233,0.7421353286331133,3.135668523231244,Leisure,Consumer Cyclical,YETI
2022Q4,2022,Q4,2023-02-27,2022-12-31,-27738000.0,447996000.0,-43742000.0,-0.32,167035000.0,0.3728493112,1076765000.0,526477000.0,718920000.0,409040000.0,550288000.0,371412000.0,268551000.0,3566829330.0,3496165330.0,6.097506456805995,1.7575787209074907,0.15237958143141725,0.3116508413472953,-0.04155757354000278,6.097506456805995,-0.05268606225913003,7.961743698604452,-32.14749918883842,6.774900574953892,0.0,0.7564672116140566,0.0,0.4160573569906154,0.7681082534715431,-0.025760495558455186,22.774361048679573,0.3728493111545639,-1.6153846153846154,-7.761961956270184,1.1475110824918435,7.690725741925138,-0.24896698395284322,-1.6093585237258348,-1.6388771232856705,-6.845907805261482,0.5044461891428126,3.3126095624297864,Leisure,Consumer Cyclical,YETI
2022Q3,2022,Q3,2022-11-10,2022-10-01,45520000.0,433556000.0,68467000.0,0.52,222407000.0,0.5129833286,983226000.0,550661000.0,644668000.0,275631000.0,432565000.0,439443000.0,296289000.0,2458652160.0,2549400160.0,6.387585838901262,2.3388806048666515,0.1713858258426852,0.3060158609380363,0.06646907914198928,6.387585838901262,0.08266428891822737,5.670898707433411,13.503142355008787,4.464910643753598,0.0,0.48049235054375655,0.0,0.4409525378702353,0.6227927918122417,0.04629657881300942,-393.8254300816915,0.5129833285665519,-0.018867924528301903,2.918725203426259,1.298387134702327,0.0,0.0150981976184282,-0.015826342644642395,0.299578619694784,1.1140096095343823,0.8719653553126283,5.2003785371123845,Leisure,Consumer Cyclical,YETI
2022Q2,2022,Q2,2022-08-11,2022-07-02,46252000.0,420042000.0,52684000.0,0.53,219099000.0,0.5216121245,1055358000.0,499861000.0,717025000.0,391408000.0,555497000.0,490013000.0,250769000.0,3842097350.0000005,3926028350.0000005,5.801206986595486,1.831911969096186,0.16669698813104178,0.35194784149993696,0.05323287094378043,5.801206986595486,0.09252972326306713,9.146936139719363,20.7671957428868,7.686331500157044,0.0,0.41007687551146604,0.0,0.3980090168454686,0.47583340146343456,0.043825886571191956,-2223.4359664351855,0.5216121245018356,0.8275862068965519,1.3851583440739448,0.9766985159030873,9.54308949350754,0.41481983727237504,0.8025644023539499,0.5825773505557225,1.0429099080064081,0.7798126864558401,6.672139781481212,Leisure,Consumer Cyclical,YETI
2022Q1,2022,Q1,2022-05-11,2022-04-02,25659000.0,293628000.0,33290000.0,0.29,154860000.0,0.5274020189,969529000.0,446367000.0,635942000.0,350067000.0,523162000.0,413037000.0,204517000.0,5360026800.0,5440417800.0,5.109044501419284,1.816629388088566,0.1864008193669297,0.40487087979174086,0.03684018779750958,5.109044501419284,0.057484088205445295,18.25448118026891,52.22365251958377,12.008116191385117,0.0,0.3359699010016052,0.0,0.30285633539584683,0.5236768961370252,0.026465428058366484,-51.21321982400321,0.5274020188810331,-0.6463414634146342,8.53336673536767,1.0784419461740373,0.0,-0.39225066618526033,-0.6479329317654807,-0.642189213009738,10.410899509997694,0.8214484649838936,11.127121052169322,Leisure,Consumer Cyclical,YETI
2021Q4,2021,Q4,2022-02-28,2022-01-01,72881000.0,443125000.0,93038000.0,0.82,254809000.0,0.5750273625,1096364000.0,517823000.0,770167000.0,403713000.0,578541000.0,318864000.0,178858000.0,7261954590.0,7136173590.0,5.906299544899798,1.9077091894489402,0.1700238242043701,0.3599840099802442,0.09545038140529678,5.906299544899798,0.14074500360161676,16.388049850493655,24.91031472537424,14.024009342960818,0.0,0.5905840734607858,0.0,0.40417689745376534,1.0446009912982739,0.06647518524869478,130.90971445568115,0.5750273624823695,0.36666666666666664,16.49738584703542,1.0919379405275473,7.480916532769346,0.23094351289594836,0.3759699435497574,0.3536934918302318,1.7542723633347104,0.7476130722040637,16.001074579692933,Leisure,Consumer Cyclical,YETI
2021Q3,2021,Q3,2021-11-12,2021-10-02,52967000.0,362643000.0,68729000.0,0.6,207003000.0,0.5708175809266965,945508000.0,439640000.0,632198000.0,329875000.0,505868000.0,265974000.0,105977000.0,7525485480.0,7457490480.0,5.022964604803144,1.916477453580902,0.20234836722692986,0.4351787826403421,0.07846613941937705,5.022964604803144,0.12047811846055864,20.75177372788114,35.51968905167369,17.117381220999,0.0,0.5851699790205057,0.0,0.3835430266058034,1.0385267146646457,0.05601962119833994,228.68255378631335,0.5708175809266965,-0.04761904761904766,3.491158897118861,0.8935107206774207,0.0,-0.010109173333588375,-0.05804627340790667,-0.051032102174663446,1.9723929494672157,0.7672470627407701,12.307033425493842,Leisure,Consumer Cyclical,YETI
2021Q2,2021,Q2,2021-08-12,2021-07-03,56231000.0,357667000.0,72425000.0,0.63,209117000.0,0.5846695389845862,863975000.0,384094000.0,561161000.0,304005000.0,479881000.0,221663000.0,53010000.0,8111805030.0,8072289030.0,4.398341864486356,1.845893982006875,0.22484099655661333,0.5057537998510782,0.09003103145863271,4.398341864486356,0.14639905856378907,22.679769254641887,36.064648636872896,21.119322431488126,0.0,0.6701614613174053,0.0,0.41397841372724903,1.038357921744708,0.0650840591452299,170.10873275175103,0.5846695389845862,0.8000000000000002,1.8611778711758713,0.6607679000785508,7.47717419119351,0.4403584417015649,0.8422501064770829,0.8084096981198032,1.8611778711758713,0.6607679000785508,7.47717419119351,Leisure,Consumer Cyclical,YETI
2021Q1,2021,Q1,2021-05-13,2021-04-03,30523000.0,247554000.0,40049000.0,0.35,145184000.0,0.5864740622248075,733252000.0,321275000.0,465736000.0,253011000.0,411977000.0,183921000.0,-3221000.0,6432066620.0,6412792620.0,3.6852338292478692,1.840773721300655,0.23323359499871804,0.5323134386429071,0.05873160826040603,3.6852338292478692,0.09500583612170259,25.98247905507485,52.6821300330898,20.020439249863824,0.0,0.5565976696516439,0.0,0.3376110805016556,1.017125737616151,0.041626889527747624,-116.30592589913748,0.5864740622248075,-0.5070422535211268,1.7669039875614225,0.24193856811023892,2.6036015207796592,-0.35429008557043995,-0.5108023207359682,-0.5081546434799695,9.98084313921975,0.7561066629110185,0.0,Leisure,Consumer Cyclical,YETI
2020Q4,2020,Q4,2021-03-01,2021-01-02,62394000.0,375768000.0,81426000.0,0.71,224844000.0,0.5983585616657087,737067000.0,288418000.0,476497000.0,287759000.0,448649000.0,140111000.0,-33744000.0,5963873940.0,5852551940.0,3.3112672498909324,1.655889129445126,0.19260257208639106,0.4922057569222448,0.13170997281198615,3.3112672498909324,0.21633185168748137,15.871159704924315,23.89602341571305,20.67788397395447,0.0,1.0771745259115986,0.0,0.5098152542441867,1.1075240044620671,0.08465173450988851,49.425052334977,0.5983585616657087,0.2241379310344828,14.077849872330928,0.7855831446366538,4.633416575149322,0.2923851565733205,0.21282923510545243,0.1613703788224555,14.077849872330928,0.7855831446366538,4.633416575149322,Leisure,Consumer Cyclical,YETI
2020Q3,2020,Q3,2020-11-05,2020-09-26,51445000.0,294603000.0,70112000.0,0.58,173976000.0,0.590543884481828,712572000.0,222633000.0,454703000.0,219552000.0,489939000.0,134632000.0,-96138000.0,3932976080.0,3943230080.0,2.558059104697123,2.0710492275178547,0.3439189302975699,1.100766732694614,0.10313389899709696,2.558059104697123,0.2310753572022117,13.350088356194608,19.112528331227523,17.665737244703163,0.0,0.8959756967140056,0.0,0.41343611592933766,1.3937563766214838,0.07219621315460052,24.368485464323776,0.590543884481828,0.5263157894736841,3.3868656510573896,0.5469766274172506,0.0,0.2650499909107435,0.5364972223881489,0.506715664152322,3.3868656510573896,0.5469766274172506,0.0,Leisure,Consumer Cyclical,YETI
2020Q2,2020,Q2,2020-08-06,2020-06-27,33482000.0,246938000.0,46533000.0,0.38,137525000.0,0.5569211704962379,627452000.0,169029000.0,367414000.0,131166000.0,458423000.0,138782000.0,-147583000.0,3611362980.0,3780915980.0,1.9442699886124435,2.801137489898297,0.47337485576585936,1.7572132592632033,0.06772672884038981,1.9442699886124435,0.198084352389235,14.624573698661202,26.964958634490173,21.365345473261986,0.0,0.7883803375077459,0.0,0.3935567979702033,1.6265876827836483,0.053361850786992474,58.81028188968684,0.5569211704962379,2.8000000000000003,0.7112928420438357,0.151759724262292,3.8632097683528497,0.48743213134612473,2.9483490566037736,1.8791609949263706,0.7112928420438357,0.151759724262292,3.8632097683528497,Leisure,Consumer Cyclical,YETI
2020Q1,2020,Q1,2020-05-07,2020-03-28,8480000.0,174412000.0,16162000.0,0.1,92458000.0,0.5301126069307158,666769000.0,131647000.0,400645000.0,150577000.0,535122000.0,202353000.0,-181065000.0,1817351900.0,2050344900.0,1.5161464931475297,2.6607317186555717,0.5267371458481123,2.6678313976011605,0.02301207267759284,1.5161464931475297,0.06441468472506019,10.419878792743619,53.57759139150943,13.804734631248717,0.0,0.4050051148240945,0.0,0.26157784780036264,1.1850216168471945,0.012718047779665821,121156.79333333333,0.5301126069307158,1.0,0.7609793160883535,2.2182054241072686,0.0,-0.43044587085884656,0.7882749894559258,0.3488566182607244,3.5051159298785253,0.24222248746620414,0.0,Leisure,Consumer Cyclical,YETI
2019Q4,2019,Q4,2020-02-18,2019-12-28,4742000.0,297602000.0,11982000.0,0.05,162334000.0,0.5454734847212048,629539000.0,122005000.0,360547000.0,170312000.0,507534000.0,185700000.0,-189545000.0,3018459179.9999995,3250612179.9999995,1.4138786200183102,2.116979425994645,0.4839541315152834,2.4971763452317526,0.017674298620900353,1.4138786200183102,0.0388672595385435,10.142603813146415,159.13428827498944,24.740454735461658,0.0,0.7284221863220248,0.0,0.4727300453188762,0.9112863450608295,0.007532496001042032,59.32039894662368,0.5454734847212048,-0.8,0.15670006806885123,0.42744293414404516,2.551433220436372,0.35192711282854194,-0.7773917941977279,-0.6476400529333921,0.15670006806885123,0.42744293414404516,2.551433220436372,Leisure,Consumer Cyclical,YETI
2019Q3,2019,Q3,2019-11-04,2019-09-28,21302000.0,229125000.0,34005000.0,0.25,120076000.0,0.524063284233497,559695000.0,87860000.0,331772000.0,201097000.0,471835000.0,209154000.0,-194287000.0,2396508500.0,2656783500.0,1.0301928826874598,1.6498107878287593,0.5267726172290266,3.355702253585249,0.06669154525610754,1.0301928826874598,0.2424539039380833,10.459393344244408,28.125393155572247,27.276445481447755,0.02985635151628955,0.5213813744896105,0.00026538608145975696,0.40937474874708546,0.5435933902544543,0.038060014829505356,317.334282309322,0.524063284233497,-0.03846153846153849,0.8536931836792226,0.227793627793119,0.0,0.03267198156127179,-0.04144354947576835,-0.028428571428571428,0.8536931836792226,0.227793627793119,0.0,Leisure,Consumer Cyclical,YETI
2019Q2,2019,Q2,2019-08-05,2019-06-29,22223000.0,231654000.0,35000000.0,0.26,116277000.0,0.5019425522546557,540436000.0,63952000.0,312995000.0,198166000.0,476484000.0,181354000.0,-215533000.0,2448504150.0,2715877150.0,0.7561393759532733,1.5794586356892706,0.5650918887712884,4.775394045534151,0.07174104344693116,0.7561393759532733,0.3474949962471854,10.56966057136937,27.544707622733203,38.28659228796597,0.0,0.636197712760678,0.0,0.4286427995174267,0.5746646750703955,0.04112050270522319,82.65271907912503,0.5019425522546557,7.666666666666667,0.1675298723287915,0.110621657517965,2.1135210953961767,0.5174416328448197,9.255191508998616,2.9845173041894353,0.1675298723287915,0.110621657517965,2.1135210953961767,Leisure,Consumer Cyclical,YETI
2019Q1,2019,Q1,2019-05-06,2019-03-30,2167000.0,155353000.0,8784000.0,0.03,76627000.0,0.49324441755228415,495786000.0,35471000.0,266374000.0,172502000.0,460315000.0,164299000.0,-237596000.0,2546929000.0,2845384000.0,0.4212907976625968,1.544179197922343,0.6403226392032046,8.949930929491698,0.01940050095167283,0.4212907976625968,0.061092159792506553,16.394462932804643,293.8312182741117,71.80313495531561,0.0,0.4791629894278115,0.0,0.3133468875684267,0.47539158966272854,0.004370837417756855,-51.083657587548636,0.49324441755228415,-0.9000000000000001,-0.5359170046500784,1.9562107103977433,0.0,-0.40054604624964796,-0.9139020223290556,-0.7663954044997606,1.0563758514566954,-0.1930061333140443,1.18332149196625,Leisure,Consumer Cyclical,YETI
2018Q4,2018,Q4,2019-03-20,2018-12-29,25169000.0,241179000.0,37602000.0,0.3,127828000.0,0.5300129779126707,514213000.0,28971000.0,297013000.0,187338000.0,485242000.0,145423000.0,-240104000.0,1235869440.0,1483832440.0,0.3474074251726784,1.5854391527613192,0.6378951912923244,11.322149735942839,0.08878449614314256,0.3474074251726784,0.8687653170411791,5.1242829599592,12.27571059636855,42.658846432639535,0.0,0.7794571697736947,0.0,0.46902548165837893,0.7439974804898098,0.04894664273365317,24.99837048424289,0.5300129779126707,0.4735280682538201,5.352816112147536,0.19702580267909425,1.381206288013731,0.3105053259654914,0.4779213153258955,0.3370075380457972,5.352816112147536,0.19702580267909425,1.381206288013731,Leisure,Consumer Cyclical,YETI
2018Q3,2018,Q3,2018-12-06,2018-09-30,17030000.0,196109000.0,28124000.0,0.203593,97541000.0,0.4973815582150743,502592000.0,-37159000.0,284641000.0,185961000.0,539751000.0,157669000.0,-265113000.0,1422006225.0,1757699225.0,-0.444233638991278,1.5306488995004328,0.7715860976696803,-10.436045103474259,0.06777271884324866,-0.444233638991278,-0.4583008154148389,7.251101300807204,20.875017982971226,-38.26815105358056,0.14251321197886083,0.6251577672212039,0.0017067435833482375,0.39019522793836753,0.6131124267991676,0.033884343562969564,54.89735648380496,0.4973815582150743,-0.09535129658923273,0.5109573241061129,0.07144652301236931,0.0,-0.03011832554439694,-0.09535192563081009,-0.15253420116916772,0.5109573241061129,0.07144652301236931,0.0,Leisure,Consumer Cyclical,YETI
2018Q2,2018,Q2,2018-06-30,2018-06-30,18825000.0,206288000.0,33186000.0,0.225052,100570000.0,0.4875222989218956,510397000.0,-56801000.0,297258000.0,172631000.0,567198000.0,149368000.0,-281834000.0,1422006225.0,1778527225.0,-0.6790525829097549,1.7219271162189873,0.8382945040821165,-7.532666678403549,0.06871907868633868,-0.6790525829097549,-0.331420221474974,6.8933055970293955,18.88454482071713,-25.03488010774458,0.0,0.7077687322585828,0.0,0.4041716546139574,0.7922736936008017,0.03688305377970482,29.214903747380532,0.4875222989218956,6.772784404258049,0.0,0.0,0.0,0.7585549668642572,6.772769089236431,9.22996300863132,0.0,0.0,0.0,Leisure,Consumer Cyclical,YETI
2018Q1,2018,Q1,2018-03-31,2018-03-31,-3261000.0,135257000.0,3244000.0,-0.038985,57189000.0,0.42281730335583373,,,,,,,,1422006225.0,,,0.0,0.0,0.0,0.0,,0.0,10.51336511234169,-109.01611660533578,0.0,-0.029438822447102116,0.0,6.751025298781656e-05,0.0,0.0,0.0,70.51503644748587,0.42281730335583373,-1.8121875,-1.702953222677301,1.590683598613266,0.0,-0.38587674366160885,-1.8205837946653247,-0.8640971931294512,-1.702953222677301,1.590683598613266,0.0,Leisure,Consumer Cyclical,YETI
2017Q4,2017,Q4,2017-12-31,2017-12-31,3974000.0,202099000.0,23870000.0,0.048,93123000.0,0.46077912310303365,516427000.0,-76231000.0,303034000.0,151898000.0,592658000.0,175098000.0,-296184000.0,1422006225.0,1844038225.0,-0.9113370794139808,1.9949834757534661,0.9211021112374063,-6.2400073460927965,0.01619658870491606,-0.9113370794139808,-0.05213102281224174,7.03618634926447,89.45685864368394,-18.65391015466149,0.0002516356316054353,0.6223714719756936,7.032318019564225e-07,0.39134088651445414,0.7952836772044398,0.0076951824749674205,18.984129564114546,0.46077912310303365,-0.6437689247758713,0.0,0.0,0.0,0.13299347868405684,-0.6474137166178688,-0.03434604959747563,0.0,0.0,0.0,Leisure,Consumer Cyclical,YETI
2017Q3,2017,Q3,2017-09-30,2017-09-30,11271000.0,183032000.0,24719000.0,0.134744,82192000.0,0.44905808820315574,,,,,,,,1422006225.0,,,0.0,0.0,0.0,0.0,,0.0,7.769167276760348,31.541261312217195,0.0,0.24097240706237247,0.0,0.0019099775741136438,0.0,0.0,0.0,25.397957188019074,0.44905808820315574,0.0,0.0,0.0,0.0,0.0,0.0,0.0,0.0,0.0,0.0,Leisure,Consumer Cyclical,YETI
2016Q1,2016,Q1,2016-03-31,2016-03-31,-38188000.0,191254000.0,-57587000.0,-0.456535,92255000.0,0.482368996204001,423043000.0,-192230000.0,285354000.0,549679000.0,615273000.0,90335000.0,-391399000.0,1422006225.0,1469351225.0,-2.2980982379314128,0.5191284367785562,0.15926040615256606,-0.35048639650418767,0.29668585959437693,-2.2980982379314128,0.19865785777454092,7.435171159818879,-9.309247833088929,-7.397420928054934,0.0,1.0959096695632922,0.0,0.4520911585819881,0.27899192073919504,-0.09026978344990935,-79.94637797267667,0.482368996204001,0.0,-9.23194654020263,2.6632381390181767,0.0,0.0,0.0,0.0,-9.23194654020263,2.6632381390181767,0.0,Leisure,Consumer Cyclical,YETI
2015Q1,2015,Q1,2015-03-31,2015-03-31,4639000.0,52209000.0,8645000.0,0.055459,22509000.0,0.43113256335114636,,,,,,,,1422006225.0,,,0.0,0.0,0.0,0.0,,0.0,27.236802562776532,76.63323049148524,0.0,0.0,0.0,0.0,0.0,0.0,0.0,-174.13742652461426,0.43113256335114636,0.0,0.0,0.0,0.0,0.0,0.0,0.0,0.0,0.0,0.0,Leisure,Consumer Cyclical,YETI
