Year,Date,FillingDate,NetIncome,Revenue,OperatingIncome,EPSDiluted,GrossProfit,GrossProfitRatio,TotalAssets,CommonStockEquity,CurrentAssets,CurrentLiability,TotalLiability,Inventory,RetainedEarnings,EnterpriseValue,bookValuePerShare,currentRatio,debtToAssets,debtToEquity,roic,shareholdersEquityPerShare,roe,priceToSalesRatio,peRatio,pbRatio,payoutRatio,inventoryTurnover,dividendYield,assetTurnover,quickRatio,returnOnAssets,priceToFreeCashFlowsRatio,grossProfitMargin,epsdilutedGrowth,fiveYNetIncomeGrowthPerShare,fiveYRevenueGrowthPerShare,fiveYShareholdersEquityGrowthPerShare,grossProfitGrowth,netIncomeGrowth,operatingIncomeGrowth,threeYNetIncomeGrowthPerShare,threeYRevenueGrowthPerShare,threeYShareholdersEquityGrowthPerShare,Industry,Sector,Price,MarketCap,AvgVolume,Symbol
2022,2022-12-31,2023-03-01,142177000.0,1421901000.0,203835000.0,1.24,725830000.0,0.5104645119,3209895000.0,1193187000.0,1114805000.0,858842000.0,2016708000.0,28010000.0,1273458000.0,3613901000.0,10.494168865435356,1.2980326998446745,0.35009930231362707,0.9418322526142172,0.05965872159663847,10.494168865435356,0.11915734918332165,1.8391575784812022,18.39327036018484,2.191693338931785,0.0,24.850803284541236,0.0,0.44297430289775835,0.6156685397314058,0.04429334915939618,25.26959647495362,0.5104645119456277,0.14814814814814806,27.749317149368117,0.441541136236109,0.6203713617558434,-0.008059016545788252,0.11257443794946435,-0.02888083202713712,1.1662324703426885,0.15462099544647523,0.07893326885535902,Software—Infrastructure,Technology,22.44,2430745680,648401,ACIW
2021,2021-12-31,2022-02-24,127791000.0,1370598000.0,209897000.0,1.08,731727000.0,0.5338742651,3158741000.0,1244777000.0,937434000.0,754155000.0,1913964000.0,24698000.0,1131281000.0,5061051900.0,10.602238367388656,1.2430256379656701,0.3511171064674185,0.8909933265155124,0.06391472284611822,10.602238367388656,0.10266176190594781,2.9724418830320785,31.880358554201788,3.27289377936771,0.22715997214201314,25.86731719167544,0.007125389501369763,0.4339064203111303,0.5867016727330588,0.040456308383624996,23.26617115445019,0.5338742651018022,0.7419354838709679,-0.012404801765246448,0.36429108835890345,0.6506621019718604,0.08910149837094765,0.7587530966143683,0.45012573923616866,0.8328463017690836,0.3417162452609479,0.17384811001012673,Software—Infrastructure,Technology,22.44,2430745680,648401,ACIW
2020,2020-12-31,2021-02-25,72660000.0,1294322000.0,144744000.0,0.62,671863000.0,0.5190848954,3386903000.0,1206597000.0,1154914000.0,905605000.0,2180306000.0,24288000.0,1003490000.0,5502727710.0,10.366220778886055,1.2752955206740246,0.35281937510463096,0.9903596644115641,0.04367614084462419,10.366220778886055,0.060218946342482205,3.4559690015313036,61.56257514450867,3.707233409332196,0.5769887145609689,25.628252635046113,0.009372394075565824,0.3821550248117528,0.5612303377300257,0.021453227328919664,15.442234792124804,0.5190848954124244,0.08771929824561413,-0.14173543459932106,0.24878275910632194,0.8607397979704315,0.04840826351622321,0.08347499328979154,0.16959177736837003,13.35199448645182,0.2817953482475416,0.600615303139443,Software—Infrastructure,Technology,22.44,2430745680,648401,ACIW
2019,2019-12-31,2020-02-27,67062000.0,1258294000.0,123756000.0,0.57,640841000.0,0.5092935355,3257534000.0,1129968000.0,920376000.0,611950000.0,2127566000.0,24542000.0,930830000.0,5699812875.0,9.726429954809555,1.504005229185391,0.43588831306135256,1.2566028418503887,0.044262013716590706,9.726429954809555,0.05934858332271356,3.4978231438757557,65.63016126867674,3.89505709453719,11.765217261638483,25.159033493602802,0.17926540228164364,0.3862719468162113,0.7853501103031293,0.02058673831186413,49.102358174820104,0.5092935355330312,-0.0338983050847458,-0.019136664117226723,0.2236194519494865,0.9204766143260331,0.10598710109435323,-0.026972911014059575,-0.017115263956286583,-0.47623495363549356,0.26578628051463554,0.5143075223880658,Software—Infrastructure,Technology,22.44,2430745680,648401,ACIW
2018,2018-12-31,2019-03-01,68921000.0,1009780000.0,125911000.0,0.59,579429000.0,0.5738170690645488,2122455000.0,1048231000.0,566477000.0,296620000.0,1074224000.0,0.0,863768000.0,3734551190.0,9.032035982319034,1.9097734475085968,0.31649952531384645,0.6408472941555822,0.054960683948561885,9.032035982319034,0.06574982041172223,3.180194884034146,46.59388560816007,3.063539611020853,0.0,0.0,0.0,0.47576038125661085,1.7260299372935068,0.03247230212183533,22.93144902491449,0.5738170690645488,13.749999999999998,0.09611333487266789,0.18586162622680133,0.958347088207115,0.013156031159021166,12.421811100292112,0.48760633270321363,-0.1835157605780248,-0.022893791834192885,0.6212532192284617,Software—Infrastructure,Technology,22.44,2430745680,648401,ACIW
2017,2017-12-31,2018-02-27,5135000.0,1024191000.0,84640000.0,0.04,571905000.0,0.5583968224676843,1861639000.0,764597000.0,421821000.0,321782000.0,1097042000.0,0.0,550866000.0,3292416530.0,6.476397394523078,1.3108906029547955,0.3683469244037109,0.8968502361374685,0.006877695988880894,6.476397394523078,0.006715956248847432,2.6131820431931154,521.2069191820838,3.500402865823434,0.0,0.0,0.0,0.550155534988255,1.1515218377659409,0.0027583221021905964,29.1600572001351,0.5583968224676843,-0.963302752293578,-0.8966287729242626,0.5108368069233213,0.4069845079888445,0.019825709226497762,-0.9603582043463157,-0.6172387283498395,-0.9260929226207862,-0.019926192778322263,0.2787600177096176,Software—Infrastructure,Technology,22.44,2430745680,648401,ACIW
2016,2016-12-31,2017-03-01,129535000.0,1005701000.0,221130000.0,1.09,560787000.0,0.5576080763566905,1902295000.0,754917000.0,407991000.0,376366000.0,1147378000.0,0.0,545731000.0,2801388950.0,6.423021619460067,1.0840272500704102,0.3910634260196237,0.9854301863648587,0.10297871276245787,6.423021619460067,0.17158839978434715,2.121131380002605,16.468320917126643,2.8257728333048533,0.0,0.0,0.0,0.5286777287434389,0.9641040901675497,0.0680940653263558,58.04691020408163,0.5576080763566905,0.5138888888888891,1.4125552905627847,0.8466119462952207,1.031592042879105,-0.022470793720519175,0.5161641462615291,0.7282802388470316,1.034241636383089,0.16623924477435142,0.39265451450641337,Software—Infrastructure,Technology,22.44,2430745680,648401,ACIW
2015,2015-12-31,2016-02-26,85436000.0,1045977000.0,127948000.0,0.72,573678000.0,0.5484613906424328,1990212000.0,654400000.0,388084000.0,390444000.0,1335812000.0,0.0,416851000.0,3350095000.0,5.57102115523773,0.9939555992664761,0.4715995079921134,1.4342649755501222,0.060527624378615474,5.57102115523773,0.1305562347188264,2.4032564769588625,29.42262044103188,3.8413065403422983,0.0,0.0,0.0,0.5255605935448083,0.8742969542367152,0.042928090072816366,18.736125396896384,0.5484613906424328,0.24137931034482762,1.692691303830184,1.1425959117578859,1.194209480012889,0.02188306587363932,0.2645944345766726,-0.07399473120458559,0.7285850317683038,0.5507770082134845,0.21029331302712903,Software—Infrastructure,Technology,22.44,2430745680,648401,ACIW
2014,2014-12-31,2015-02-26,67560000.0,1016149000.0,138172000.0,0.58,561393000.0,0.552471143503561,1850700000.0,581405000.0,418268000.0,378816000.0,1269295000.0,0.0,331415000.0,3130109660.0,5.064591717625743,1.104145548234499,0.48194466958448157,1.5341027338946174,0.06414843245801402,5.064591717625743,0.11620127105890042,2.278677300277814,34.272878330373004,3.9825520248363877,0.0,0.0,0.0,0.5490619765494137,0.845318043588444,0.036505106176041496,20.28876557489091,0.552471143503561,0.0943396226415093,2.091712051904349,1.249234344959527,1.2120351959183973,0.07734571253663002,0.05780672637314461,0.12291138417528119,0.2882652326700602,0.9102475555867615,0.6019227154375995,Software—Infrastructure,Technology,22.44,2430745680,648401,ACIW
2013,2013-12-31,2014-02-28,63868000.0,864928000.0,123048000.0,0.53,521089000.0,0.6024651762921307,1681851000.0,543694000.0,436362000.0,345600000.0,1138157000.0,0.0,263855000.0,3214502929.5,4.612071086228104,1.2626215277777777,0.44913788439047214,1.3893532023527941,0.06493788863466873,4.612071086228104,0.11747048891472041,2.953053814305931,39.9915283005574,4.697824381913355,0.0,0.0,0.0,0.5142714782700727,0.9288512731481482,0.037974826545276605,24.137699325250196,0.6024651762921307,0.29268292682926844,4.298734804982418,0.818113434954775,1.2321336179595654,0.1817818952906891,0.30753797649756376,0.6544936266336794,1.005759752445081,0.7654199450154976,0.8165161857948837,Software—Infrastructure,Technology,22.44,2430745680,648401,ACIW
2012,2012-12-31,2013-03-01,48846000.0,666579000.0,74372000.0,0.41,440935000.0,0.6614894858673915,1250886000.0,534357000.0,356126000.0,266599000.0,716529000.0,0.0,199987000.0,1988545370.4,4.603033905313211,1.3358114621585226,0.2991879355912529,0.7003744687540352,0.061257896896407274,4.603033905313211,0.09141079839882325,2.536270075114878,34.611316595012894,3.1638480835845697,0.0,0.0,0.0,0.5328854907641464,1.1223673007025532,0.03904912198233892,-65.20709570717784,0.6614894858673915,-0.08888888888888896,3.115182418004415,0.4228655537939926,1.227759835562336,0.3328909860917563,0.06529704265898979,0.12291827090033368,1.2104739231442743,0.45906934335769034,1.010443007897948,Software—Infrastructure,Technology,22.44,2430745680,648401,ACIW
2011,2011-12-31,2012-02-22,45852000.0,465095000.0,66231000.0,0.45,330811000.0,0.711276190885733,664642000.0,317330000.0,341864000.0,227057000.0,347312000.0,0.0,151141000.0,836113825.6999999,3.161570573173526,1.505630744702872,0.1128427032898914,0.2363470204518955,0.12035643333733888,3.161570573173526,0.14449311442347085,2.0602496816779365,20.897928677047894,3.0196067995462137,0.0,0.0,0.0,0.6997676944881606,1.3086846034255715,0.06898751508330801,14.859452984414979,0.711276190885733,0.6666666666666666,6.543289120831216,0.4019404734265843,0.5568007836784418,0.14586024987790136,0.6860452289023717,0.23454742022069788,3.4678383134311637,0.1482408329209271,0.5301255834943763,Software—Infrastructure,Technology,22.44,2430745680,648401,ACIW
2010,2010-12-31,2011-02-18,27195000.0,418424000.0,53648000.0,0.27,288701000.0,0.6899723725216527,601529000.0,255623000.0,294809000.0,270764000.0,345906000.0,0.0,105289000.0,805450556.0,2.538965037743345,1.0888042723552613,0.1246822680203282,0.29340082856393984,0.09060720643663522,2.538965037743345,0.10638714043728459,2.155135833508594,33.15905703254274,3.527697257289055,0.0,0.0,0.0,0.6956007108551707,0.9553005569425773,0.04520979038417101,13.23354988113058,0.6899723725216527,0.42105263157894746,-0.4530554704304417,0.33921154786037083,0.06520572985604378,0.03808951917959929,0.3856618771018037,0.29054606687515033,1.641759462230261,0.029847566913499893,0.22879919012822503,Software—Infrastructure,Technology,22.44,2430745680,648401,ACIW
2009,2009-12-31,2010-02-26,19626000.0,405755000.0,41570000.0,0.19,278108000.0,0.685408682579389,590043000.0,236063000.0,274062000.0,195400000.0,353980000.0,0.0,78094000.0,538497636.8000001,2.2895619956548727,1.4025690890481064,0.12710938016381856,0.3177117972744564,0.07921921167006213,2.2895619956548727,0.08313882311077975,1.4526367803231015,30.032336533170287,2.4968531146346526,0.0,0.0,0.0,0.687670220644936,1.199078812691914,0.033261982601268045,17.466207455698456,0.685408682579389,0.8999999999999999,-0.5024169978455075,0.4202686795008276,0.1920975016387437,0.12402292439637543,0.8546588546588546,0.9145212545479666,3.3097968145534056,0.1906511068723117,0.1274117805119916,Software—Infrastructure,Technology,22.44,2430745680,648401,ACIW
2008,2008-12-31,2009-03-04,10582000.0,417653000.0,21713000.0,0.1,247422000.0,0.5924104459922471,552842000.0,213841000.0,246544000.0,166264000.0,339001000.0,0.0,58468000.0,510552200.0,2.0662163990183005,1.4828465572823943,0.13566263055267147,0.3507278772545957,0.028867725938133186,2.0662163990183005,0.04948536529477509,1.3133347539704012,51.83502173502173,2.565074985620157,0.0,0.0,0.0,0.7554653951761986,1.2706057835731126,0.019141092753444926,8.327410466228423,0.5924104459922471,2.25,-0.7568860174170372,0.5299872413801974,0.2267596928783458,0.09781875621184155,2.1589092103822143,7.976023150062009,-0.7929620249726258,0.30039783642354845,-0.13313278653374624,Software—Infrastructure,Technology,22.44,2430745680,648401,ACIW
TTM,,,,,,,,,,,,,,,,3401740680.0,10.795767225119272,1.3611390906107774,0.3702962051695473,0.9535639377986291,0.05672499391027284,10.795767225119272,0.07918707788783558,1.7506308475999588,25.715685057057186,2.0785924272049208,0.0,20.823088455772115,0.0,0.4617854656826308,0.6922101268351144,0.031388508916951934,21.242206414401817,0.489851976633727,,,,,,,,,,,Software—Infrastructure,Technology,22.44,2430745680,648401,ACIW
