Quarters,Year,Quarter,FillingDate,Date,NetIncome,Revenue,OperatingIncome,EPSDiluted,GrossProfit,GrossProfitRatio,TotalAssets,CommonStockEquity,CurrentAssets,CurrentLiability,TotalLiability,Inventory,RetainedEarnings,MarketCap,EnterpriseValue,bookValuePerShare,currentRatio,debtToAssets,debtToEquity,roic,shareholdersEquityPerShare,roe,priceToSalesRatio,peRatio,pbRatio,payoutRatio,inventoryTurnover,dividendYield,assetTurnover,quickRatio,returnOnAssets,priceToFreeCashFlowsRatio,grossProfitMargin,epsdilutedGrowth,fiveYNetIncomeGrowthPerShare,fiveYRevenueGrowthPerShare,fiveYShareholdersEquityGrowthPerShare,grossProfitGrowth,netIncomeGrowth,operatingIncomeGrowth,threeYNetIncomeGrowthPerShare,threeYRevenueGrowthPerShare,threeYShareholdersEquityGrowthPerShare,Industry,Sector,Symbol
2023Q1,2023,Q1,2023-05-05,2023-03-31,-931973.0,0.0,-75101.0,-0.0048,-33796.0,0.0,59784583.0,59611551.0,4401994.0,173032.0,173032.0,0.0,-266670346.0,117207441.71839999,112976140.71839999,0.3052100722499102,25.44034629432706,0.0,0.0,-0.0023317782163686848,0.3052100722499102,-0.0156341008473341,0.0,-31.440675244454503,1.9661867499203298,0.0,0.0,0.0,0.0,24.453864025151418,-0.015588851727877738,-190.0478360218314,0.0,0.7635467980295567,0.27707715244252623,0.0,-0.25246586900737,0.7500295857988166,0.7643851221579712,-1.0327790073985295,-14.751901075977374,0.0,-0.07277542700550166,Gold,Basic Materials,THM
2022Q4,2022,Q4,2023-03-08,2022-12-31,-3955493.0,0.0,2291131.0,-0.0203,-135200.0,0.0,60382590.0,60094205.0,5000001.0,288385.0,288385.0,0.0,-266166809.0,83008373.5652,78160944.5652,0.3078250406379762,17.33793713265253,0.0,0.0,0.1812175070762417,0.3078250406379762,-0.06582153803349258,0.0,-5.246398714724056,1.3813041301603042,0.0,0.0,0.0,0.0,16.808880489623245,-0.06550717682033845,-120.6375028015597,0.0,-203.99999999999997,-1.517619035851361,0.0,-0.10049649607740613,-3.452934589289243,-140.5777197501676,4.7112531526029935,-3.225573447530884,0.0,-0.07216828966029108,Gold,Basic Materials,THM
2022Q3,2022,Q3,2022-11-10,2022-09-30,28339.0,3555.0,-617347.0,0.0001,-30362.0,-8.5406469761,61022246.0,60842689.0,5639657.0,179557.0,179557.0,0.0,-265334628.0,101113635.3568,95640931.3568,0.3115134767348834,31.408728147607725,0.0,0.0,0.0009738696868071042,0.3115134767348834,0.0004657749429845219,28442.6541088045,892.0007353541057,1.661886366606841,0.0,0.0,0.0,5.825744270376413e-05,30.47892312747484,0.00046440440753360665,-608.3413673910428,-8.540646976090015,1.019607843137255,1.011766558791881,0.0,-0.13148058831305343,0.008069522036002483,1.028423303518235,0.5596618791655255,1.0456190206926534,0.0,-0.07022546203862179,Gold,Basic Materials,THM
2022Q2,2022,Q2,2022-08-05,2022-06-30,-997034.0,3193.0,-1401984.0,-0.0051,-30609.0,-9.586282493,61601731.0,61443492.0,6219142.0,158239.0,158239.0,0.0,-265039368.0,99609723.84,93645135.84,0.31458957732213305,39.302207420421006,0.0,0.0,-0.01895374040753859,0.31458957732213305,-0.016226844659154464,31196.280563733166,-24.976511292493537,1.6211598754836396,0.0,0.0,0.0,5.183295904460866e-05,37.69353951933468,-0.016185162069552884,-91.43187415208887,-9.586282492953336,-0.24390243902439024,0.5261408538320909,0.0,-0.1472349157246587,0.0,-0.25739212901891445,-1.2132896774590765,0.3968350746384109,0.0,-0.07093755212755631,Gold,Basic Materials,THM
2022Q1,2022,Q1,2022-05-12,2022-03-31,-792938.0,0.0,-633439.0,-0.0041,0.0,0.0,62796993.0,62463088.0,7414404.0,333905.0,333905.0,0.0,-263839089.0,191219769.1856,183969986.1856,0.32041688618361747,22.205130201704076,0.0,0.0,-0.011262603383863944,0.32041688618361747,-0.012694505273258345,0.0,-60.28837348746056,3.0613243006109467,0.0,0.0,0.0,0.0,21.712112726673755,-0.012627005882272101,-200.6033941539388,0.0,0.2807017543859649,0.6682423919653754,0.0,-0.15189350842858815,-1.0,0.2877256460375406,0.30761100059025426,0.34615241563279614,0.0,-0.07264336839535489,Gold,Basic Materials,THM
2021Q4,2021,Q4,2022-03-09,2021-12-31,-1113248.0,0.0,-914860.0,-0.0057,2.0,0.0,63304940.0,62725059.0,7922351.0,579881.0,579881.0,0.0,-263125116.0,143199042.7848,135418371.7848,0.3218184978830853,13.662028933522567,0.0,0.0,-0.015989329828244487,0.3218184978830853,-0.01774805823618277,0.0,-32.15793847929662,2.282963859544556,0.0,0.0,0.0,0.0,13.417702942500272,-0.017585483850075523,-95.18415650772845,0.0,0.1971830985915493,0.30083876420013556,0.0,-0.16910741625202222,0.0,0.197489632044821,0.5202601793819795,-5.536101048929994,0.0,-0.07643163612447906,Gold,Basic Materials,THM
2021Q3,2021,Q3,2021-11-12,2021-09-30,-1387207.0,0.0,-1906992.0,-0.0071,0.0,0.0,64811252.0,63693619.0,9428665.0,1117633.0,1117633.0,0.0,-262109627.0,145343032.8088,136074832.8088,0.32678781205000607,8.436280066891367,0.0,0.0,-0.025188161839671246,0.32678781205000607,-0.021779371651028338,0.0,-26.193465144134944,2.281908848809486,0.0,0.0,0.0,0.0,8.292704313491102,-0.021403798834190087,-132.5005495447269,0.0,0.4409448818897637,0.5172831473800216,0.0,-0.09176854731141275,1.0,0.43973597610327675,-0.016412979866730484,0.1959170477884843,0.0,-0.0768230867147617,Gold,Basic Materials,THM
2021Q2,2021,Q2,2021-08-06,2021-06-30,-2475988.0,0.0,-1876198.0,-0.0127,-342.0,0.0,66244437.0,65564968.0,10861850.0,679469.0,679469.0,0.0,-260460714.0,204653593.20000002,194036155.20000002,0.33638899431744745,15.985791846279962,0.0,0.0,-0.032530795504264416,0.33638899431744745,-0.03776388634857566,0.0,-20.66383128674291,3.1213863049548047,0.0,0.0,0.0,0.0,15.626081543087322,-0.03737654227478754,-132.75642863259063,0.0,-0.7638888888888888,0.3352180906490449,0.0,-0.09701575922413658,-11.666666666666666,-1.1759811296876976,-1.1654626687549556,-5.721900562797666,0.0,-0.06476761326642559,Gold,Basic Materials,THM
2021Q1,2021,Q1,2021-05-07,2021-03-31,-1137872.0,0.0,-866419.0,-0.0072,-27.0,0.0,67548166.0,67125828.0,12165237.0,422338.0,422338.0,0.0,-258282700.0,208551756.88000003,196553718.88000003,0.34439717523611013,28.80450492259754,0.0,0.0,-0.01587405979748319,0.34439717523611013,-0.016951329077087882,0.0,-45.82056612694574,3.106877979665294,0.0,0.0,0.0,0.0,28.408615847970108,-0.016845342625586606,-174.5820963236359,0.0,0.55,0.8352465733352565,0.0,-0.11718805006458148,0.995696525342684,0.6357645212021379,-0.015226897767112245,0.1155291677163519,0.0,-0.15648706738734489,Gold,Basic Materials,THM
2020Q4,2020,Q4,2021-03-10,2020-12-31,-3124001.0,0.0,-853424.0,-0.016,-6274.0,0.0,68594328.0,68101337.0,13211372.0,492991.0,492991.0,0.0,-257144828.0,268973293.91999996,255924000.91999996,0.349402142087579,26.798404027659736,0.0,0.0,-0.019617881444258297,0.349402142087579,-0.04587282919276607,0.0,-21.524744543935807,3.949603719527562,0.0,0.0,0.0,0.0,26.469637376747244,-0.045543138785469256,-125.09408284375917,0.0,-2.2653061224489797,-1.411275564283246,0.0,-0.14447658359809742,-13.162528216704288,-2.3564593018695814,0.32311719007150136,-0.9915863048242438,0.0,0.020997026214844377,Gold,Basic Materials,THM
2020Q3,2020,Q3,2020-11-06,2020-09-30,-930743.0,0.0,-1260815.0,-0.0049,-443.0,0.0,69316838.0,68512723.0,13927608.0,804115.0,804115.0,0.0,-255149252.0,252032281.48000002,238263438.48000002,0.3615486121655054,17.320418099401206,0.0,0.0,-0.015546109895544181,0.3615486121655054,-0.013584965817224926,0.0,-67.69652886994585,3.6786201225719783,0.0,0.0,0.0,0.0,17.122977434819646,-0.013427372437271302,-415.1406133081646,0.0,0.5196078431372549,-2.200285390534576,0.0,-0.1327139702207019,-0.0022624434389140274,0.5113389125732406,-0.19519066609663221,0.6016894986359411,0.0,0.008020555725297702,Gold,Basic Materials,THM
2020Q2,2020,Q2,2020-08-10,2020-06-30,-1904680.0,0.0,-1054907.0,-0.0102,-442.0,0.0,61081402.0,60835167.0,5691728.0,246235.0,246235.0,0.0,-254047489.0,333881134.38,328391007.38,0.32432679211145793,23.115024265437487,0.0,0.0,-0.022219132327125735,0.32432679211145793,-0.03130886449280233,0.0,-43.82378331005734,5.488291572866069,0.0,0.0,0.0,0.0,22.29629012934798,-0.031182650326199126,-278.0706803996982,0.0,-2.5692307692307694,0.5206736911191256,0.0,-0.24533508427251025,0.002257336343115124,-30.264500268879157,-0.0002797237277785574,0.05741396207801118,0.0,-0.12084002730811377,Gold,Basic Materials,THM
2020Q1,2020,Q1,2020-05-08,2020-03-31,65085.0,0.0,-1054612.0,0.0065,-443.0,0.0,61981858.0,61742727.0,6591743.0,239131.0,239131.0,0.0,-252561025.0,70171310.3211,63705645.3211,0.3291652110386004,27.565405572677737,0.0,0.0,-0.32072677995744336,0.3291652110386004,0.0010541322543139373,0.0,269.53718337981104,1.1365113549503572,0.0,0.0,0.0,0.0,27.03817154613998,0.001050065327180092,1016.3863024493047,0.0,2.3541666666666665,-0.9663879195573447,0.0,-0.26021142398183633,0.23488773747841105,1.0723640249007407,-0.8113042925671416,1.0283008022188114,0.0,-0.1287377029145343,Gold,Basic Materials,THM
2019Q4,2019,Q4,2020-03-10,2019-12-31,-899411.0,0.0,-582239.0,-0.0048,-579.0,0.0,62566733.0,62230976.0,7176175.0,335757.0,335757.0,0.0,-252626110.0,101252267.60579999,94314646.60579999,0.331768182966361,21.373121036940407,0.0,0.0,-0.011071826780538965,0.331768182966361,-0.01445278634228716,0.0,-28.144048606754865,1.6270396852814903,0.0,0.0,0.0,0.0,20.662625053237907,-0.014375227167446956,-137.7551884663735,0.0,-0.4999999999999998,-0.04505532802488356,0.0,-0.2740329306571286,0.0,-0.5075763416997154,0.4585525667278567,0.41304905041686285,0.0,-0.1434186519308207,Gold,Basic Materials,THM
2019Q3,2019,Q3,2019-11-07,2019-09-30,-596594.0,0.0,-1075338.0,-0.0032,-579.0,0.0,63125104.0,62845049.0,7733967.0,280055.0,280055.0,0.0,-251866075.0,97557066.2871,90028233.2871,0.33504195266296194,27.615886165217546,0.0,0.0,-0.011892141296099489,0.33504195266296194,-0.009493094674808831,0.0,-40.88084454717111,1.5523429106897506,0.0,0.0,0.0,0.0,26.883408616164683,-0.009450978488684945,-144.93954176437555,0.0,0.6235294117647059,-11.549808452429653,0.0,-0.31064278545226803,0.0,0.6235209037608532,0.057056045878437926,0.7842810648188083,0.0,-0.06882806470108328,Gold,Basic Materials,THM
2019Q2,2019,Q2,2019-08-09,2019-06-30,-1584667.0,0.0,-1140405.0,-0.0085,-579.0,0.0,63844583.0,63400854.0,8522740.0,443729.0,443729.0,0.0,-251007669.0,111407043.755,103104864.755,0.3386097221371333,19.207083602829655,0.0,0.0,-0.020549849702464852,0.3386097221371333,-0.024994410958565322,0.0,-17.57578149778471,1.7571852226943188,0.0,0.0,0.0,0.0,18.710021206637386,-0.024820696221009072,-81.99882217316997,0.0,-0.37096774193548404,-4.992529178376203,0.0,-0.3221941248945951,0.0,-0.36187278380603544,-1.556772705158587,0.5571026704679721,0.0,-0.09105455877434866,Gold,Basic Materials,THM
2019Q1,2019,Q1,2019-05-08,2019-03-31,-1163594.0,0.0,-446033.0,-0.0062,-579.0,0.0,64969768.0,64627214.0,9679165.0,342554.0,342554.0,0.0,-249620615.0,94682335.41579999,85148084.41579999,0.3455163582851468,28.25588082462911,0.0,0.0,-0.00978264797737321,0.3455163582851468,-0.018004706190800673,0.0,-20.34264859903884,1.4650536446735891,0.0,0.0,0.0,0.0,27.83284095354309,-0.017909776128491022,-98.3446917360505,0.0,-5.769230769230769,0.8967451238950492,0.0,-0.31998682564642705,0.23715415019762845,-5.9405525668842,0.7769503771310039,0.8244399188621058,0.0,-0.11431918748120698,Gold,Basic Materials,THM
2018Q4,2018,Q4,2019-03-15,2018-12-31,235519.0,0.0,-1999703.0,0.0013,-759.0,0.0,65724114.0,65176161.0,10432932.0,547953.0,547953.0,0.0,-248799703.0,97170038.0255,86941074.0255,0.34845119264659025,19.03983005841742,0.0,0.0,0.008013243360501207,0.34845119264659025,0.003613575828745114,0.0,103.14458496501344,1.490883116382077,0.0,0.0,0.0,0.0,18.667593753478858,0.0035834488388843096,-261.84044910725834,0.0,1.1460674157303372,-0.9638355364436321,0.0,-0.35731850920658087,0.0013157894736842105,1.1424295000613818,-1.357134100773019,1.189428309615534,0.0,-0.14680501670305612,Gold,Basic Materials,THM
2018Q3,2018,Q3,2018-11-02,2018-09-30,-1653583.0,0.0,-848362.0,-0.0089,-760.0,0.0,66544571.0,66129703.0,11252629.0,414868.0,414868.0,0.0,-247897936.0,86738985.9169,75670528.9169,0.35398178544900083,27.123395875314557,0.0,0.0,-0.0167082669601103,0.35398178544900083,-0.02500514783802976,0.0,-13.113793791557486,1.3116494099013267,0.0,0.0,0.0,0.0,26.679466721945293,-0.024849254794955398,-71.74802526587362,0.0,-3.6842105263157894,0.8134933888763434,0.0,-0.36623049708179445,0.0026246719160104987,-3.686614838265345,0.4407386483120876,-3.1630652149036544,0.0,-0.15086534151674494,Gold,Basic Materials,THM
2018Q2,2018,Q2,2018-08-10,2018-06-30,-352831.0,0.0,-1516933.0,-0.0019,-762.0,0.0,67536199.0,67152564.0,12312888.0,383635.0,383635.0,0.0,-246628300.0,94263970.6602,82149975.6602,0.3596849286756755,32.09531977009397,0.0,0.0,-0.008342159323369581,0.3596849286756755,-0.00525417019073166,0.0,-66.7911625255434,1.4037285405840945,0.0,0.0,0.0,0.0,31.576876458091675,-0.0052243242175947745,-110.4745666759643,0.0,0.7121212121212122,-1.0225167120571077,0.0,-0.3872624521568622,0.0,0.6802917353432348,-0.4792505709554801,0.9107912405260878,0.0,-0.16306144607938106,Gold,Basic Materials,THM
2018Q1,2018,Q1,2018-05-04,2018-03-31,-1103603.0,0.0,-1025474.0,-0.0066,-762.0,0.0,68547053.0,68265439.0,13322981.0,281614.0,281614.0,0.0,-245672885.0,91959318.0,78785085.0,0.40828914640276043,47.30937027278473,0.0,0.0,-0.015563143673304435,0.40828914640276043,-0.016166350296231157,0.0,-20.831612001779625,1.3470845474237703,0.0,0.0,0.0,0.0,46.78117210081885,-0.016099933574095445,-86.88333303414608,0.0,0.17500000000000002,-2.2500853247866064,0.0,-0.3036470548804952,0.24027916251246262,0.17984136409340984,0.2739158910598406,-1.6393905058706026,0.0,-0.08238283970553228,Gold,Basic Materials,THM
2017Q4,2017,Q4,2018-03-16,2017-12-31,-1345597.0,0.0,-1412335.0,-0.008,-1003.0,0.0,57647031.0,57218193.0,2422196.0,428838.0,428838.0,0.0,-244607665.0,71895466.8,69651000.8,0.3422166109365883,5.648277438100169,0.0,0.0,-0.024051920495836047,0.3422166109365883,-0.023516943291096243,0.0,-13.357540704980764,1.2565141090701692,0.0,0.0,0.0,0.0,5.233831889897817,-0.02334200004159798,-93.09170279215027,0.0,0.34959349593495936,0.977340875058923,0.0,-0.44564460920262955,0.002982107355864811,0.32791827515954236,0.04789913360496377,-0.7540215506868061,0.0,-0.25116993467913556,Gold,Basic Materials,THM
2017Q3,2017,Q3,2017-11-06,2017-09-30,-2002133.0,0.0,-1483388.0,-0.0123,-1006.0,0.0,58887150.0,58235357.0,3661312.0,651793.0,651793.0,0.0,-243226744.0,86897150.7168,83461863.7168,0.35867186448927274,5.617292606701821,0.0,0.0,-0.029217150357601765,0.35867186448927274,-0.03438002449268062,0.0,-10.85057170487675,1.492171683893,0.0,0.0,0.0,0.0,5.270518400780616,-0.033999488852831224,-54.68851429078503,0.0,-0.13888888888888884,0.9439265898269404,0.0,-0.8328812967960364,-0.008016032064128256,-0.14590289661803676,0.011709149392756517,-41.90167215473353,0.0,-0.2620236496481599,Gold,Basic Materials,THM
2017Q2,2017,Q2,2017-08-11,2017-06-30,-1747210.0,0.0,-1500963.0,-0.0108,-998.0,0.0,60098895.0,59831637.0,4872051.0,267258.0,267258.0,0.0,-241481231.0,77849746.56,73327774.56,0.3689053211992884,18.229766742249062,0.0,0.0,-0.02692924966434652,0.3689053211992884,-0.02920210924531448,0.0,-11.139151355589767,1.3011468591441013,0.0,0.0,0.0,0.0,16.919875176795458,-0.02907224833335122,-37.323704997461405,0.0,0.12195121951219509,0.8831435920391877,0.0,-0.8191719951736337,0.001001001001001001,0.12134404624986736,-0.10642345881954017,-6.627759100637167,0.0,-0.2615504584795762,Gold,Basic Materials,THM
2017Q1,2017,Q1,2017-05-05,2017-03-31,-1988503.0,0.0,-1356590.0,-0.0123,-999.0,0.0,62023217.0,61274669.0,6795376.0,748548.0,748548.0,0.0,-239853585.0,85148160.3,78517445.3,0.37780265729358337,9.078076489416844,0.0,0.0,-0.026236619946767317,0.37780265729358337,-0.032452284646368304,0.0,-10.705058063779637,1.3896143657667086,0.0,0.0,0.0,0.0,8.858102620005665,-0.03206062336302227,-61.776996042269,0.0,-0.4999999999999999,0.9019712591222266,0.0,-0.8149536647763137,0.2431818181818182,-0.500810217419033,-0.5196278307001586,0.7964991617967332,0.0,-0.2564439335361308,Gold,Basic Materials,THM
2016Q4,2016,Q4,2017-03-15,2016-12-31,-1324953.0,0.0,-892712.0,-0.0082,-1320.0,0.0,77901555.0,62817708.0,22672714.0,15083847.0,15083847.0,0.0,-238175608.0,88391899.74000001,65925406.74000001,0.3873166088827406,1.503112170257362,0.0,0.0,-0.0169672421617539,0.3873166088827406,-0.02109203029184064,0.0,-16.67830854000104,1.4071175557694655,0.0,0.0,0.0,0.0,1.4894405253513907,-0.017008043035854677,-66.76957456178452,0.0,0.44217687074829926,0.9769990547982561,0.0,-0.3725872934926316,0.0022675736961451248,0.22764026696030978,0.32888031195707657,-1.234632088668871,0.0,-0.2856353461867045,Gold,Basic Materials,THM
2016Q3,2016,Q3,2016-11-14,2016-09-30,-1715461.0,0.0,-1330183.0,-0.0147,-1323.0,0.0,57207692.0,41863104.0,1977531.0,15344588.0,15344588.0,0.0,-237065875.0,103527211.179,101768088.179,0.3598067552963886,0.1288748189263863,0.0,0.0,-0.035752633227978114,0.3598067552963886,-0.04097787397704671,0.0,-15.087374644337586,2.4729941472806223,0.0,0.0,0.0,0.0,0.11464126635397444,-0.029986544466782544,-90.39854071274704,0.0,0.23036649214659685,0.838159474974362,0.0,-0.8307603806238018,0.0015094339622641509,0.22818903972026108,0.3034673651282046,0.6893276344811248,0.0,-0.3558014626047525,Gold,Basic Materials,THM
2016Q2,2016,Q2,2016-08-05,2016-06-30,-2222644.0,0.0,-1909721.0,-0.0191,-1325.0,0.0,58490996.0,43330355.0,3259512.0,15160641.0,15160641.0,0.0,-235541286.0,102356001.44,99467530.44,0.3725303046578253,0.21499829723558522,0.0,0.0,-0.0473498470431138,0.3725303046578253,-0.051295310181511324,0.0,-11.512865020219161,2.362223929160054,0.0,0.0,0.0,0.0,0.1905243320516593,-0.03799976324561134,-46.81110935595623,0.0,0.46045197740113,-0.47980722319112584,0.0,-0.8328022000895464,-0.0076045627376425855,0.4607248746827642,-1.2558815052117294,-1.2276763210912236,0.0,-0.3653798444829592,Gold,Basic Materials,THM
2016Q1,2016,Q1,2016-05-06,2016-03-31,-4121540.0,0.0,-846552.0,-0.0354,-1315.0,0.0,60501771.0,45375562.0,5268962.0,15126209.0,15126209.0,0.0,-233472436.0,36627164.6062,31536592.606200002,0.39011385749966826,0.34833328033481487,0.0,0.0,-0.03091261426973424,0.39011385749966826,-0.09083171245350086,0.0,-2.221691686008143,0.8072002415353005,0.0,0.0,0.0,0.0,0.3365398428647918,-0.06812263396388843,-21.428116125744747,0.0,-4.363636363636363,0.7166834014734229,0.0,-0.8089236847421319,0.250285062713797,-4.33082757336203,0.42066348946514065,-16.447926458345616,0.0,-0.33464571371719387,Gold,Basic Materials,THM
2015Q4,2015,Q4,2016-03-16,2015-12-31,-773152.0,0.0,-1461244.0,-0.0066,-1754.0,0.0,61919836.0,47503357.0,6685712.0,516479.0,14416479.0,0.0,-230984980.0,22681159.41,16187673.41,0.40840745605429346,12.944789623585857,0.0,0.0,-0.02123519031896952,0.40840745605429346,-0.01627573394444523,0.0,-7.33399105544576,0.4774643486775051,0.0,0.0,0.0,0.0,12.572604113623207,-0.012486337980610931,-18.703272583789346,0.0,-2.6097560975609757,0.9812847591621636,0.0,-0.33842231010963547,0.0,-2.624401999323474,0.41160534451781033,0.9812847591621636,0.0,-0.33842231010963547,Gold,Basic Materials,THM
2015Q3,2015,Q3,2015-10-30,2015-09-30,475961.0,0.0,-2483442.0,0.0041,-1754.0,0.0,63358752.0,48488080.0,8122876.0,670672.0,14870672.0,0.0,-229865008.0,38267186.902,30358581.902000003,0.41687355699423656,12.111547820693275,0.0,0.0,0.024196362889656684,0.41687355699423656,0.009816041385841634,0.0,20.099959293933747,0.7892081291319434,0.0,0.0,0.0,0.0,11.792060798721282,0.007512158699085487,-37.95553401222562,0.0,1.1933962264150944,1.0545880346105436,0.0,-0.6473193416170666,0.00903954802259887,1.1931620705748667,-0.5335407742415944,1.0186077646994243,0.0,-0.8057629406083954,Gold,Basic Materials,THM
2015Q2,2015,Q2,2015-08-06,2015-06-30,-2464050.0,0.0,-1619417.0,-0.0212,-1770.0,0.0,65150776.0,49987257.0,9913145.0,563519.0,15163519.0,0.0,-228857519.0,38523076.9056,28992673.905599996,0.4297626474377837,17.591500907689003,0.0,0.0,-0.03896143326162225,0.4297626474377837,-0.049293562957455336,0.0,-3.9085120944786023,0.7706579479966263,0.0,0.0,0.0,0.0,16.912301093663213,-0.037820731406176956,-19.570746461518763,0.0,-3.058252427184466,0.8470884151273872,0.0,-0.6872415180292568,-0.0005652911249293386,-3.0521317501813483,0.3409934478491357,0.7702041040836082,0.0,-0.7893412818431815,Gold,Basic Materials,THM
2015Q1,2015,Q1,2015-05-06,2015-03-31,1200727.0,0.0,-2457361.0,0.0103,-1769.0,0.0,66709737.0,51753169.0,11470336.0,456568.0,14956568.0,0.0,-226808651.0,41872909.68,30578481.68,0.4449449771315725,25.122952112281194,0.0,0.0,0.0895738607796949,0.4449449771315725,0.02320103335121372,0.0,8.718241048964503,0.8090888053637836,0.0,0.0,0.0,0.0,24.737668868602267,0.01799927647743537,-36.39565479812115,0.0,3.239130434782609,1.6126424604497913,0.0,-0.8008416467155006,0.5504447268106735,3.2499175529722155,0.11113614981359028,1.0825385388468927,0.0,-0.7820676064477675,Gold,Basic Materials,THM
2014Q4,2014,Q4,2015-03-11,2014-12-31,-533676.0,0.0,-2764609.0,-0.0046,-3935.0,0.0,69004700.0,53155530.0,13763531.0,1149170.0,15849170.0,0.0,-226172156.0,52341137.1,38819664.1,0.45700169742777713,11.976932046607551,0.0,0.0,-0.01677661364669792,0.45700169742777713,-0.010039896131220966,0.0,-24.51915445888517,0.9846790559702819,0.0,0.0,0.0,0.0,11.766294804075985,-0.00773390798018106,-39.56422629580609,0.0,-16.333333333333336,0.7930013623192649,0.0,-0.8191608906071414,0.0037974683544303796,-19.050328079550834,-0.17284594303362494,0.9870816154270142,0.0,-0.25970468271751884,Gold,Basic Materials,THM
2014Q3,2014,Q3,2014-11-05,2014-09-30,29566.0,0.0,-2357180.0,0.0003,-3950.0,0.0,63419637.0,47663399.0,8159527.0,656238.0,15756238.0,0.0,-224517687.0,44228955.738,36367352.738,0.48602081126078245,12.43379231315468,0.0,0.0,0.0012487579868855378,0.48602081126078245,0.0006203082579150514,0.0,373.98494671244,0.9279438031265879,0.0,0.0,0.0,0.0,12.098398751672411,0.00046619629815919633,-43.38979706280534,0.0,1.2142857142857142,1.022376711580532,0.0,-0.559036774441847,-0.0002532286654849329,1.2134667590827701,0.12996136983894627,1.0033092606264007,0.0,-0.7713940166606107,Gold,Basic Materials,THM
2014Q2,2014,Q2,2014-08-07,2014-06-30,-138504.0,0.0,-2709282.0,-0.0014,-3949.0,0.0,64946089.0,48991895.0,9682030.0,454194.0,15954194.0,0.0,-223346781.0,70609419.36,61351512.36,0.4995674050250397,21.316948264398032,0.0,0.0,-0.005350947250449563,0.4995674050250397,-0.002827079866986162,0.0,-127.45014468896204,1.4412469523785516,0.0,0.0,0.0,0.0,20.553906480490717,-0.002132599547295296,-28.86009233180101,0.0,0.9767441860465117,0.9803758318222368,0.0,-0.5326188179288575,-0.0010139416983523447,0.9765583547249799,-1.4733763139299858,0.8906300415292846,0.0,-0.7757858354533558,Gold,Basic Materials,THM
2014Q1,2014,Q1,2014-05-07,2014-03-31,-5908459.0,0.0,-1095378.0,-0.0602,-3945.0,0.0,66912243.0,49828915.0,11644234.0,783328.0,17083328.0,0.0,-221915379.0,74041821.69,62662274.69,0.5081024475938984,14.86508078352874,0.0,0.0,-0.03700072424027625,0.5081024475938984,-0.11857490776188885,0.0,-3.132873634648222,1.4859208090322658,0.0,0.0,0.0,0.0,14.63631326851587,-0.08830161320402904,-35.50888908445047,0.0,-2.7298850574712645,0.3278193841765202,0.0,-0.5295451302683034,0.2746828461114175,-2.7304018947424527,0.7984918780698689,0.5182882697521997,0.0,-0.7511333125103645,Gold,Basic Materials,THM
2013Q4,2013,Q4,2014-03-12,2013-12-31,3414501.0,0.0,-5435900.0,0.0348,-5439.0,0.0,69464877.0,53171181.0,14192923.0,1493696.0,16293696.0,0.0,-218405060.0,40208141.58,26282540.58,0.542183332861215,9.501881909036378,0.0,0.0,0.3414342450681756,0.542183332861215,0.06421713672299285,0.0,2.943925157731686,0.756201777425256,0.0,0.0,0.0,0.0,9.36749646514418,0.049154351774062736,-18.87466035072533,0.0,1.7326315789473683,1.5772804384897003,0.0,-0.502034475109589,0.0011019283746556473,1.7336365997860432,-0.5216193731798175,1.0980298361244376,0.0,-0.12171927438147384,Gold,Basic Materials,THM
2013Q3,2013,Q3,2013-11-06,2013-09-30,-4654213.0,0.0,-3572444.0,-0.0475,-5445.0,0.0,72614929.0,54774664.0,17368013.0,1140265.0,17840265.0,0.0,-217382673.0,30695483.694,14084444.693999998,0.5585339525159919,15.231558453517383,0.0,0.0,-0.07359243501332878,0.5585339525159919,-0.08497017891337498,0.0,-1.648800973118334,0.5603956547136464,0.0,0.0,0.0,0.0,14.638719069689941,-0.064094437109482,-8.438890063298238,0.0,-1.566150178784267,-0.7078779145351143,0.0,-0.3411899916899196,0.0014670823399963323,-1.5654506510767856,0.6236279985123986,0.3668992315895087,0.0,-0.5274727341238258,Gold,Basic Materials,THM
2013Q2,2013,Q2,2013-07-31,2013-06-30,8230980.0,0.0,-9491790.0,0.0839,-5453.0,0.0,76003124.0,57567569.0,20750174.0,1735555.0,18435555.0,0.0,-213257912.0,61881310.578,42006624.578,0.5870130367263794,11.955929947480778,0.0,0.0,2.11374662459007,0.5870130367263794,0.14297946123102748,0.0,1.8795243876792316,1.0749335372838134,0.0,0.0,0.0,0.0,11.49666302710084,0.10829791680668284,-15.064013539310936,0.0,42.95,7.723634116296305,0.0,-0.2902798578665558,0.0018304960644334614,42.32723456814918,-0.20253221488099393,1.6058190361487386,0.0,-0.5728030172976885,Gold,Basic Materials,THM
2013Q1,2013,Q1,2013-05-08,2013-03-31,-199166.0,0.0,-7893169.0,-0.002,-5463.0,0.0,80775306.0,57500095.0,25517491.0,2375211.0,23275211.0,0.0,-212615862.0,143180211.48,118504431.47999999,0.5863250084089064,10.743252283691849,0.0,0.0,-0.006728543682312281,0.5863250084089064,-0.003463750799020419,0.0,-179.72471641746083,2.4900865203787923,0.0,0.0,0.0,0.0,10.478406339478893,-0.0024656793005525725,-28.955701660046245,0.0,0.9944444444444445,0.9578100463461127,0.0,-0.02668094273613657,0.8274478837650031,0.9942819725806026,0.8181973480184082,0.8794746187992705,0.0,-0.7375596328403813,Gold,Basic Materials,THM
2012Q4,2012,Q4,2012-12-31,2012-12-31,-34831242.558293,0.0,-43416137.850394,-0.36,-31660.0,0.0,86687344.0,60540075.0,31424066.0,3747269.0,26147269.0,0.0,-208552580.0,212808944.45999998,182638039.45999998,0.6173235015255336,8.3858580742402,0.0,0.0,-0.6156529059739567,0.6173235015255336,-0.5753419129112906,0.0,-1.52742860166305,3.5151747740649477,0.0,0.0,0.0,0.0,8.169639275963375,-0.4018030885603439,-4.67743931543752,0.0,-0.6363636363636362,-20.11628800500839,0.0,-0.30798137910087564,0.0,-0.7045825156271819,-5.367175016416681,-4.888823865388382,0.0,-0.43302236931167937,Gold,Basic Materials,THM
2012Q3,2012,Q3,2012-09-30,2012-09-30,-20433884.683768,0.0,-6818744.221488,-0.22,0.0,0.0,232788222.50444502,199423653.543307,43663048.006096,8278594.86919,33364568.961138,0.0,-73301605.283211,255527184.0,212509212.956058,2.146210194388141,5.274210019455646,0.0,0.0,-0.061379129151385506,2.146210194388141,-0.10246469925058595,0.0,-3.1262678139093922,1.2813283653160505,0.0,0.0,0.0,0.0,5.246797362904281,-0.08777885953134,-14.146161030962677,0.0,-1.3861171366594358,-14.834790180085973,0.0,1.5339623902256498,0.0,-1.5570298151572448,-0.9017174239590279,-15.322262515214007,0.0,0.9472412458802696,Gold,Basic Materials,THM
2012Q2,2012,Q2,2012-06-30,2012-06-30,-7991257.889385,0.0,-3585571.723528,-0.0922,0.0,0.0,205946551.961459,176842956.444794,29926372.038148,7962105.004424,29103595.516665,0.0,-59956351.39121,240981294.82,211602465.796305,2.0400895400771395,3.758600523544961,0.0,0.0,-0.012551118424709087,2.0400895400771395,-0.045188443181674996,0.0,-7.538903704387448,1.3626852867913253,0.0,0.0,0.0,0.0,3.7194398745311945,-0.03880258160806931,-24.401315131240807,0.0,0.2907692307692308,-1.198514398945588,0.0,1.4073509584852473,0.0,0.26291130872541196,0.13409273972796687,-0.2809603685624588,0.0,0.908650266573006,Gold,Basic Materials,THM
2012Q1,2012,Q1,2012-03-31,2012-03-31,-10841650.379368,0.0,-4140826.492668,-0.13,0.0,0.0,203981589.840735,176979538.142346,40403782.662297,3769729.680969,27002051.698389,0.0,-59973215.66387,371874012.51,332060676.971617,2.041665169088006,10.717952235745273,0.0,0.0,-0.03944370948660793,2.041665169088006,-0.06125934383808809,0.0,-8.575124623500308,2.1012260310618442,0.0,0.0,0.0,0.0,10.672863263033225,-0.053150141578134365,-23.40862195469564,0.0,0.0,0.12318423493040409,0.0,2.9391965358543164,0.0,0.0,0.0,-1.5982494935431155,0.0,2.389232233190581,Gold,Basic Materials,THM
2011Q3,2011,Q3,2011-08-31,2011-08-31,-7897142.857143999,0.0,-9031297.819092,-0.0911,0.0,0.0,191082401.552684,184291714.592165,97791195.668829,6790686.960519,6790686.960519,0.0,-51921584.35058,706473939.85,610035585.490738,2.126019643760742,14.40078098687014,0.0,0.0,-0.04362293045140169,2.126019643760742,-0.04285131794785385,0.0,-22.36485880494431,3.8334547020381082,0.0,0.0,0.0,0.0,14.369740978253711,-0.04132846768186891,-40.04376445927826,0.0,-6.062015503875969,-2.406628425180775,0.0,0.9107428584586633,1.0,-6.055005093736992,-3.3431489373897962,-2.278477202431309,0.0,1.507713296325178,Gold,Basic Materials,THM
2011Q2,2011,Q2,2011-05-31,2011-05-31,-1119367.4210319999,0.0,-2079435.439421,-0.0129,-2617.597379,0.0,197271935.302247,193138825.817679,115055383.11921,4133109.484568,4133109.484568,0.0,-40788774.120899,714275492.5600001,600475906.1342441,2.228081379404166,27.83748738057826,0.0,0.0,-0.006098249336223504,2.228081379404166,-0.005795662349571654,0.0,-159.5265949185555,3.698249119699364,0.0,0.0,0.0,0.0,27.743741560219355,-0.005674235513110262,-63.25023152505589,0.0,0.2366863905325443,-6.425599491619185,0.0,36.20488330278827,0.0,0.2222445586745666,-0.3780109551429019,-2.342178150652063,0.0,1.69383154093849,Gold,Basic Materials,THM
2011Q1,2011,Q1,2011-02-28,2011-02-28,-1439228.01636,0.0,-1509012.269939,-0.0169,0.0,0.0,193720699.386503,190823054.192229,123002245.398773,2897645.194274,2897645.194274,0.0,-39101562.372188,794339226.0000001,672392185.1002041,2.2341266122840695,42.44903607999909,0.0,0.0,-0.0068170685642378135,2.2341266122840695,-0.007542212456730558,0.0,-137.9800867149929,4.162700515210328,0.0,0.0,0.0,0.0,42.39058476719561,-0.007429397172929443,-85.48113372658386,0.0,0.23873873873873885,-7.372718562534108,-1.0,21.168084442062852,0.0,0.09228135258184769,0.36792726824786515,0.43057019969933663,0.0,1.5444845055761236,Gold,Basic Materials,THM
2010Q4,2010,Q4,2010-11-30,2010-11-30,-1585544.177652,0.0,-2387402.89548,-0.0222,0.0,0.0,183490811.36221,180769124.686127,122323312.931576,2721686.676083,2721686.676083,0.0,-36172052.534526,690281310.3000001,568917700.954426,2.5271176072592643,44.94393642240311,0.0,0.0,-0.009794889837967287,2.5271176072592643,-0.008771100598097223,0.0,-108.83981033600458,3.8185797021396715,0.0,0.0,0.0,0.0,44.887141985009805,-0.008641000417847317,-48.62232218203771,0.0,0.7040000000000001,-3.661047561179942,-1.0,23.57051544867605,0.0,0.6842490365401191,0.30881478037454857,-0.31782668842179584,0.0,1.8328946445482395,Gold,Basic Materials,THM
2010Q3,2010,Q3,2010-08-31,2010-08-31,-5021502.263297,0.0,-3454071.105244,-0.075,0.0,0.0,83137120.897774,79179562.429272,34265140.513014,3957558.468502,3957558.468502,0.0,-33326676.725764,418668618.75,385204664.581762,1.1820142303965073,8.658151429910248,0.0,0.0,-0.0588704094014675,1.1820142303965073,-0.0634191716806027,0.0,-20.84379319163704,5.287584395581629,0.0,0.0,0.0,0.0,8.606742609187503,-0.060400242503844646,-51.54221071286148,0.0,0.46428571428571436,-27.719171671154953,-1.0,12.368815167808293,-1.0,0.4589158858785264,0.6370877852095822,-4.397703944425968,0.0,0.39556675873033753,Gold,Basic Materials,THM
2010Q2,2010,Q2,2010-05-31,2010-05-31,-9280446.666689,0.0,-9517649.074553,-0.14,946.457213,0.0,93253527.560846,92047068.579877,41908453.06695,1206458.980969,1206458.980969,0.0,-39234295.625142,470248592.58,429058657.78585297,1.374103892338196,34.73674093195452,0.0,0.0,-0.10146835289993772,1.374103892338196,-0.10082283781406437,0.0,-12.667725204108397,5.108784014907825,0.0,0.0,0.0,0.0,34.5106440977282,-0.09951845157421739,-73.60366551651155,0.0,-0.5625000000000001,-21.092513986211333,-1.0,14.948671374247075,5.461081507144103,-0.729956096387412,-23.495175014785534,-2.303932703409409,0.0,0.6214731056135828,Gold,Basic Materials,THM
2010Q1,2010,Q1,2010-02-28,2010-02-28,-5364556.1792399995,0.0,-388551.99315,-0.0896,-212.158691,0.0,66149634.668443,64641141.661117,19417878.413091,1508493.007326,1508493.007326,0.0,-29950807.72524,396929766.35289997,377884369.14997,1.080023781842608,12.872368860039806,0.0,0.0,-0.01561324383896683,1.080023781842608,-0.08298981177287734,0.0,-18.4977914803538,6.1405129326739845,0.0,0.0,0.0,0.0,12.784953994662507,-0.0810972911056633,-105.28004148047958,0.0,-0.4859038142620232,-94.59490284968054,-1.0,10.484676183311436,0.7753751277040405,-0.5343857717026271,0.8074948073128928,0.3716384713314281,0.0,1.0838019889299941,Gold,Basic Materials,THM
2009Q4,2009,Q4,2009-11-30,2009-11-30,-3496223.882008,0.0,-2018397.4662000001,-0.0603,-944.502222,0.0,64006458.353031,63115476.032902,19120986.101919,890982.320129,890982.320129,0.0,-26072174.52964,420848318.88,402086795.763804,1.0887969262139887,21.46056736473804,0.0,0.0,-0.04417122307282427,1.0887969262139887,-0.05539408243051868,0.0,-30.093061334382607,6.667910080573779,0.0,0.0,0.0,0.0,21.295669954743726,-0.05462298605438208,-50.40853604001433,0.0,-3.466666666666667,-101.85196719564163,-1.0,10.096564736947379,-3.137864243569441,-3.5844657578562016,-1.5012415691133054,0.136210747496645,0.0,1.055943161568412,Gold,Basic Materials,THM
2009Q3,2009,Q3,2009-08-31,2009-08-31,-762624.058434,0.0,-806958.228715,-0.0135,-228.258388,0.0,63818456.06026,62387391.919653,26315278.703492,1431064.140607,1431064.140607,0.0,-22267905.04451,176603347.44,150628422.993527,1.1021799168073423,18.388608837847137,0.0,0.0,-0.012201465141167612,1.1021799168073423,-0.012224009290469498,0.0,-57.89331764678514,2.8307538110816135,0.0,0.0,0.0,0.0,18.298362929566448,-0.011949898281993835,-26.656070324911813,0.0,0.8125,-4.231661026615895,0.0,11.238754733566854,0.9933691987570203,0.8127916353783233,0.7411409229236693,0.4961984795819403,0.0,-0.009424766625911754,Gold,Basic Materials,THM
2009Q2,2009,Q2,2009-05-31,2009-05-31,-4073664.443227,0.0,-3117365.007359,-0.072,-34423.952647,0.0,60856394.495413,60501648.623853,30133934.862385,354745.87156,354745.87156,0.0,-21585838.53211,176037311.07,146230576.207615,1.06886503819274,84.94513193309508,0.0,0.0,-0.0607646326506424,1.06886503819274,-0.0673314618012069,0.0,-10.803375776488235,2.9096283336748057,0.0,0.0,0.0,0.0,84.515145872521,-0.06693897127826147,-33.598728361818665,0.0,-0.49688149688149685,-3.458130415629641,0.0,10.97590599182521,-11.979782918487919,-0.909760315792892,-30.94547268906815,-40.384557075841656,0.0,16.848090909060833,Gold,Basic Materials,THM
2009Q1,2009,Q1,2009-02-28,2009-02-28,-2133076.286872,0.0,-97583.937408,-0.0481,-2652.12083,0.0,27121687.999685,26693994.722539,3025970.619511,427693.277145,427693.277145,0.0,-16037205.308968,97045296.99,94318889.99539599,0.6023975427514472,7.075095123567049,0.0,0.0,-0.00998157758814046,0.6023975427514472,-0.07990847038981928,0.0,-11.373866184166088,3.6354729967808104,0.0,0.0,0.0,0.0,6.547082938908748,-0.07864836019412856,-48.670301393274904,0.0,0.699375,-54.054335402305654,0.0,4.593649299961578,0.0,0.6910520633337053,0.9700490620448455,-22.918611163083533,-1.0,4.977279676979778,Gold,Basic Materials,THM
2008Q4,2008,Q4,2008-11-30,2008-11-30,-6904322.812085999,0.0,-3258126.258153,-0.16,0.0,0.0,29008738.223688997,28720913.116998,5180725.501248,287825.106691,287825.106691,0.0,-14904464.127547,42570661.6,37589440.889798,0.6544245420768386,17.999560777753363,0.0,0.0,-0.17476515961912314,0.6544245420768386,-0.24039356910278,0.0,-1.5414495656793512,1.4822182507423574,0.0,0.0,0.0,0.0,17.576774374061895,-0.23800838074535138,-13.369233277850384,0.0,-4.755395683453238,-107.58470660076814,0.0,4.863826007351099,0.0,-5.035342565390885,-3.8275505287453053,-32.08159282779644,-1.0,5.362801744921747,Gold,Basic Materials,THM
2008Q3,2008,Q3,2008-08-31,2008-08-31,-1143981.92601,0.0,-674902.569896,-0.0278,0.0,0.0,36059238.444884,34901915.654711,10436138.56726,1157322.790172,1157322.790172,0.0,-13734904.452603,56811853.8,46621259.805836,0.8477921486783306,9.017482983903733,0.0,0.0,-0.025920416037507433,0.8477921486783306,-0.03277705262162558,0.0,-12.415373990686497,1.6277574664395713,0.0,0.0,0.0,0.0,8.917966462346351,-0.03172507172492173,-14.899846509222641,0.0,-3.895833333333333,-18.5771737878315,-1.0,6.9976937007494975,0.0,-3.888253632671462,0.17410817711768473,-9.646035936397833,-1.0,8.588697195800815,Gold,Basic Materials,THM
2008Q2,2008,Q2,2008-05-31,2008-05-31,396080.840363,0.0,-817180.351224,0.0096,0.0,0.0,34779217.539978,34050264.507694,11390124.710852,728953.032284,728953.032284,0.0,-13833491.903852,67927216.5,57005017.96837,0.8271049416207875,15.625320434107763,0.0,0.0,0.021287663842586877,0.8271049416207875,0.011632239751720624,0.0,42.87459123101366,1.994910097824678,0.0,0.0,0.0,0.0,15.35845159616841,0.011388434484120098,-28.528147980747047,0.0,1.3243243243243241,8.338069999223418,0.0,6.633811966076438,0.0,1.3369954117785274,0.322063893108514,2.5342304996752203,-1.0,8.599874492371436,Gold,Basic Materials,THM
2008Q1,2008,Q1,2008-02-29,2008-02-29,-1175330.0683610002,0.0,-1205394.347516,-0.0296,0.0,0.0,35209843.89348,34873976.124885,13754229.16029,335867.768595,335867.768595,0.0,-13653437.404346,75465264.0,61843453.980614,0.8780272025190491,40.95132205697084,0.0,0.0,-0.032573130669670707,0.8780272025190491,-0.033702210042012404,0.0,-16.051930013420918,2.1639420675679792,0.0,0.0,0.0,0.0,40.60421223389169,-0.03338072363844369,-31.590523072804025,0.0,-0.7619047619047621,-27.42696896079636,0.0,7.6784836239777565,0.0,-0.7974566858994575,-1.1801168601350585,-31.900140327642784,-1.0,8.336700052906439,Gold,Basic Materials,THM
2007Q4,2007,Q4,2007-11-30,2007-11-30,-653885.0574710001,0.0,-552903.548226,-0.0168,0.0,0.0,34914509.745127,34679689.155422,15560930.534733,234820.589705,234820.589705,0.0,-12305542.228886,65700227.059999995,50490353.99653199,0.8920619805337882,66.26731733482936,0.0,0.0,-0.015867381702303212,0.8920619805337882,-0.01885498611422151,0.0,-25.119180469617095,1.894487195821018,0.0,0.0,0.0,0.0,64.8107117622912,-0.018728175255625996,-18.993553346828296,0.0,-0.20863309352517986,-15.088757928290432,0.0,8.203801717812052,0.0,-0.23086741145884454,0.09832084124711167,-27.68293512951624,-1.0,8.091524119913972,Gold,Basic Materials,THM
2007Q3,2007,Q3,2007-08-31,2007-08-31,-531239.2312800001,0.0,-613193.221623,-0.0139,0.0,0.0,33880018.934015,32398732.367699,16802521.064092,1481286.566316,1481286.566316,0.0,-11233357.000852,87979961.1,71329762.292843,0.8469779199039417,11.343194116638974,0.0,0.0,-0.016026945026995067,0.8469779199039417,-0.016396914090677103,0.0,-41.4031738996458,2.715537142055427,0.0,0.0,0.0,0.0,11.263205390487439,-0.015680015773150716,-21.382552120008857,0.0,0.6682577565632458,-10.83189208408497,0.0,7.609488115344998,0.0,0.6688026023014191,0.7716866480731908,-4.3927171560775955,0.0,8.404957274559841,Gold,Basic Materials,THM
2007Q2,2007,Q2,2007-05-31,2007-05-31,-1603995.7891320002,0.0,-2685752.788648,-0.0419,0.0,0.0,33309752.220664,32416472.183263,20681857.877513,893280.037401,893280.037401,0.0,-10597990.649836,101750737.62,81266143.88461,0.8474416797793389,23.152714727272876,0.0,0.0,,0.8474416797793389,-0.049480886756090685,0.0,-15.858947122776154,3.1388590666116682,0.0,0.0,0.0,0.0,23.05107378032284,-0.0481539393780584,-42.36520598072616,0.0,0.7007142857142858,-30.981967975738712,0.0,6.8215110442629285,0.0,0.628250399014118,0.34784155549455825,-1.5975214822533392,0.0,8.495007814786188,Gold,Basic Materials,THM
2007Q1,2007,Q1,2007-02-28,2007-02-28,-4314720.943555001,0.0,-4118251.954377,-0.14,0.0,0.0,15752595.15571,15677653.893802,6096647.443291,74941.261908,74941.261908,0.0,-7790053.398266,74108886.25,68141930.805513,0.5182948224352096,81.35234566473429,0.0,0.0,-0.269739731696464,0.5182948224352096,-0.27521470832193723,0.0,-4.293955925509978,4.727039310345931,0.0,0.0,0.0,0.0,80.4171008377384,-0.27390540421468274,-71.20358129509448,0.0,-1.0057306590257882,-136.02907114487476,0.0,4.122863068469498,0.0,-1.0592747700488474,-9.714138499940736,-162.14134026210115,0.0,3.812701355730183,Gold,Basic Materials,THM
