Quarters,Year,Quarter,FillingDate,Date,MarketCap,EnterpriseValue,bookValuePerShare,debtToAssets,roic,priceToSalesRatio,peRatio,pbRatio,payoutRatio,inventoryTurnover,dividendYield,quickRatio,priceToFreeCashFlowsRatio,grossProfitMargin,epsdilutedGrowth,Industry,Sector,Symbol,ReturnOnAssets,ReturnOnEquity,CurrentRatio,OperatingMargin,NetProfitMargin,DebtToEquity,AssetsTurnover,roicIncrease,quickRatioIncrease,ReturnOnAssetsIncrease,ReturnOnEquityIncrease,CurrentRatioIncrease,OperatingMarginIncrease,NetProfitMarginIncrease,DebtToEquityIncrease,NetIncomeGrowth,RevenueGrowth,OperatingIncomeGrowth,GrossProfitGrowth
2009Q4,2009,Q4,2009-06-30,2009-06-30,0.0,-46174000.0,0.0,0.0888099024101269,0.0,0.0,0.0,0.0,0.0,0.0,0.0,1.4563948282654633,0.0,0.0,0.0,Semiconductors,Technology,AOSL,0.058235899354597324,0.09851369740187133,1.8995737975000895,0.12238178727732645,0.12499163510312244,0.6916317682675978,0.46591837370997413,0.0,-1.4563948282654633,-0.0003415214138493272,-0.00956533393175174,0.14985984677364272,0.0,0.0,-0.1552414202936756,0.0,0.01462682061512305,0.0,0.0
2010Q1,2010,Q1,2009-09-30,2009-09-30,140219400.0,18056100.0,7.239064856711916,0.0,0.0,1.8766733139713851,3.7535978156119496,0.0,0.0,0.0,0.0,0.0,26.019558359621453,0.2513618052116653,0.0,Semiconductors,Technology,AOSL,0.057894377940748,0.08894836347011958,2.049433644273732,0.12238178727732645,0.12499163510312244,0.5363903479739222,0.4631860195522934,0.0,-1.4563948282654633,-0.0003415214138493272,-0.00956533393175174,0.14985984677364272,0.0,0.0,-0.1552414202936756,0.0,0.0,0.0,0.0
2010Q2,2010,Q2,2009-12-31,2009-12-31,140821200.0,82286200.0,14.478129713423831,0.0033342167055966,0.0540188076134662,2.200950267262668,3.622317110813869,1.2225335972497136,0.0,1.809656965066362,0.0,1.6036266066559917,17.389627068411954,0.2818448938764027,0.0212765957446808,Semiconductors,Technology,AOSL,0.05989880251699464,0.08437510851824843,2.230514562686632,0.10271638898440186,0.151902097464912,0.40862763482307185,0.394325052231953,0.0540188076134662,1.6036266066559917,0.0020044245762466453,-0.00457325495187115,0.18108091841289964,-0.019665398292924588,0.026910462361789567,-0.1277627131508503,0.04068958132562373,-0.143675468768821,-0.28127734033245844,-0.03982748522442894
2010Q3,2010,Q3,2010-03-31,2010-03-31,141069000.0,136690175.0,11.521135849250916,0.0,0.0,1.8162143372128952,3.678269712140175,0.0,0.0,0.0,0.0,0.0,-377.1898395721925,0.2681403852095993,-0.0208333333333333,Semiconductors,Technology,AOSL,0.045611097368370976,0.06295800173351193,2.5016073216575614,0.11956689669378927,0.12344216706148933,0.3803220129750742,0.36949365402546,-0.0540188076134662,-1.6036266066559917,-0.014287705148623667,-0.021417106784736503,0.27109275897092955,0.01685050770938741,-0.02845993040342268,-0.028305621847997675,-0.013478752958123263,0.2139664280578913,0.4131162507608034,0.15493816891254922
2010Q4,2010,Q4,2010-06-30,2010-06-30,305408150.0,191094150.0,8.564141985078,0.0164660859056347,0.0393595445699271,3.573320736173349,8.535722470653997,1.6125374875921352,0.0,2.218152922479251,0.0,2.212300413956239,113.3660541945063,0.2651487673893458,-0.1914893617021276,Semiconductors,Technology,AOSL,0.034648115367184804,0.04722908614754272,2.6868273211117684,0.09519240894359358,0.10465782915443027,0.36310692939660816,0.33106090243911884,0.0393595445699271,2.212300413956239,-0.010962982001186172,-0.015728915585969214,0.18521999945420697,-0.024374487750195684,-0.018784337907059065,-0.017215083578466017,-0.06706299541093033,0.10038366464105469,-0.12393668568967374,0.08810678446247659
2011Q1,2011,Q1,2010-09-30,2010-09-30,251226400.0,130201400.0,9.04304770517748,0.0181533189953705,0.0395521969780417,2.8096044376349014,7.060888139404159,1.2562136538875028,0.0,2.140867279894876,0.0,2.159168794287509,38.01277046451808,0.271190042162005,0.0,Semiconductors,Technology,AOSL,0.03242445230197208,0.04447789106291909,2.625029013011482,0.09725220036458392,0.09947772794882405,0.37173916304559795,0.325946852331134,0.00019265240811459916,-0.053131619668730146,-0.002223663065212725,-0.0027511950846236255,-0.06179830810028619,0.002059791420990331,-0.005180101205606219,0.008632233648989796,-0.005589714924538848,0.046192186640770336,0.0688298918387414,0.07002912364310299
2011Q2,2011,Q2,2010-12-31,2010-12-31,294794910.0,195057910.0,10.292292292292291,0.0440731327077178,0.0313418315905744,3.510215403300707,7.420331000805477,1.2465638980743048,0.0,1.346681639528355,0.0,1.696289549584716,-73.0956880733945,0.2860255769093377,0.0789473684210525,Semiconductors,Technology,AOSL,0.030124172737805655,0.04199825782498753,2.203023008696029,0.09889023838441571,0.11826343740325308,0.3941713251524403,0.25472092980934297,-0.008210365387467299,-0.46287924470279296,-0.002300279564166424,-0.0024796332379315653,-0.422006004315453,0.0016380380198317973,0.018785709454429034,0.022432162106842346,0.1165823496346262,-0.06078262522786495,-0.04496320147194112,-0.00940244958554992
2011Q3,2011,Q3,2011-03-31,2011-03-31,309280680.0,210851680.0,10.198219268012473,0.0395970321021067,0.0381989835339056,3.395927267935964,7.714274169410356,1.244334884993422,0.0,1.1747744725266531,0.0,1.57872309467142,-203.20675427069645,0.3079364033642972,-0.0487804878048779,Semiconductors,Technology,AOSL,0.028982112805565678,0.04032572791901863,2.1776713054865566,0.11946329358543602,0.11005336319915673,0.3914005576320353,0.2633459983691598,0.006857151943331197,-0.11756645491329598,-0.001142059932239977,-0.0016725299059688961,-0.025351703209472554,0.020573055201020304,-0.008210074204096349,-0.002770767520405004,0.009162303664921465,0.0844466671429592,0.31005418422636966,0.16752008659089962
2011Q4,2011,Q4,2011-09-09,2011-06-30,324254000.0,237982000.0,10.634602811376269,0.0008807326774849,0.0355184937773353,3.3485206795063767,9.030132560989196,1.2459327569644572,0.0,1.041026191169484,0.0,1.5571530146181565,-24.86801135056369,0.2985180977952186,-0.1025641025641026,Semiconductors,Technology,AOSL,0.025837703417588172,0.03449375600384246,2.4264572964243967,0.10257654773583931,0.0927040842670522,0.33501633045148893,0.27871159746487145,-0.0026804897565703006,-0.02157008005326344,-0.003144409387977505,-0.005831971915176169,0.24878599093784004,-0.016886745849596707,-0.017349278932104528,-0.056384227180546365,-0.10435997206425222,0.0632562531567736,-0.08704044117647058,0.030736316633981103
2012Q1,2012,Q1,2011-11-08,2011-09-30,200915120.00000003,116806120.00000004,10.71236515201046,0.0129446314466504,0.0079900430958175,2.407668488160292,23.48236559139785,0.7664040464919342,0.0,1.1793693372601248,0.0,2.0712531159591694,-320.43878787878793,0.2465846994535519,-0.7714285714285714,Semiconductors,Technology,AOSL,0.00665430585541584,0.00815935732186929,3.14197856583999,0.03475218099894545,0.025632729364394594,0.22617707979691248,0.25960192380679803,-0.027528450681517797,0.5141001013410129,-0.019183397562172334,-0.02633439868197317,0.7155212694155932,-0.06782436673689386,-0.06707135490265762,-0.10883925065457645,-0.7617244068174223,-0.13824546909691743,-0.7080438940904057,-0.2881654962465839
2012Q2,2012,Q2,2012-02-08,2011-12-31,179372780.0,92956780.0,10.837069035781235,0.0322974476153727,0.0053693143412353,2.2223530286323143,30.422791723202167,0.67453662755716,0.0,1.3534193128860952,0.0,2.151176048996612,118.632791005291,0.2263947567306382,-0.25,Semiconductors,Technology,AOSL,0.004443386016899337,0.0055430204572803855,2.9694422726088088,0.028892495632673796,0.018262237805557965,0.24747668471720818,0.24331005127679523,-0.0026207287545822007,0.07992293303744269,-0.002210919838516503,-0.002616336864588905,-0.17253629323118114,-0.005859685366271652,-0.00737049155883663,0.0212996049202957,-0.31089294062646095,-0.032774901735212345,-0.19586206896551725,-0.11196967487972008
2012Q3,2012,Q3,2012-05-08,2012-03-31,237373500.0,170259499.99999997,10.953272543059777,0.0350802516859658,0.0095056547427429,2.830660163609912,22.789314516129032,0.8782763290314941,0.0,1.2138371874412484,0.0,1.6784184700910458,145.44944852941174,0.2300794199718571,0.6666666666666669,Semiconductors,Technology,AOSL,0.007540154799030551,0.009634738337674639,2.5053890007658053,0.04479000214648573,0.03105249350091822,0.2777905221406583,0.24281962409258986,0.004136340401507601,-0.47275757890556624,0.0030967687821312146,0.004091717880394253,-0.4640532718430035,0.015897506513811933,0.012790255695360256,0.03031383742345012,0.7666214382632293,0.03896522245487096,0.6106346483704974,0.055874787938488484
2012Q4,2012,Q4,2012-08-31,2012-06-30,227743500.0,166538500.0,11.225110486139013,0.0572459354866901,0.022492882693053,2.415812754582485,8.497891791044777,0.8151367428675736,0.0,1.0527988081121349,0.0,1.8932711713262096,-38.25050386294928,0.2654128479293958,1.6,Semiconductors,Technology,AOSL,0.018298161717514617,0.02398055785220102,3.0316650761119543,0.0821771045485404,0.07107094365241005,0.3105446449982641,0.25746332857216986,0.012987227950310098,0.21485270123516376,0.010758006918484067,0.014345819514526383,0.5262760753461491,0.037387102402054666,0.04001845015149183,0.032754122857605816,1.5729646697388633,0.12418612416227431,1.062566560170394,0.2968280294392039
2013Q1,2013,Q1,2012-11-06,2012-09-30,222838200.0,148124200.0,11.548126847192268,0.0552537453537113,0.0256723190842813,2.327024571589687,7.014549231931504,0.7706877589558072,0.0,0.9883472190947984,0.0,2.119757014752676,16.670771302461286,0.266632553962469,0.1923076923076922,Semiconductors,Technology,AOSL,0.021422829798827165,0.027467472729662244,3.4263131923292893,0.10253652321926462,0.08293564185837658,0.2821589392063415,0.25830667393169077,0.0031794363912283005,0.22648584342646627,0.0031246680813125476,0.0034869148774612224,0.394648116217335,0.02035941867072423,0.011864698205966528,-0.028385705791922622,0.1853731343283582,0.01579472165648337,0.26745837098231573,0.02046281123855961
2013Q2,2013,Q2,2013-02-06,2012-12-31,212452800.0,139655800.0,11.677645105171596,0.0506158747013538,0.0119795516809032,2.375154279581433,14.285422270037657,0.7193231104685611,0.0,0.963154655326768,0.0,2.28887908058465,-65.77486068111455,0.2302343260889008,-0.5483870967741935,Semiconductors,Technology,AOSL,0.00986992301566233,0.012588411754150148,3.6204016500585667,0.054668634290313926,0.041566049548340936,0.2754316051071437,0.23745155295991505,-0.0136927674033781,0.1691220658319743,-0.011552906783164835,-0.014879060975512096,0.1940884577292774,-0.0478678889289507,-0.04136959231003565,-0.00672733409919779,-0.5318559556786704,-0.06592454130595962,-0.5019859456156431,-0.193435945638977
2013Q3,2013,Q3,2013-05-06,2013-03-31,228184320.00000003,143226320.00000003,11.131542780853652,0.0524118458132598,-0.0431143379701731,3.0418492301539697,-4.330530630835801,0.8049198728689501,0.0,1.0398998405198754,0.0,2.2568962028731367,18.905080364540183,0.0699193494634406,-4.714285714285714,Semiconductors,Technology,AOSL,-0.036181807195161474,-0.04646773926141234,3.5195251905307883,-0.1746983936546024,-0.17560487902419517,0.28428464091827843,0.20604101318948137,-0.0550938896510763,-0.031982877711513424,-0.0460517302108238,-0.05905615101556248,-0.10087645952777846,-0.22936702794491634,-0.21717092857253611,0.008853035811134724,-4.543033889187735,-0.16135631875503087,-3.679959100204499,-0.745314169175488
2013Q4,2013,Q4,2013-08-30,2013-06-30,200928600.0,127181600.0,10.995897796530707,0.052365703957948,-0.0131366731390121,2.602297570325856,-12.36635893648449,0.7139025976102412,0.0,0.936493071306282,0.0,2.443476472677647,-17.066898836320394,0.1711262498057296,0.6923076923076923,Semiconductors,Technology,AOSL,-0.011399833296381633,-0.014432352345523732,3.848404404479258,-0.0373258042791276,-0.05260840283893695,0.26601433286788817,0.21669225221078747,0.029977664831160995,0.18658026980451003,0.02478197389877984,0.03203538691588861,0.32887921394846975,0.1373725893754748,0.12299647618525822,-0.01827030805039026,0.6916419949897518,0.0292874758381657,0.7800839374284624,1.519161105815062
2014Q1,2014,Q1,2013-11-06,2013-09-30,216002440.0,136905440.0,11.018221460831644,0.0474104915843431,0.0010627208238146,2.567758823599339,175.89775244299673,0.7632810821507322,0.0,0.9787787553710796,0.0,2.527201594448956,41.8447191011236,0.2038848801131703,1.0625,Semiconductors,Technology,AOSL,0.0008613457756180226,0.0010848363204613558,3.898483058979848,0.016214738293648435,0.0036495048798754173,0.25946669870526373,0.2360171595790348,0.0141993939628267,0.08372512177130931,0.012261179071999655,0.015517188665985088,0.05007865450058979,0.05354054257277603,0.056257907718812374,-0.006547634162624438,1.0755785327424914,0.08948090970315495,1.4732824427480915,0.29803980927874063
2014Q2,2014,Q2,2014-02-07,2013-12-31,199272660.0,112684660.0,10.99009517913797,0.0455343756693082,0.0005547356108778,2.612897921720317,311.36353125,0.7015407850730505,0.0,0.9980722354103272,0.0,3.0069046101550883,30.20655752614825,0.1785747066150921,-0.395359383266571,Semiconductors,Technology,AOSL,0.0004569143999428857,0.0005632811124801971,4.4630337794773745,0.017544089687274635,0.002097947944666623,0.23279352226720648,0.2177911044477761,-0.0005079852129367999,0.47970301570613216,-0.0004044313756751369,-0.0005215552079811587,0.5645507204975266,0.0013293513936262005,-0.0015515569352087945,-0.02667317643805725,-0.4788273615635179,-0.09338928448306606,-0.01906158357771261,-0.20593551396420035
2014Q3,2014,Q3,2014-05-09,2014-03-31,191853120.0,96208120.0,10.811140522499713,0.0428546105373909,-0.0110404931015296,2.544302367217028,-14.560801457194902,0.6807792373693287,0.0,1.055065047991706,0.0,2.914661565162512,21.95115789473684,0.163251773755056,-22.500375,Semiconductors,Technology,AOSL,-0.009417778845164168,-0.011688560539930592,4.205328968128748,-0.03876400769179763,-0.04368410582852596,0.2411164810832677,0.21558822520327992,-0.0115952287124074,-0.09224304499257618,-0.009874693245107053,-0.01225184165241079,-0.2577048113486269,-0.05630809737907226,-0.04578205377319258,0.00832295881606121,-21.5875,-0.011276470202583098,-3.1846038863976083,-0.09611572068433806
2014Q4,2014,Q4,2014-08-29,2014-06-30,243003780.0,141102780.0,10.79709315632868,0.0408455652288471,-0.0074826462388424,2.9515824122434107,-126.30134095634097,0.8585644178281837,0.0,0.9966796875,0.0,2.0963241686589877,31.355326451612903,0.1942305356492165,0.8461538461538461,Semiconductors,Technology,AOSL,-0.0013201664342880981,-0.0016994364654548024,3.094150728102586,0.0003400947406777602,-0.005842341795214381,0.2872895578285371,0.22596528593542436,0.0035578468626871994,-0.8183373965035243,0.00809761241087607,0.00998912407447579,-1.1111782400261614,0.03910410243247539,0.037841764033311576,0.04617307674526941,0.8539769277474195,0.0918374113122472,1.009579199452617,0.2990251827782291
2015Q1,2015,Q1,2014-11-07,2014-09-30,248019000.0,139872000.0,10.81895016107637,0.0246472248353715,0.0019315817943278,2.8114649103914213,109.9375,0.8688458547316944,0.0,1.0240754275690689,0.0,2.190513029899285,46.93773656320969,0.2058560141469331,2.0,Semiconductors,Technology,AOSL,0.0015605113164739084,0.0019757722677241486,3.2517012650248565,0.019950803133182947,0.006393325549497263,0.2661056968100386,0.24408444469038793,0.0094142280331702,0.09418886124029724,0.0028806777507620063,0.003675208733178951,0.15755053692227028,0.019610708392505186,0.012235667344711643,-0.021183861018498507,2.1725571725571724,0.07150491922749909,61.857142857142854,0.13563879682321306
2015Q2,2015,Q2,2015-02-06,2014-12-31,235206450.0,123218450.0,10.765887797719833,0.0227942891999089,-0.0041661876584953,2.8920722260476097,-45.33663261372398,0.8220408912188729,0.0,0.9443285416249892,0.0,2.359805899875084,83.11181978798587,0.1874139287822152,-3.5000000000000004,Semiconductors,Technology,AOSL,-0.0036458494379432572,-0.00453298383573613,3.5895551071394256,-0.003971571906354515,-0.0159477670666929,0.24332721712538227,0.22861190677644505,-0.0060977694528231,0.16929286997579895,-0.005206360754417166,-0.006508756103460278,0.33785384211456915,-0.023922375039537463,-0.02234109261619016,-0.022778479684656322,-3.299645390070922,-0.07809152430937348,-1.1835227272727273,-0.1606828193832599
2015Q3,2015,Q3,2015-05-07,2015-03-31,235642770.0,130417770.0,10.543350852648691,0.0213265229734476,-0.0141806873047158,3.06355820484152,-14.350960414129112,0.8450823769903888,0.0,0.9674714602403824,0.0,2.3238168973192685,-79.31429485021879,0.1659429522348475,-2.2,Semiconductors,Technology,AOSL,-0.011819275928986451,-0.014721704203127241,3.499983870447434,-0.0439949036636418,-0.053368522322473286,0.24556735045187203,0.22146530229129838,-0.0100144996462205,-0.035989002555815386,-0.008173426491043193,-0.010188720367391112,-0.08957123669199163,-0.04002333175728729,-0.03742075525578038,0.002240133326489757,-2.1649961449498845,-0.05422486720440685,-9.476780185758514,-0.16257708962078468
2015Q4,2015,Q4,2015-08-27,2015-06-30,229923180.0,124843180.0,10.49583760976166,0.0026992372718484,-0.0110778090237018,2.822112873134329,-18.560153374233128,0.832711054129816,0.0,1.0464511102454226,0.0,2.1837888357929964,464.4912727272727,0.1757168106834249,0.25,Semiconductors,Technology,AOSL,-0.008883674634340838,-0.011216381639467756,3.2544884453623166,-0.022633542812254517,-0.03801305970149254,0.2625835705541914,0.233700594061678,0.003102878281014,-0.14002806152627212,0.002935601294645613,0.0035053225636594854,-0.24549542508511735,0.021361360851387286,0.015355462620980746,0.017016220102319374,0.2455542021924482,0.059205907589900936,0.4550827423167848,0.12159197743654027
2016Q1,2016,Q1,2015-11-06,2015-09-30,176817420.0,104727420.0,10.569036919552383,0.0023141395873441,-0.0081925997538501,2.171163938653471,-22.38195189873418,0.7370586420782339,0.0,1.0713386487620646,0.0,1.7726848123691417,100.8081071835804,0.1849359643414089,0.25,Semiconductors,Technology,AOSL,-0.006401156421575301,-0.00823273418481342,2.879980673216299,-0.009356696423089674,-0.024251280099215365,0.2861323240070697,0.26395127990717515,0.0028852092698516997,-0.41110402342385477,0.0024825182127655374,0.0029836474546543357,-0.3745077721460177,0.013276846389164843,0.013761779602277174,0.023548753452878324,0.3622860833064256,-0.0004050471327572663,0.586767895878525,0.05203967588711931
2016Q2,2016,Q2,2016-02-04,2015-12-31,204652110.0,123343110.0,10.623332884278591,0.0016179286510144,-0.0068029125661011,2.563759599123082,-31.758552141527,0.8650769113712162,0.0,1.0613891525645642,0.0,1.895387641830892,17.171682329249872,0.187560288130285,0.2222222222222221,Semiconductors,Technology,AOSL,-0.005374191869658334,-0.0068097949452806976,3.071416025573471,-0.007491387409959286,-0.02018164735358597,0.2671291071179477,0.2662910403448023,0.001389687187749,0.12270282946175026,0.001026964551916967,0.0014229392395327225,0.19143535235717213,0.0018653090131303882,0.004069632745629395,-0.019003216889122043,0.1843037974683544,-0.01981851447095372,0.2152230971128609,-0.005909302171170573
2016Q3,2016,Q3,2016-05-10,2016-03-31,263449200.0,184826200.0,10.602959697732995,0.0008123761524591,-0.0059527794450343,3.174583970983407,-52.14750593824228,1.1176124721603564,0.0,0.9816966323570556,0.0,1.544572510370556,-242.14080882352943,0.1966452576909636,0.1428571428571429,Semiconductors,Technology,AOSL,-0.004023651296297477,-0.00535793827553293,2.616275508783652,-0.0005904539265186113,-0.015219251208020533,0.33161098737936157,0.2643790578985263,0.0008501331210668001,-0.3508151314603358,0.001350540573360857,0.0014518566697477673,-0.45514051678981904,0.006900933483440674,0.004962396145565437,0.06448188026141388,0.2160148975791433,0.03961165048543689,0.9180602006688964,0.08996794015495592
2016Q4,2016,Q4,2016-08-26,2016-06-30,314929440.0,227974440.0,10.710456475583864,0.0025713882042668,0.009103178289225,3.4452405644896618,40.985091098386256,1.3005981614094209,0.0,1.0449105275389263,0.0,1.646056419113414,55.279873617693525,0.2129963898916967,2.333333333333333,Semiconductors,Technology,AOSL,0.0060313024913266665,0.00793336141602861,2.7048071387449624,0.031933048900557925,0.02101520621376217,0.3157899084008557,0.2869970644102918,0.015055957734259301,0.10148390874285784,0.010054953787624143,0.01329129969156154,0.08853162996131037,0.032523502827076535,0.036234457421782704,-0.015821078978505876,2.520981789390341,0.10149782496053598,60.57142857142857,0.19308781175317116
2017Q1,2017,Q1,2016-11-07,2016-09-30,500233320.0,383756320.0,10.973687638400415,0.002221507296861,0.0096926511719373,5.1378702163061565,37.81624735409736,1.9792799572674933,0.0,1.0771230255077269,0.0,2.1107074625137496,-61.9330593041971,0.2253856740822908,0.7500000000000001,Semiconductors,Technology,AOSL,0.00917169117443131,0.013084851722159575,3.2042783534996815,0.03843388591031409,0.033966023705347057,0.3000455022058678,0.2700254599712674,0.0005894728827122997,0.4646510434003357,0.003140388683104644,0.005151490306130964,0.4994712147547191,0.0065008370097561635,0.012950817491584887,-0.015744406194987903,0.7214992191566892,0.06511322612405646,0.28194587187392944,0.1270672829994864
2017Q2,2017,Q2,2017-02-09,2016-12-31,499440870.0,378752870.0,11.00276819556237,0.002234633785232,0.0065595151461956,5.27465090244701,43.85676765015806,1.933149878462277,0.0,1.0335141445635616,0.0,2.183275023719165,207.58140897755607,0.2333372057410204,-0.2142857142857143,Semiconductors,Technology,AOSL,0.007864032616261726,0.011019678273390206,3.314753320683112,0.029951313274261513,0.030067485504873953,0.28606651287370916,0.2615460682599136,-0.0031331360257416995,0.0725675612054153,-0.001307658558169585,-0.002065173448769369,0.11047496718343064,-0.008482572636052576,-0.0038985382004731034,-0.013978989332158631,-0.13909888116117328,-0.02747478482364783,-0.242116515232496,0.006835581480131243
2017Q3,2017,Q3,2017-05-04,2017-03-31,406973250.00000006,292714250.00000006,11.0981626187962,0.0022149411284854,0.0092847904039757,4.362874004352441,28.611730174353205,1.548905038649053,0.0,0.9623035078869514,0.0,1.8967088607594935,-67.98751252923489,0.2433185750581576,0.2727272727272728,Semiconductors,Technology,AOSL,0.009605281284017579,0.013533828863287776,2.9706465959630517,0.03221449169713018,0.038121375199665526,0.2992818240982839,0.2519657602515309,0.0027252752577800994,-0.2865661629596714,0.0017412486677558531,0.0025141505898975697,-0.34410672472006043,0.002263178422868665,0.008053889694791573,0.013215311224574755,0.24903407095187918,-0.01484892329464446,0.05959097320169252,0.02729247759572735
2017Q4,2017,Q4,2017-09-05,2017-06-30,398696390.00000006,284682390.00000006,11.321235940962495,0.0020782715206521,0.010104246921789,4.068039935922945,24.198615562029623,1.4724540754145587,0.0,0.9562908175308836,0.0,1.5184701295964598,-310.753226812159,0.2559613088860999,0.2142857142857142,Semiconductors,Technology,AOSL,0.010338647818316902,0.015212172692691215,2.3756822252660417,0.03633413939820625,0.04202761027273562,0.3687963954647856,0.24599656633400935,0.0008194565178133006,-0.37823873116303375,0.0007333665342993227,0.0016783438294034388,-0.59496437069701,0.004119647701076069,0.0039062350730700926,0.06951457136650169,0.15832395950506187,0.05066412238290756,0.18502495840266223,0.10525620126007842
2018Q1,2018,Q1,2017-11-09,2017-09-30,396106290.0,217437289.99999997,11.34486490987053,0.0016992094717224,0.0120879615225812,3.777549543191745,20.6305359375,1.453521053886942,0.0,0.9765239243815272,0.0,2.0226796414550394,-18.20425065490142,0.2625455377748956,0.1176470588235293,Semiconductors,Technology,AOSL,0.009744570447153976,0.01761370933710071,2.8751094624777385,0.04377348414045662,0.04577619256518339,0.3905142836174156,0.21287420165576493,0.0019837146007922,0.5042095118585797,-0.0005940773711629252,0.0024015366444094955,0.4994272372116968,0.007439344742250373,0.0037485822924477746,0.021717888152629983,0.16533139111434814,0.06990317018172171,0.2889637742207245,0.09742485848680539
2018Q2,2018,Q2,2018-02-08,2017-12-31,391413000.0,246499000.0,11.682758620689656,0.001625200988952,0.0192231020008426,3.767353892353893,14.409254896186129,1.400354191263282,0.0,0.8849332337286394,0.0,1.360985383688164,-12.41044421192809,0.2702895202895203,0.4210526315789474,Semiconductors,Technology,AOSL,0.013045791862853016,0.024296089585345782,2.1177926255877257,0.031031031031031032,0.06536344036344037,0.45615183714357266,0.19958851294109511,0.007135140478261399,-0.6616942577668754,0.0033012214156990394,0.006682380248245072,-0.7573168368900127,-0.012742453109425587,0.019587247798256976,0.06563755352615708,0.41479166666666667,-0.009174311926605505,-0.29760348583877994,0.02005085361423901
2018Q3,2018,Q3,2018-05-03,2018-03-31,367632750.0,256295750.0,11.779491489808784,0.0233169201492148,-0.00329135295476,3.572649219645877,55.66819351907935,1.311601609744089,0.0,0.8374856309134318,0.0,1.1611241152924556,-5.316299600879223,0.2636780626226895,-0.7407407407407407,Semiconductors,Technology,AOSL,0.0027755036168964457,0.005890264830017161,1.8141525505893434,0.006617947173038425,0.016044391751375096,0.566021984138027,0.1729890207061648,-0.0225144549556026,-0.1998612683957084,-0.01027028824595657,-0.01840582475532862,-0.3036400749983823,-0.02441308385799261,-0.04931904861206528,0.1098701469944543,-0.756884111323811,-0.009567259567259567,-0.7887717121588089,-0.033793889324122216
2018Q4,2018,Q4,2018-08-23,2018-06-30,339823360.0,243376360.0,11.674237344954744,0.0526018328488611,-0.0002575811347706,3.0921986951418146,83.20846229187072,1.2197798947572454,0.0,0.8950123084429266,0.0,1.1867145073700542,-4.982528041288506,0.2655486500996387,-0.4285714285714286,Semiconductors,Technology,AOSL,0.0015306221881750816,0.003664831259826127,1.8438841479182828,-0.0006824572099329372,0.009290517484553718,0.8646525050790757,0.16475101529272962,0.0030337718199894,0.02559039207759861,-0.0012448814287213642,-0.002225433570191034,0.029731597328939374,-0.007300404382971362,-0.0067538742668213775,0.2986305209410487,-0.38158691701998787,0.06797729878913918,-1.1101321585903083,0.07555375373161832
2019Q1,2019,Q1,2018-11-05,2018-09-30,270867840.0,210633840.0,11.76069451434323,0.0772835501469349,0.005770584307173,2.353898776418242,28.02854304635761,0.9659293493377836,0.0,0.8410182663770156,0.0,1.0455272891080658,-8.597341458769758,0.2833964822024472,1.5,Semiconductors,Technology,AOSL,0.003527022746085019,0.008615586508904437,1.667136896012139,0.007603934927697442,0.02099555061179088,0.9390311744442305,0.16798905688638052,0.0060281654419436,-0.14118721826198843,0.0019964005579099376,0.00495075524907831,-0.1767472519061437,0.00828639213763038,0.011705033127237162,0.0743786693651548,1.366307541625857,0.04708954748537267,12.666666666666666,0.11746564780865572
2019Q2,2019,Q2,2019-02-07,2018-12-31,243408530.0,163731530.0,11.859672625277348,0.0911959879485908,-0.0089671951284118,2.117977202523385,-39.38649352750809,0.8592142736116798,0.0,0.8296556010955498,0.0,1.0790703679793414,-64.75353285448257,0.2567065477485316,-1.6,Semiconductors,Technology,AOSL,-0.0021043656393185395,-0.0054537367804244384,1.6422362814719174,-0.027861648901457474,-0.013443550141396563,1.0224785733448174,0.15653347643927715,-0.0147377794355848,0.03354307887127561,-0.005631388385403559,-0.014069323289328875,-0.024900614540221744,-0.03546558382915491,-0.03443910075318744,0.08344739890058694,-1.6394867549668874,-0.0012774610678531703,-4.659428571428571,-0.09533592959430867
2019Q3,2019,Q3,2019-05-03,2019-03-31,286840440.0,246359440.0,11.893082544427836,0.1331991392135738,-0.0094183277167934,2.629947096738702,-46.11582636655949,1.0014224617973488,0.0,0.773075141295284,0.0,1.1554664050547163,-8.993272926791033,0.2349840006601447,0.0,Semiconductors,Technology,AOSL,-0.0020993144489535828,-0.005428843743563067,1.8268981465260503,-0.034245005363675536,-0.014257291389696242,1.030722717005373,0.14724497042059193,-0.0004511325883816003,0.0763960370753749,5.051190364956711e-06,2.4893036861371384e-05,0.18466186505413296,-0.006383356462218062,-0.0008137412482996792,0.008244143660555592,-0.0064724919093851,-0.050972373286926255,-0.1664584634603373,-0.13127923530608093
2019Q4,2019,Q4,2019-08-23,2019-06-30,225073980.00000003,200524980.00000003,11.90866683034618,0.1316537597005115,-0.0016866024999461,2.012176190816765,22.10942829076621,0.7733863186541318,0.0,0.7543688363802478,0.0,0.9964768155357264,-16.22154810810811,0.2470676584179659,2.666666666666667,Semiconductors,Technology,AOSL,0.003442007914589515,0.008744983231623508,1.659313119507316,-0.00856458303533114,0.02275246745816049,1.0174590411787343,0.15128064333765218,0.0077317252168473,-0.1589895895189899,0.005541322363543098,0.014173826975186574,-0.16758502701873423,0.025680422328344395,0.03700975884785673,-0.013263675826638677,2.6366559485530545,0.025571437740104706,0.7435073627844713,0.07830972726208592
2020Q1,2020,Q1,2019-11-12,2019-09-30,301326640.0,300122640.0,11.864169858994211,0.1359252818997429,-0.0017182773042692,2.557907675591246,74.6597224975223,1.035049240355451,0.0,0.7664602979132576,0.0,0.8984117265150355,-17.699068428781203,0.2286209062664471,-0.6,Semiconductors,Technology,AOSL,0.0013454912043013047,0.003465888988503141,1.5539427081408914,-0.005271557358958252,0.00856521960577919,1.0729451125469303,0.1570877649644225,-3.167480432309986e-05,-0.09806508902069089,-0.0020965167102882107,-0.005279094243120367,-0.10537041136642467,0.003293025676372888,-0.014187247852381301,0.055486071368195944,-0.6035363457760314,0.053157631240165926,0.3517745302713987,-0.02547401939499204
2020Q2,2020,Q2,2020-02-10,2019-12-31,336427620.0,345236620.0,11.978057568519493,0.1520795660036166,-0.0079984671560852,2.854468182589513,-83.68846268656716,1.1370791901848785,0.0,0.7947376925104812,0.0,0.9231988965577164,-43.77717891997398,0.2070761920923129,-2.0,Semiconductors,Technology,AOSL,-0.0013169274314018397,-0.0033967620914590866,1.603700224272472,-0.028593246224333957,-0.008527066010520957,1.0916618785277317,0.1544408627512645,-0.006280189851816001,0.02478717004268083,-0.0026624186357031444,-0.006862651079962228,0.04975751613158064,-0.023321688865375705,-0.01709228561630015,0.01871676598080141,-1.99603567888999,0.0004923515729783874,-4.426731078904992,-0.09379177186989456
2020Q3,2020,Q3,2020-05-11,2020-03-31,159570540.0,175422540.0,11.64453281915321,0.1643109886028189,-0.0157641465711279,1.4933790663721784,-6.14205311778291,0.5504729214603334,0.0,0.6624514305898975,0.0,0.8210748608738485,-64.57731282881424,0.2101879234829483,-5.5,Semiconductors,Technology,AOSL,-0.008464801673411139,-0.022405900392922565,1.5297640881603907,-0.08066297308426609,-0.06078501104331224,1.164506569982648,0.13925804286486945,-0.007765679415042701,-0.10212403568386785,-0.007147874242009299,-0.019009138301463478,-0.07393613611208139,-0.052069726859932136,-0.052257945032791284,0.07284469145491634,-5.462686567164179,-0.09339894790429323,-1.557566765578635,-0.07977546504957797
2020Q4,2020,Q4,2020-09-02,2020-06-30,274469760.0,265239760.0,11.641851983985411,0.1882944337458493,-0.0031867648606533,2.242491605049226,-653.4994285714286,0.934559210593519,0.0,0.6896065757629419,0.0,0.9034562475918732,10.128782936010037,0.236398545692226,0.9839923076923076,Semiconductors,Technology,AOSL,-0.00013241876109007123,-0.00035752105117998974,1.6574836768059649,-0.010841946157931288,-0.0008578781812982557,1.2293650766627282,0.15435613584399305,0.012577381710474601,0.08238138671802464,0.008332382912321067,0.022048379341742575,0.1277195886455742,0.06982102692633481,0.05992713286201399,0.0648585066800802,0.9838337182448036,0.14546288324036985,0.8460378234133891,0.2883031301482702
2021Q1,2021,Q1,2020-11-06,2020-09-30,324858800.0,322815800.0,12.198421468034727,0.1880571310308125,0.017293148542511,2.143560913487869,8.482838938792563,1.0509556530403614,0.0,0.7917792302106028,0.0,0.9194760521325102,-218.1724647414372,0.280585413491168,87.49687650168188,Semiconductors,Technology,AOSL,0.011794300694304144,0.03097299325801985,1.6718516725174515,0.06814207758444352,0.06317345316098211,1.1728133856127956,0.1866971030418307,0.0204799134031643,0.016019804540637006,0.011926719455394216,0.031330514309199836,0.014367995711486614,0.0789840237423748,0.06403133134228037,-0.05655169104993263,92.18095238095238,0.2382123452755423,8.782215523737754,0.46965507707195686
2021Q2,2021,Q2,2021-02-08,2020-12-31,606886080.0,635944080.0,12.921392957307573,0.2461704359649071,0.0209751053234882,3.8209789082667,11.758623575912578,1.829524113855745,0.0,0.7628250881800606,0.0,0.9846912482920672,26.78935640504988,0.3069256437700686,0.3055555555555555,Semiconductors,Technology,AOSL,0.015123686508471398,0.03889749727177904,1.7080274025710003,0.0855631807593024,0.08123780142290499,1.1410565600901972,0.18616563032942046,0.0036819567809771997,0.06521519615955707,0.0033293858141672534,0.00792450401375919,0.036175730053548794,0.017421103174858885,0.01806434826192288,-0.0317568255225984,0.3477125548360142,0.048030036093460286,0.3159678512636777,0.14641488135832373
2021Q3,2021,Q3,2021-05-07,2021-03-31,846341400.0000001,856413400.0000001,13.340816011127425,0.2312295071655586,0.0270781379633333,5.001663002623928,13.141947204968943,2.451124426926006,0.0,0.8029839432154917,0.0,1.0737509201759188,37.090954509597694,0.3113904451220953,0.2340425531914893,Semiconductors,Technology,AOSL,0.018412815319462345,0.046627877678568845,1.8042809415051246,0.10516984611020495,0.09514691629435265,1.1225820838896339,0.19351983266067468,0.006103032639845102,0.08905967188385155,0.003289128810990947,0.007730380406789805,0.09625353893412436,0.019606665350902552,0.013909114871447664,-0.018474476200563306,0.24777183600713013,0.0653654851098659,0.30949227373068433,0.0808631971937886
2021Q4,2021,Q4,2021-08-30,2021-06-30,797767890.0,796916890.0,14.216791741267,0.2194283960011888,0.0328863645854664,4.499308495338646,10.207378704130202,2.137613081282405,0.0,0.7565411262986655,0.0,1.0376666809587105,66.14442334798109,0.3416634237404756,0.2241379310344828,Semiconductors,Technology,AOSL,0.021271036705847002,0.0523546040379952,1.7464391373322472,0.12612444940753148,0.11019745190599461,1.077820500797149,0.19302657491565722,0.005808226622133098,-0.03608423921720827,0.002858221386384658,0.005726726359426358,-0.05784180417287743,0.020954603297326527,0.015050535611641963,-0.04476158309248479,0.2136024844720497,0.04785121622579959,0.2566307035288829,0.1497219639027538
2022Q1,2022,Q1,2021-11-05,2021-09-30,827070050.0,768680050.0,15.204665275934005,0.1956915450378046,0.0358779010271429,4.422006843638891,8.827164980362022,2.0631825450082446,0.0,0.749328487429407,0.0,1.1535631218252391,14.87161596001007,0.3452134627208811,0.1971830985915493,Semiconductors,Technology,AOSL,0.023620570386758605,0.058432762659309356,1.8399687288511353,0.13339214585505388,0.12523859170743443,1.1217773298642206,0.18860456720830754,0.002991536441676504,0.11589644086652862,0.0023495336809116023,0.006078158621314153,0.09352959151888807,0.007267696447522398,0.015041139801439812,0.043956829067071546,0.1988331030247198,0.05485339153680862,0.1156374368376336,0.06581379993397161
2022Q2,2022,Q2,2022-02-09,2021-12-31,1610472080.0,1411279080.0,29.857105253262137,0.063058347386172,0.0294664883032493,8.330645616830214,1.0457475097726003,2.028327913449792,0.0,0.968005329862725,0.0,1.691044348427044,0.0,0.3536382869764483,15.011764705882351,Semiconductors,Technology,AOSL,0.3462664418212479,0.48489905414425877,2.622288273203841,0.1433744225865021,1.9915528220195635,0.4003639844330533,0.17386756604834178,-0.006411412723893603,0.537481226601805,0.3226458714344893,0.4264662914849494,0.7823195443527058,0.00998227673144822,1.8663142303121292,-0.7214133454311673,15.436347336065573,0.03359798968107573,0.11094633051424907,0.05882261836541887
2022Q3,2022,Q3,2022-05-10,2022-03-31,1466204850.0,1239408850.0,30.82116366618212,0.0796728993217656,0.0217831292503416,7.21419043589075,11.180113844323795,1.773132273391857,0.0,0.9115147208404742,0.0,1.8168197220941191,79.7327124911632,0.3562406821525396,-0.9155033063923586,Semiconductors,Technology,AOSL,0.027114489372453313,0.03964924458913461,2.5956579712469674,0.1113418192374495,0.16131746367577088,0.4622899234612124,0.16808155022168117,-0.0076833590529077,0.12577537366707503,-0.3191519524487946,-0.44524980955512417,-0.02663030195687366,-0.0320326033490526,-1.8302353583437927,0.06192593902815907,-0.914842664380982,0.05131414915243716,-0.1835696503950644,0.059050683829444894
2022Q4,2022,Q4,2022-09-20,2022-06-30,909148460.0,693568460.0000001,31.32102387326268,0.0760586741863919,0.0091438361305557,4.687322887826809,15.061103637929891,1.064460732028011,0.0,0.8272399392558846,0.0,1.4271935423315187,-63.40389566915406,0.325955485437644,-0.5391304347826087,Semiconductors,Technology,AOSL,0.011620716925311232,0.017669036041742525,2.0634203116200487,0.049247521383385146,0.07780510314035441,0.5204772782355083,0.1493567446899769,-0.0126392931197859,-0.3896261797626004,-0.015493772447142081,-0.021980208547392084,-0.5322376596269187,-0.062094297854064354,-0.08351236053541647,0.058187354774295874,-0.5397120722259501,-0.045660527753039526,-0.5778867824473022,-0.12679207756691804
2023Q1,2023,Q1,2022-11-07,2022-09-30,842547160.0,629679160.0,32.327005220692925,0.0787311333055775,0.0150001046309038,4.04145877702949,8.089591750518473,0.951526434014065,0.0,0.8326846361839633,0.0,1.5224756580212908,-235.0201283124128,0.3411807594159519,0.660377358490566,Semiconductors,Technology,AOSL,0.01985454135079203,0.029405885468604773,2.2434402511347313,0.07754369807555786,0.12489687062299737,0.48106596617159947,0.1589674845474967,0.005856268500348099,0.09528211568977207,0.008233824425480799,0.011736849426862248,0.18001993951468265,0.028296176692172714,0.04709176748264296,-0.0394113120639088,0.725399244582864,0.07484571481601782,0.6924204355108877,0.1250514061560849
2023Q2,2023,Q2,2023-02-08,2022-12-31,785989270.0,596089270.0,32.70233724691941,0.076152437103555,-0.0015311741399118,4.163960955710956,31.00794027142181,0.8736378621589599,0.0,0.8284489967831135,0.0,1.539428246414691,-28.0780648733612,0.2809970332697605,-0.7613636363636364,Semiconductors,Technology,AOSL,0.004929043398449805,0.007043662482187993,2.3344257410993596,-0.010696122059758423,0.03357173129900402,0.4290120643699829,0.14682124536711144,-0.0165312787708156,0.01695258839340008,-0.014925497952342225,-0.02236222298641678,0.0909854899646283,-0.08823982013531628,-0.09132513932399335,-0.052053901801616564,-0.7566249327905369,-0.09457203706901514,-1.1248917481133243,-0.25428804408952876
2023Q3,2023,Q3,2023-05-08,2023-03-31,746784500.0,575031500.0,32.019415373511364,0.0751555684281664,-0.0172566995885349,5.633558388654194,-10.713038675618291,0.8416768290621218,0.0,0.5660935683574086,0.0,1.331578922810603,-67.71098921026385,0.2322420036210018,-4.0,Semiconductors,Technology,AOSL,-0.01390481342560123,-0.019641412080815275,2.21797617547838,-0.11243964996982499,-0.1314649969824985,0.41256207326392097,0.1057681797037757,-0.0157255254486231,-0.20784932360408792,-0.018833856824051035,-0.02668507456300327,-0.11644956562097963,-0.10174352791006656,-0.1650367282815025,-0.016449991106061934,-3.7500394508442483,-0.2977325704598432,-6.382367508667658,-0.4195810787881073
