Quarters,Year,Quarter,FillingDate,Date,NetIncome,Revenue,OperatingIncome,EPSDiluted,GrossProfit,GrossProfitRatio,TotalAssets,CommonStockEquity,CurrentAssets,CurrentLiability,TotalLiability,Inventory,RetainedEarnings,MarketCap,EnterpriseValue,bookValuePerShare,currentRatio,debtToAssets,debtToEquity,roic,shareholdersEquityPerShare,roe,priceToSalesRatio,peRatio,pbRatio,payoutRatio,inventoryTurnover,dividendYield,assetTurnover,quickRatio,returnOnAssets,priceToFreeCashFlowsRatio,grossProfitMargin,epsdilutedGrowth,fiveYNetIncomeGrowthPerShare,fiveYRevenueGrowthPerShare,fiveYShareholdersEquityGrowthPerShare,grossProfitGrowth,netIncomeGrowth,operatingIncomeGrowth,threeYNetIncomeGrowthPerShare,threeYRevenueGrowthPerShare,threeYShareholdersEquityGrowthPerShare,Industry,Sector,Symbol
2023Q4,2023,Q4,2023-06-16,2023-04-30,-46731000.0,279941000.0,-38664000.0,-0.48,206259000.0,0.7367945388,1743482000.0,398897000.0,1274280000.0,716619000.0,1344585000.0,58286000.0,-1053327000.0,5475380307.78,5425447307.78,4.113271289667085,1.7781833861507998,0.34083173786709586,1.4896928279731358,-0.044559581622968907,4.113271289667085,-0.11715054262127818,19.559051042112443,-29.292013373242604,13.72630104458043,0.0,1.264145763991353,0.0,0.16056431898924106,1.641216601848402,-0.02680325922493034,211.48630003012744,0.7367945388492575,0.368421052631579,-0.39402744771944537,2.6055454160739346,2.658865788808356,0.03461611773793878,0.35609171328574973,0.022204238531182034,-0.27035905282143774,0.9176115466562533,-0.18337194448964603,Software—Application,Technology,ESTC
2023Q3,2023,Q3,2023-03-03,2023-01-31,-72574000.0,274566000.0,-39542000.0,-0.76,199358000.0,0.7260840745,1627969000.0,384989000.0,1164728000.0,617109000.0,1242980000.0,52798000.0,-1006596000.0,5651701151.0,5370865151.0,4.008129969149532,1.8873942852883365,0.3666206174687602,1.5502962422302975,-0.04044610321342286,4.008129969149532,-0.1885092820833842,20.58412604255443,-19.46875310372861,14.68016268257015,0.0,1.424447895753627,0.0,0.16865554565228208,1.747621570905626,-0.04457947295065201,810.5121398250394,0.7260840745030339,-0.52,-2.509608743648521,3.2463561774423195,0.0,0.051222290185821855,-0.5341718634393827,0.19348127600554785,-0.37762494477583625,1.0391096860168267,-0.226642308262487,Software—Application,Technology,ESTC
2023Q2,2023,Q2,2022-12-02,2022-10-31,-47305000.0,264401000.0,-49028000.0,-0.5,189644000.0,0.7172590119,1594232000.0,391565000.0,1122976000.0,586972000.0,1202667000.0,47803000.0,-934022000.0,6094891986.7,5837155986.7,4.108453735462816,1.9131679194237545,0.37541650148786376,1.5284844151034949,-0.056389738137638194,4.108453735462816,-0.12081008261718999,23.051697938736993,-32.210611915759436,15.565466746772568,0.0,1.563855824948225,0.0,0.16584850887449254,1.775456069454761,-0.02967259470390759,591.7945418681426,0.7172590118796828,0.32432432432432434,-2.8286232893765266,3.6377188703111156,0.0,0.07081794671996929,0.31985161967477105,0.1915040978875678,0.22754765692123943,1.1339598028419327,-0.2623342815368349,Software—Application,Technology,ESTC
2023Q1,2023,Q1,2022-08-29,2022-07-31,-69551000.0,250081000.0,-60641000.0,-0.74,177102000.0,0.7081785501,1571019000.0,393538000.0,1100214000.0,560323000.0,1177481000.0,47023000.0,-886717000.0,7640675223.75,7385624223.75,4.159081831043126,1.9635353180219266,0.3779139526638443,1.5086471954423715,-0.06234573581279029,4.159081831043126,-0.17673261540181634,30.55280178722094,-27.464289599538468,19.415342924317347,0.0,1.551985198732535,0.0,0.15918394366968192,1.814633702346682,-0.044271265974504447,-750.2626888992537,0.7081785501497515,-0.0571428571428572,-3.5662956731339928,4.171475008118888,0.0,0.02971667122116855,-0.060067062947721385,-0.01709100667538828,-0.3135715319864025,1.1990964000162914,0.21721073325443618,Software—Application,Technology,ESTC
2022Q4,2022,Q4,2022-06-21,2022-04-30,-65610000.0,239355000.0,-59622000.0,-0.7,171991000.0,0.7185602975,1642931000.0,415433000.0,1163708000.0,593330000.0,1227498000.0,46316000.0,-817166000.0,7142457518.28,6875729518.28,4.428597375489492,1.961316636610318,0.361683479099244,1.4303654259531622,-0.05473453954442323,4.428597375489492,-0.15793160389280583,29.84043583079526,-27.215582679012343,17.192802493494742,0.0,1.4544433888936867,0.0,0.14568779820941963,1.8137916505148906,-0.039934726412734316,-1359.691132358652,0.7185602974661068,-0.14754098360655732,-1.0233681544814084,2.187025858475222,2.786035532609032,0.057365055944915776,-0.15661248810069456,-0.009515746698272943,-0.4517964117743365,1.2890977915862678,0.21752229837771825,Software—Application,Technology,ESTC
2022Q3,2022,Q3,2022-03-10,2022-01-31,-56726000.0,223944000.0,-59060000.0,-0.61,162660000.0,0.7263422999,1559296000.0,432309000.0,1092852000.0,491353000.0,1126987000.0,0.0,-751556000.0,8673666001.25,8423298001.25,4.64772499243,2.2241687747912398,0.393764237194221,1.420268835485729,-0.06054596547997268,4.64772499243,-0.13121632906092634,38.731406071383915,-38.226148508840744,20.06357952587154,0.0,0.0,0.0,0.14361865867673618,2.056731107777911,-0.03637923780988343,2625.2015742282083,0.7263422998606794,-0.19607843137254896,-1.8327775677856561,2.5765291141301736,0.0,0.06945613296865137,-0.20634583076366883,-0.5887020847343645,-1.0201569188881652,1.4038795233682266,0.2080599771598175,Software—Application,Technology,ESTC
2022Q2,2022,Q2,2021-12-09,2021-10-31,-47023000.0,205980000.0,-37175000.0,-0.51,152096000.0,0.7384017865812215,1561701000.0,449800000.0,1109908000.0,480390000.0,1111901000.0,0.0,-694830000.0,16028203572.170002,15744389572.170002,4.878196963742101,2.310431108058036,0.37923072342272945,1.3166851934192976,-0.037045336685321124,4.878196963742101,-0.10454201867496665,77.81436825016993,-85.21470116841759,35.63406752372166,0.0,0.0,0.0,0.13189464564599754,2.152188846562168,-0.030110117109485107,-1312.3887310382381,0.7384017865812215,-0.34210526315789475,-2.9337908710754967,2.7344936434075846,0.0,0.06039753752623176,-0.36342022094000986,-0.19787974479603015,0.18558619581849928,0.5453314534086793,-0.24428431735586748,Software—Application,Technology,ESTC
2022Q1,2022,Q1,2021-09-01,2021-07-31,-34489000.0,193095000.0,-31034000.0,-0.38,143433000.0,0.742810533675134,1519885000.0,455663000.0,1179987000.0,434687000.0,1064222000.0,0.0,-647807000.0,13503275138.32,13105380138.32,4.996229661983594,2.7145670332906207,0.3904551989130757,1.3023813651755793,-0.031224759260033215,4.996229661983594,-0.07568970928076232,69.93073429306818,-97.8810282867001,29.634346300489618,0.0,0.0,0.0,0.1270457962280041,2.535495655494643,-0.02269184839642473,1087.4828975050334,0.742810533675134,0.2083333333333333,-1.349249212363974,3.1427869388736096,0.0,0.08823774876140908,0.20350569270917532,0.16298513903498127,-0.26035993646419037,1.3143554461852358,7.940370343029175,Software—Application,Technology,ESTC
2021Q4,2021,Q4,2021-06-25,2021-04-30,-43301000.0,177610000.0,-37077000.0,-0.48,131803000.0,0.7420922245369067,973172000.0,450831000.0,637214000.0,450015000.0,522341000.0,0.0,-613318000.0,10859276509.640001,10486639509.640001,5.007629667752401,1.4159839116473896,0.0289537717895706,0.06250013863288018,-0.08388199297691662,5.007629667752401,-0.09604707750797971,61.14113231034289,-62.69645337082285,24.08724446553143,0.0,0.0,0.0,0.18250627843793285,1.2471339844227414,-0.0444947039166766,-3546.465221959504,0.7420922245369067,-0.11627906976744183,-0.3914128976440604,1.4641306080342273,3.019556930203977,0.14464988232433323,-0.14028019171011744,-0.07591190040915818,-0.3914128976440604,1.4641306080342273,3.019556930203977,Software—Application,Technology,ESTC
2021Q3,2021,Q3,2021-03-03,2021-01-31,-37974000.0,157115000.0,-34461000.0,-0.43,115147000.0,0.7328835566304935,899980000.0,455581000.0,574040000.0,371421000.0,444399000.0,0.0,-570017000.0,13388084308.900002,13026895308.900002,5.1570709413670235,1.5455238126007953,0.035495233227405054,0.07011925431481998,-0.0683843732085177,5.1570709413670235,-0.08335290541089291,85.2120059122299,-88.13980821680624,29.386836388918766,0.0,0.0,0.0,0.1745761016911487,1.3816747033689534,-0.04219427098379964,730.5912310450205,0.7328835566304935,-0.26470588235294107,-0.9966779247438308,1.641991035069951,0.0,0.08174097664543524,-0.30235269908772894,-0.2125189120720594,-0.9966779247438308,1.641991035069951,0.0,Software—Application,Technology,ESTC
2021Q2,2021,Q2,2020-12-07,2020-10-31,-29158000.0,144894000.0,-28421000.0,-0.34,106446000.0,0.7346473974077602,867561000.0,442657000.0,544126000.0,348132000.0,424904000.0,0.0,-532043000.0,8759102764.06,8443011764.059999,5.12493660357431,1.562987602403686,0.037916642172711776,0.0743126167664806,-0.05717818318530051,5.12493660357431,-0.06587041433886734,60.4517976179828,-75.10033922131147,19.787561845989103,0.0,0.0,0.0,0.1670130400052561,1.3831219192720003,-0.033609164081834016,-471.78190046644403,0.7346473974077602,-0.4782608695652174,-1.603993809061901,1.8043896348144068,0.0,0.1319346228692351,-0.5345508131150992,0.037196381991259866,-1.603993809061901,1.8043896348144068,0.0,Software—Application,Technology,ESTC
2021Q1,2021,Q1,2020-09-03,2020-07-31,-19001000.0,128870000.0,-29519000.0,-0.23,94039000.0,0.7297198727399705,821342000.0,432379000.0,497929000.0,317397000.0,388963000.0,0.0,-502885000.0,8096820856.53,7780638856.53,5.136650142933282,1.5687892450149181,0.009396816429696765,0.017850080600584208,-0.06345833421578566,5.136650142933282,-0.043945242484024434,62.8293695703422,-106.53150961173095,18.726212088306784,0.0,0.0,0.0,0.1569017534717572,1.3789796374886971,-0.02313409030586528,374.5233755738008,0.7297198727399705,0.39473684210526316,-0.40230251043412324,1.995643749104361,0.0,0.05247901510912143,0.3900356328849796,0.14620813327934287,-0.40230251043412324,1.995643749104361,0.0,Software—Application,Technology,ESTC
2020Q4,2020,Q4,2020-06-26,2020-04-30,-31151000.0,123623000.0,-34574000.0,-0.38,89350000.0,0.7227619455926486,803911000.0,413647000.0,480239000.0,321424000.0,390264000.0,0.0,-484251000.0,5267393657.34,5005778657.34,5.036896861321382,1.4940981382846334,0.009502295652130646,0.018467437210955236,-0.06958378366715688,5.036896861321382,-0.0753081733942226,42.60852476755944,-42.27307034557478,12.734030845962861,0.0,0.0,0.0,0.15377697282410616,1.324639728209468,-0.038749314289765906,-779.3155285308478,0.7227619455926486,0.30909090909090914,-0.09734916646072857,0.8802272140887648,3.031360271808986,0.12001103088648216,0.2965154355141031,0.18202895807703226,-0.09734916646072857,0.8802272140887648,3.031360271808986,Software—Application,Technology,ESTC
2020Q3,2020,Q3,2020-03-09,2020-01-31,-44281000.0,113181000.0,-42268000.0,-0.55,79776000.0,0.7048532880960585,741849000.0,418442000.0,418506000.0,260556000.0,323407000.0,0.0,-453100000.0,5238231936.559999,4980481936.559999,5.1827634378917375,1.606203656795468,0.009829493603145653,0.01742654896019042,-0.09289119184208186,5.1827634378917375,-0.10582350720052003,46.281901878937276,-29.573812338023078,12.518418171598453,0.0,0.0,0.0,0.15256608824706916,1.4071178556625064,-0.0596900447395629,-216.15218026574232,0.7048532880960585,0.14062499999999994,-1.5475792645578115,1.082455988788471,0.0,0.10271615177275555,0.11390150681367939,0.18654375396932316,-1.5475792645578115,1.082455988788471,0.0,Software—Application,Technology,ESTC
2020Q2,2020,Q2,2019-12-09,2019-10-31,-49973000.0,101106000.0,-51961000.0,-0.64,72345000.0,0.7155361699602397,766789000.0,433156000.0,433105000.0,264749000.0,333633000.0,0.0,-408819000.0,5600390956.06,5337014956.06,5.5695332352197,1.6359079732123634,0.010084912537868957,0.017852690485644893,-0.10698260972865842,5.5695332352197,-0.1153695204499072,55.391281981880404,-28.017084005663058,12.929270184552449,0.0,0.0,0.0,0.13185635161693765,1.4510574166474661,-0.06517177476463538,-4133.129856870849,0.7155361699602397,-0.14285714285714277,-3.956452425423161,1.1732925166325836,0.0,0.14002741927858933,-0.19641360817831405,-0.2283343577135833,-3.956452425423161,1.1732925166325836,0.0,Software—Application,Technology,ESTC
2020Q1,2020,Q1,2019-09-10,2019-07-31,-41769000.0,89710000.0,-42302000.0,-0.56,63459000.0,0.7073793334076469,505736000.0,255050000.0,417434000.0,202527000.0,250686000.0,0.0,-358846000.0,7377044975.059999,7095211975.059999,3.4168954622368948,2.06112765211552,0.012755666988310106,0.025293079788276808,-0.14486451552503382,3.4168954622368948,-0.16376788864928446,82.2321366075131,-44.15382804867246,28.923916781258576,0.0,0.0,0.0,0.17738503883449072,1.8393794407659225,-0.08259052153692836,-2249.784987819457,0.7073793334076469,-0.16666666666666682,-2.4762443931993356,1.3516363393985713,0.0,0.11025771121647392,-0.19905267690541123,-0.3184354059529375,-2.4762443931993356,1.3516363393985713,0.0,Software—Application,Technology,ESTC
2019Q4,2019,Q4,2019-06-28,2019-04-30,-34835000.0,80599000.0,-32085000.0,-0.48,57157000.0,0.709152719016365,485738000.0,263012000.0,429641000.0,203580000.0,222726000.0,0.0,-317077000.0,6185948544.5,5888038544.5,3.6373850248084616,2.110428332842126,0.0,0.0,-0.13541772575764535,3.6373850248084616,-0.13244642829984943,76.74969347634585,-44.39463574350509,23.51964375960032,0.0,0.0,0.0,0.16593101630920373,1.863021907849494,-0.07171561623756016,-296.29028376760226,0.709152719016365,-0.6,-0.3936996524247613,0.39226286888631356,2.46694276974543,0.13381999960326119,-0.631539506346307,-0.3489027158832927,-0.3936996524247613,0.39226286888631356,2.46694276974543,Software—Application,Technology,ESTC
2019Q3,2019,Q3,2019-03-01,2019-01-31,-21351000.0,70835000.0,-23786000.0,-0.3,50411000.0,0.7116679607538646,450998000.0,272099000.0,401684000.0,161651000.0,178899000.0,0.0,-282242000.0,6011653560.0,5705949560.0,3.847263447429928,2.4848841021707258,0.0,0.0,-0.08519029733479686,3.847263447429928,-0.07846776357134719,84.86840629632243,-70.39077279752705,22.09362606992308,0.0,0.0,0.0,0.15706278076621183,2.2291479792887148,-0.04734167335553594,-608.2207163091865,0.7116679607538646,0.5238095238095238,-0.40225620163444203,0.487815458038793,0.0,0.12054325597937228,0.22469951704854932,0.12131510897672701,-0.40225620163444203,0.487815458038793,0.0,Software—Application,Technology,ESTC
2019Q2,2019,Q2,2018-12-12,2018-10-31,-27539000.0,63575000.0,-27070000.0,-0.63,44988000.0,0.7076366496264255,459531000.0,283886000.0,409604000.0,159406000.0,175645000.0,0.0,-260891000.0,2990556360.0,2671992360.0,6.455069116303162,2.5695645082368292,0.0,0.0,-0.09796262929776456,6.455069116303162,-0.09700724938883919,47.039816909162404,-27.148374668651734,10.534356607934171,0.0,0.0,0.0,0.13834757611564835,2.3404137861811978,-0.05992849231063845,-2117.95776203966,0.7076366496264255,-1.1,-3.8302114365915267,1.4166295425942892,0.0,0.09494487307420839,-0.48234470879534935,-0.46999728482215586,-3.8302114365915267,1.4166295425942892,0.0,Software—Application,Technology,ESTC
2019Q1,2019,Q1,2018-07-31,2018-07-31,-18578000.0,56644000.0,-18415000.0,-0.3,41087000.0,0.7253548478214815,177299000.0,34602000.0,124889000.0,130256000.0,142697000.0,0.0,-236211000.0,4334234030.0,4283163030.0,0.5588392281623058,0.9587965237685788,0.0,0.0,-0.5548634937228638,0.5588392281623058,-0.5369053811918386,76.51708971824024,-58.324820082893744,125.25963903820588,0.0,0.0,0.0,0.3194829074050051,0.7256709863653114,-0.10478344491508694,904.850528183716,0.7253548478214815,0.13211752090828385,-0.8639510384268085,0.7900391859436227,0.0,0.142193928611142,0.1319908424052703,0.042630621263322066,-0.8639510384268085,0.7900391859436227,0.0,Software—Application,Technology,ESTC
2018Q4,2018,Q4,2018-04-30,2018-04-30,-21403000.0,49572000.0,-19235000.0,-0.3456689208819672,35972000.0,0.7256515775034293,183013000.0,-153529000.0,132228000.0,125112000.0,336542000.0,0.0,-214774000.0,4334234030.0,4283293030.0,-2.479568460219948,1.0568770381737962,0.0,0.0,0.13557265165985172,-2.479568460219948,0.13940688729816517,87.43310800451869,-50.626477947016774,-28.230718821851248,0.0,0.0,0.0,0.2708660040543568,0.8326459492294904,-0.1169479763732631,-173.13389909722778,0.7256515775034293,-0.6056265659725537,0.0,0.0,0.0,0.1635775513504771,-0.6056264066016505,-0.5438638735050967,0.0,0.0,0.0,Software—Application,Technology,ESTC
2018Q3,2018,Q3,2018-01-31,2018-01-31,-13330000.0,41681000.0,-12459000.0,-0.215286,30915000.0,0.7417048535303855,,,,,,,,4334234030.0,,,0.0,0.0,0.0,0.0,,0.0,103.98584558911735,-81.28720986496624,0.0,0.0,0.0,0.0,0.0,0.0,0.0,-1551.820275689223,0.7417048535303855,-0.6606448626966985,0.0,0.0,0.0,0.10103996011111903,-0.6606453220381213,-0.7483861914117317,0.0,0.0,0.0,Software—Application,Technology,ESTC
2018Q2,2018,Q2,2017-10-31,2017-10-31,-8027000.0,37038000.0,-7126000.0,-0.12964,28078000.0,0.7580862897564663,,,,,,,,4334234030.0,,,0.0,0.0,0.0,0.0,,0.0,117.02127625681732,-134.9892248037872,0.0,0.0,0.0,0.0,0.0,0.0,0.0,1209.32869140625,0.7580862897564663,0.19464254652983126,0.0,0.0,0.0,0.15881139083780438,0.19464231965486103,0.22323959014606495,0.0,0.0,0.0,Software—Application,Technology,ESTC
2018Q1,2018,Q1,2017-07-31,2017-07-31,-9967000.0,31644000.0,-9174000.0,-0.160972,24230000.0,0.7657059790165592,,,,,,,,4334234030.0,,,0.0,0.0,0.0,0.0,,0.0,136.9685889900139,-108.71460895956656,0.0,0.0,0.0,0.0,0.0,0.0,0.0,9504.899188596492,0.7657059790165592,0.0,0.0,0.0,0.0,0.0,0.0,0.0,0.0,0.0,0.0,Software—Application,Technology,ESTC
