date,open,high,low,close,adjClose,volume,unadjustedVolume,change,changePercent,vwap,label,changeOverTime,Symbol
2023-07-11,2.05,2.1,1.87,1.8799,1.8799,10448,10448,-0.1701,-8.3,1.9,"July 11, 23",-0.083,AENZ
2023-07-10,2.2,2.2,1.87,1.87,1.87,2606,2600,-0.33,-15.0,2.0,"July 10, 23",-0.15,AENZ
2023-07-07,2.2,2.2,2.2,2.2,2.2,724,700,0.0,0.0,2.15,"July 07, 23",0.0,AENZ
2023-07-06,2.09,2.14,1.8401,1.8401,1.84,1675,1700,-0.2499,-11.96,1.99,"July 06, 23",-0.1196,AENZ
2023-07-05,1.9,1.9,1.9,1.9,1.9,481,500,0.0,0.0,1.67,"July 05, 23",0.0,AENZ
2023-07-03,1.9,1.9,1.9,1.9,1.9,0,0,0.0,0.0,1.9,"July 03, 23",0.0,AENZ
2023-06-30,1.9,1.9,1.9,1.9,1.9,267,300,0.0,0.0,1.95,"June 30, 23",0.0,AENZ
2023-06-29,1.95,1.95,1.95,1.95,1.95,0,0,0.0,0.0,1.95,"June 29, 23",0.0,AENZ
2023-06-28,1.95,1.95,1.95,1.95,1.95,139,100,0.0,0.0,1.95,"June 28, 23",0.0,AENZ
2023-06-27,2.04,2.04,2.04,2.04,2.04,114,100,0.0,0.0,2.03,"June 27, 23",0.0,AENZ
2023-06-26,1.94,1.94,1.94,1.94,1.94,652,700,0.0,0.0,1.95,"June 26, 23",0.0,AENZ
2023-06-23,1.99,2.02,1.99,2.02,2.02,216,200,0.03,1.51,2.01,"June 23, 23",0.0151,AENZ
2023-06-22,2.13,2.13,2.1,2.1,2.1,774,800,-0.03,-1.41,2.1,"June 22, 23",-0.0141,AENZ
2023-06-21,2.0838,2.0838,2.0838,2.0838,2.08,203,200,0.0,0.0,2.08,"June 21, 23",0.0,AENZ
2023-06-20,2.1,2.109,2.1,2.1,2.1,708,700,0.0,0.0,2.1,"June 20, 23",0.0,AENZ
2023-06-16,2.01,2.01,2.01,2.01,2.01,1910,1900,0.0,0.0,2.01,"June 16, 23",0.0,AENZ
2023-06-15,1.92,1.986,1.92,1.986,1.99,549,500,0.066,3.44,1.97,"June 15, 23",0.0344,AENZ
2023-06-14,1.95,1.95,1.95,1.95,1.95,0,0,0.0,0.0,1.95,"June 14, 23",0.0,AENZ
2023-06-13,1.86,2.01,1.86,1.95,1.95,3217,3200,0.09,4.84,1.97,"June 13, 23",0.0484,AENZ
2023-06-12,2.18,2.18,1.9401,1.9401,1.94,1689,1700,-0.2399,-11.0,2.03,"June 12, 23",-0.11,AENZ
2023-06-09,2.0,2.0,2.0,2.0,2.0,312,300,0.0,0.0,2.01,"June 09, 23",0.0,AENZ
2023-06-08,2.07,2.0795,2.0109,2.0795,2.08,1728,1700,0.0095,0.45894,2.02,"June 08, 23",0.0045894,AENZ
2023-06-07,1.92,1.99,1.92,1.96,1.96,1382,1400,0.04,2.08,1.96,"June 07, 23",0.0208,AENZ
2023-06-06,1.91,2.03,1.91,1.99,1.99,4111,4100,0.08,4.19,1.95,"June 06, 23",0.0419,AENZ
2023-06-05,2.0,2.075,2.0,2.0599,2.06,2810,1400,0.0599,2.99,2.11,"June 05, 23",0.0299,AENZ
2023-06-02,2.08,2.08,2.03,2.04,2.04,1724,1700,-0.04,-1.92,2.05,"June 02, 23",-0.0192,AENZ
2023-06-01,1.76,1.76,1.76,1.76,1.76,399,400,0.0,0.0,1.77,"June 01, 23",0.0,AENZ
2023-05-31,1.78,1.78,1.78,1.78,1.78,0,0,0.0,0.0,1.78,"May 31, 23",0.0,AENZ
2023-05-30,2.055,2.055,1.78,1.78,1.78,408,400,-0.275,-13.38,1.97,"May 30, 23",-0.1338,AENZ
2023-05-26,2.21,2.21,1.77,2.075,2.08,717,700,-0.135,-6.11,2.05,"May 26, 23",-0.0611,AENZ
2023-05-25,2.07,2.07,2.07,2.07,2.07,0,0,0.0,0.0,2.07,"May 25, 23",0.0,AENZ
2023-05-24,2.07,2.07,2.07,2.07,2.07,0,0,0.0,0.0,2.07,"May 24, 23",0.0,AENZ
2023-05-23,2.07,2.07,2.07,2.07,2.07,0,0,0.0,0.0,2.07,"May 23, 23",0.0,AENZ
2023-05-22,2.01,2.07,2.01,2.07,2.07,701,700,0.06,2.99,2.05,"May 22, 23",0.0299,AENZ
2023-05-19,2.0201,2.0201,2.0201,2.0201,2.02,206,200,0.0,0.0,2.09,"May 19, 23",0.0,AENZ
2023-05-18,2.13,2.13,2.01,2.01,2.01,922,900,-0.12,-5.63,2.07,"May 18, 23",-0.0563,AENZ
2023-05-17,2.05,2.05,2.05,2.05,2.05,0,0,0.0,0.0,2.05,"May 17, 23",0.0,AENZ
2023-05-16,2.1,2.1,2.05,2.05,2.05,920,900,-0.05,-2.38,2.09,"May 16, 23",-0.0238,AENZ
2023-05-15,2.14,2.14,2.1,2.1,2.1,404,400,-0.04,-1.87,2.12,"May 15, 23",-0.0187,AENZ
2023-05-12,2.22,2.22,2.22,2.22,2.22,266,300,0.0,0.0,2.21,"May 12, 23",0.0,AENZ
2023-05-11,2.12,2.12,2.12,2.12,2.12,234,200,0.0,0.0,2.14,"May 11, 23",0.0,AENZ
2023-05-10,2.36,2.36,2.3075,2.3075,2.31,316,300,-0.0525,-2.22,2.33,"May 10, 23",-0.0222,AENZ
2023-05-09,2.25,2.44,2.21,2.44,2.44,2137,2100,0.19,8.44,2.32,"May 09, 23",0.0844,AENZ
2023-05-08,2.25,2.25,2.25,2.25,2.25,212,200,0.0,0.0,2.22,"May 08, 23",0.0,AENZ
2023-05-05,2.25,2.25,2.25,2.25,2.25,174,200,0.0,0.0,2.3,"May 05, 23",0.0,AENZ
2023-05-04,2.33,2.33,2.33,2.33,2.33,0,0,0.0,0.0,2.33,"May 04, 23",0.0,AENZ
2023-05-03,2.04,2.35,2.04,2.3321,2.33,5338,5300,0.2921,14.32,2.2,"May 03, 23",0.1432,AENZ
2023-05-02,2.09,2.09,2.09,2.09,2.09,1000,1000,0.0,0.0,2.09,"May 02, 23",0.0,AENZ
2023-05-01,2.13,2.13,2.08,2.09,2.09,598,600,-0.04,-1.88,2.11,"May 01, 23",-0.0188,AENZ
2023-04-28,2.2,2.25,2.2,2.25,2.25,3982,4000,0.05,2.27,2.22,"April 28, 23",0.0227,AENZ
2023-04-27,2.1,2.1,2.1,2.1,2.1,0,0,0.0,0.0,2.1,"April 27, 23",0.0,AENZ
2023-04-26,2.09,2.1477,2.09,2.1,2.1,3302,3300,0.01,0.47847,2.13,"April 26, 23",0.0047847,AENZ
2023-04-25,2.16,2.16,2.16,2.16,2.16,0,0,0.0,0.0,2.16,"April 25, 23",0.0,AENZ
2023-04-24,2.19,2.25,2.13,2.16,2.16,1025,1000,-0.03,-1.37,2.2,"April 24, 23",-0.0137,AENZ
2023-04-21,2.26,2.27,2.26,2.27,2.27,203,200,0.01,0.44248,2.26,"April 21, 23",0.0044248,AENZ
2023-04-20,2.0556,2.38,2.0556,2.35,2.35,25335,25300,0.2944,14.32,2.36,"April 20, 23",0.1432,AENZ
2023-04-19,2.33,2.33,2.33,2.33,2.33,138,100,0.0,0.0,2.34,"April 19, 23",0.0,AENZ
2023-04-18,2.5165,2.5165,2.2,2.33,2.33,1108,1100,-0.1865,-7.41,2.31,"April 18, 23",-0.0741,AENZ
2023-04-17,2.15,2.35,2.15,2.35,2.35,2257,2300,0.2,9.3,2.18,"April 17, 23",0.093,AENZ
2023-04-14,2.35,2.35,2.225,2.32,2.32,60837,60800,-0.03,-1.28,2.31,"April 14, 23",-0.0128,AENZ
2023-04-13,2.35,2.35,2.35,2.35,2.35,107,100,0.0,0.0,2.35,"April 13, 23",0.0,AENZ
2023-04-12,2.35,2.4162,2.35,2.4162,2.42,910,900,0.0662,2.82,2.41,"April 12, 23",0.0282,AENZ
2023-04-11,2.27,2.35,2.27,2.35,2.35,1733,1700,0.08,3.52,2.34,"April 11, 23",0.0352,AENZ
2023-04-10,2.3,2.3,2.3,2.3,2.3,0,0,0.0,0.0,2.3,"April 10, 23",0.0,AENZ
2023-04-06,2.3,2.3,2.3,2.3,2.3,121,100,0.0,0.0,2.29,"April 06, 23",0.0,AENZ
2023-04-05,2.37,2.37,2.37,2.37,2.37,103,100,0.0,0.0,2.37,"April 05, 23",0.0,AENZ
2023-04-04,2.45,2.45,2.4,2.4001,2.4,1405,1400,-0.0499,-2.04,2.41,"April 04, 23",-0.0204,AENZ
2023-04-03,2.53,2.53,2.45,2.45,2.45,896,900,-0.08,-3.16,2.51,"April 03, 23",-0.0316,AENZ
2023-03-31,2.4,2.54,2.34,2.54,2.54,2312,2300,0.14,5.83,2.46,"March 31, 23",0.0583,AENZ
2023-03-30,2.38,2.53,2.38,2.47,2.47,1609,1600,0.09,3.78,2.47,"March 30, 23",0.0378,AENZ
2023-03-29,2.43,2.43,2.43,2.43,2.43,651,700,0.0,0.0,2.45,"March 29, 23",0.0,AENZ
2023-03-28,2.59,2.59,2.15,2.51,2.51,13859,13900,-0.08,-3.09,2.28,"March 28, 23",-0.0309,AENZ
2023-03-27,2.69,2.69,2.53,2.53,2.53,655,700,-0.16,-5.95,2.61,"March 27, 23",-0.0595,AENZ
2023-03-24,2.76,2.76,2.61,2.61,2.61,351,400,-0.15,-5.43,2.69,"March 24, 23",-0.0543,AENZ
2023-03-23,2.79,2.79,2.55,2.58,2.58,1136,1100,-0.21,-7.53,2.67,"March 23, 23",-0.0753,AENZ
2023-03-22,2.56,2.56,2.56,2.56,2.56,1531,1500,0.0,0.0,2.55,"March 22, 23",0.0,AENZ
2023-03-21,2.56,2.56,2.56,2.56,2.56,208,200,0.0,0.0,2.59,"March 21, 23",0.0,AENZ
2023-03-20,2.62,2.62,2.62,2.62,2.62,267,300,0.0,0.0,2.64,"March 20, 23",0.0,AENZ
2023-03-17,2.65,2.75,2.62,2.62,2.62,1489,1500,-0.03,-1.13,2.65,"March 17, 23",-0.0113,AENZ
2023-03-16,2.62,2.62,2.62,2.62,2.62,0,0,0.0,0.0,2.62,"March 16, 23",0.0,AENZ
2023-03-15,2.62,2.62,2.62,2.62,2.62,0,0,0.0,0.0,2.62,"March 15, 23",0.0,AENZ
2023-03-14,2.61,2.645,2.61,2.62,2.62,913,900,0.01,0.38314,2.63,"March 14, 23",0.0038314,AENZ
2023-03-13,2.61,2.71,2.61,2.71,2.71,584,600,0.1,3.83,2.65,"March 13, 23",0.0383,AENZ
2023-03-10,2.61,2.61,2.61,2.61,2.61,488,500,0.0,0.0,2.62,"March 10, 23",0.0,AENZ
2023-03-09,2.67,2.67,2.6501,2.6501,2.65,279,300,-0.0199,-0.74532,2.66,"March 09, 23",-0.0074532,AENZ
2023-03-08,2.77,2.79,2.64,2.64,2.64,1014,1000,-0.13,-4.69,2.74,"March 08, 23",-0.0469,AENZ
2023-03-07,2.73,2.73,2.663,2.663,2.66,5535,5500,-0.067,-2.45,2.66,"March 07, 23",-0.0245,AENZ
2023-03-06,2.62,2.65,2.62,2.62,2.62,540,500,0.0,0.0,2.64,"March 06, 23",0.0,AENZ
2023-03-03,2.66,2.67,2.62,2.64,2.64,1229,1200,-0.02,-0.75188,2.65,"March 03, 23",-0.0075188,AENZ
2023-03-02,2.78,2.78,2.66,2.77,2.77,675,700,-0.01,-0.35971,2.72,"March 02, 23",-0.0035971,AENZ
2023-03-01,2.65,2.65,2.65,2.65,2.65,256,300,0.0,0.0,2.66,"March 01, 23",0.0,AENZ
2023-02-28,2.65,2.65,2.65,2.65,2.65,246,200,0.0,0.0,2.66,"February 28, 23",0.0,AENZ
2023-02-27,2.65,2.67,2.65,2.65,2.65,6981,7000,0.0,0.0,2.65,"February 27, 23",0.0,AENZ
2023-02-24,2.72,2.72,2.62,2.62,2.62,1144,1100,-0.1,-3.68,2.67,"February 24, 23",-0.0368,AENZ
2023-02-23,2.734,2.98,2.734,2.74,2.74,666,600,0.006,0.21946,2.81,"February 23, 23",0.0021946,AENZ
2023-02-22,2.69,2.97,2.64,2.97,2.97,11618,11600,0.28,10.41,2.72,"February 22, 23",0.1041,AENZ
2023-02-21,2.83,2.83,2.83,2.83,2.83,82,82,0.0,0.0,2.83,"February 21, 23",0.0,AENZ
2023-02-17,2.68,2.92,2.68,2.83,2.83,949,900,0.15,5.6,2.81,"February 17, 23",0.056,AENZ
2023-02-16,2.8539,2.8539,2.8539,2.8539,2.85,322,300,0.0,0.0,2.76,"February 16, 23",0.0,AENZ
2023-02-15,2.6,2.85,2.6,2.85,2.85,533,500,0.25,9.62,2.77,"February 15, 23",0.0962,AENZ
2023-02-14,2.83,2.92,2.83,2.92,2.92,537,500,0.09,3.18,2.86,"February 14, 23",0.0318,AENZ
2023-02-13,2.69,2.9601,2.69,2.93,2.93,7246,7200,0.24,8.92,2.91,"February 13, 23",0.0892,AENZ
2023-02-10,2.76,2.76,2.76,2.76,2.76,123,100,0.0,0.0,2.76,"February 10, 23",0.0,AENZ
2023-02-09,2.85,2.85,2.81,2.845,2.85,1228,1200,-0.005,-0.17544,2.83,"February 09, 23",-0.0017544,AENZ
2023-02-08,2.5,2.82,2.5,2.82,2.82,3080,3100,0.32,12.8,2.68,"February 08, 23",0.128,AENZ
2023-02-07,2.62,2.62,2.62,2.62,2.62,309,300,0.0,0.0,2.62,"February 07, 23",0.0,AENZ
2023-02-06,2.62,2.62,2.62,2.62,2.62,421,400,0.0,0.0,2.6,"February 06, 23",0.0,AENZ
2023-02-03,2.7109,2.75,2.7109,2.7245,2.72,122075,122100,0.0136,0.50168,2.72,"February 03, 23",0.0050168,AENZ
2023-02-02,2.81,2.81,2.68,2.71,2.71,1961,2000,-0.1,-3.56,2.72,"February 02, 23",-0.0356,AENZ
2023-02-01,2.73,2.73,2.73,2.73,2.73,702,700,0.0,0.0,2.75,"February 01, 23",0.0,AENZ
2023-01-31,2.71,2.714,2.71,2.714,2.71,685,700,0.004,0.1476,2.74,"January 31, 23",0.001476,AENZ
2023-01-30,2.77,2.77,2.66,2.71,2.71,3150,3100,-0.06,-2.17,2.7,"January 30, 23",-0.0217,AENZ
2023-01-27,2.8965,2.8965,2.77,2.77,2.77,908,900,-0.1265,-4.37,2.86,"January 27, 23",-0.0437,AENZ
2023-01-26,2.8207,3.1,2.82,2.9,2.9,10314,10300,0.0793,2.81,2.92,"January 26, 23",0.0281,AENZ
2023-01-25,3.05,3.1,3.03,3.1,3.1,1315,1300,0.05,1.64,3.07,"January 25, 23",0.0164,AENZ
2023-01-24,2.75,3.1,2.75,3.1,3.1,7520,7500,0.35,12.73,2.95,"January 24, 23",0.1273,AENZ
2023-01-23,2.79,2.97,2.79,2.95,2.95,2102,2100,0.16,5.73,2.93,"January 23, 23",0.0573,AENZ
2023-01-20,2.36,2.87,2.36,2.7844,2.78,13888,13900,0.4244,17.98,2.7,"January 20, 23",0.1798,AENZ
2023-01-19,2.94,2.94,2.7501,2.87,2.87,8406,8400,-0.07,-2.38,2.85,"January 19, 23",-0.0238,AENZ
2023-01-18,3.21,3.21,2.89,2.97,2.97,11955,12000,-0.24,-7.48,3.0,"January 18, 23",-0.0748,AENZ
2023-01-17,3.23,3.23,2.91,2.97,2.97,4878,4900,-0.26,-8.05,3.09,"January 17, 23",-0.0805,AENZ
2023-01-13,3.17,3.17,2.9701,3.17,3.17,2605,2600,0.0,0.0,3.05,"January 13, 23",0.0,AENZ
2023-01-12,3.25,3.31,3.0582,3.2,3.2,1671,1700,-0.05,-1.54,3.23,"January 12, 23",-0.0154,AENZ
2023-01-11,3.25,3.3,3.11,3.18,3.18,11494,11500,-0.07,-2.15,3.27,"January 11, 23",-0.0215,AENZ
2023-01-10,3.25,3.49,3.06,3.4,3.4,23941,23900,0.15,4.62,3.29,"January 10, 23",0.0462,AENZ
2023-01-09,3.08,3.2442,3.08,3.24,3.24,12986,13000,0.16,5.19,3.21,"January 09, 23",0.0519,AENZ
2023-01-06,3.25,3.35,3.07,3.17,3.17,51254,51300,-0.08,-2.46,3.25,"January 06, 23",-0.0246,AENZ
2023-01-05,3.6,3.6,3.33,3.33,3.33,14275,14300,-0.27,-7.5,3.42,"January 05, 23",-0.075,AENZ
2023-01-04,3.46,3.575,3.43,3.575,3.58,9016,9000,0.115,3.32,3.49,"January 04, 23",0.0332,AENZ
2023-01-03,3.24,3.52,3.22,3.52,3.52,19517,19500,0.28,8.64,3.39,"January 03, 23",0.0864,AENZ
2022-12-30,3.23,3.3616,3.19,3.25,3.25,12956,13000,0.02,0.6192,3.28,"December 30, 22",0.006192,AENZ
2022-12-29,3.09,3.11,2.92,3.1,3.1,12457,12500,0.01,0.32362,3.08,"December 29, 22",0.0032362,AENZ
2022-12-28,3.12,3.2717,2.96,2.995,3.0,12386,12400,-0.125,-4.01,3.07,"December 28, 22",-0.0401,AENZ
2022-12-27,2.75,3.03,2.73,3.03,3.03,19143,19100,0.28,10.18,2.89,"December 27, 22",0.1018,AENZ
2022-12-23,2.61,2.79,2.61,2.75,2.75,32708,32700,0.14,5.36,2.74,"December 23, 22",0.0536,AENZ
2022-12-22,2.74,2.84,2.62,2.67,2.67,34856,34900,-0.07,-2.55,2.76,"December 22, 22",-0.0255,AENZ
2022-12-21,2.73,2.85,2.73,2.85,2.85,10251,10300,0.12,4.4,2.82,"December 21, 22",0.044,AENZ
2022-12-20,2.84,2.84,2.7701,2.81,2.81,25942,25900,-0.03,-1.06,2.82,"December 20, 22",-0.0106,AENZ
2022-12-19,2.83,2.83,2.68,2.82,2.82,46449,46400,-0.01,-0.35336,2.8,"December 19, 22",-0.0035336,AENZ
2022-12-16,2.6,2.77,2.6,2.77,2.77,14331,14300,0.17,6.54,2.75,"December 16, 22",0.0654,AENZ
2022-12-15,2.42,2.65,2.42,2.65,2.65,31644,31600,0.23,9.5,2.56,"December 15, 22",0.095,AENZ
2022-12-14,2.28,2.55,2.28,2.55,2.55,23643,23600,0.27,11.84,2.47,"December 14, 22",0.1184,AENZ
2022-12-13,2.5,2.55,2.24,2.31,2.31,20719,20700,-0.19,-7.6,2.48,"December 13, 22",-0.076,AENZ
2022-12-12,2.52,2.55,2.42,2.5,2.5,13950,14000,-0.02,-0.79365,2.49,"December 12, 22",-0.0079365,AENZ
2022-12-09,2.42,2.52,2.38,2.52,2.52,6299,6300,0.1,4.13,2.41,"December 09, 22",0.0413,AENZ
2022-12-08,2.4,2.45,2.32,2.44,2.44,9688,9700,0.04,1.67,2.37,"December 08, 22",0.0167,AENZ
2022-12-07,2.46,2.4799,2.28,2.39,2.39,42837,42800,-0.07,-2.85,2.37,"December 07, 22",-0.0285,AENZ
2022-12-06,2.46,2.48,2.4,2.45,2.45,24679,24700,-0.01,-0.4065,2.44,"December 06, 22",-0.004065,AENZ
2022-12-05,2.44,2.5616,2.42,2.49,2.49,5027,5000,0.05,2.05,2.49,"December 05, 22",0.0205,AENZ
2022-12-02,2.27,2.7447,2.25,2.52,2.52,52952,52900,0.25,11.01,2.47,"December 02, 22",0.1101,AENZ
2022-12-01,2.31,2.3799,2.25,2.36,2.36,43106,43100,0.05,2.16,2.34,"December 01, 22",0.0216,AENZ
2022-11-30,2.26,2.35,2.1301,2.3,2.3,37613,37600,0.04,1.77,2.31,"November 30, 22",0.0177,AENZ
2022-11-29,1.97,2.5,1.97,2.31,2.31,207165,207200,0.34,17.26,2.29,"November 29, 22",0.1726,AENZ
2022-11-28,2.07,2.1577,2.0,2.05,2.05,30241,30200,-0.02,-0.96618,2.03,"November 28, 22",-0.0096618,AENZ
2022-11-25,2.16,2.16,1.851,2.06,2.06,35193,35200,-0.1,-4.63,2.03,"November 25, 22",-0.0463,AENZ
2022-11-23,2.37,2.44,2.03,2.1,2.1,159136,159100,-0.27,-11.39,2.2,"November 23, 22",-0.1139,AENZ
2022-11-22,4.0,5.9,2.21,2.5,2.5,2265021,2265000,-1.5,-37.5,3.85,"November 22, 22",-0.375,AENZ
2022-11-21,2.7,2.7,2.4,2.4522,2.46,5076,15229,-0.2478,-9.18,2.54,"November 21, 22",-0.0918,AENZ
2022-11-18,2.7,2.7,2.4606,2.5797,2.58,3102,9307,-0.1203,-4.46,2.59,"November 18, 22",-0.0446,AENZ
2022-11-17,2.5491,2.7,2.5345,2.6997,2.7,519,1558,0.1506,5.91,2.59,"November 17, 22",0.0591,AENZ
2022-11-16,2.52,2.5491,2.5046,2.52,2.52,380,1142,0.0,0.0,2.53,"November 16, 22",0.0,AENZ
2022-11-15,2.64,2.7,2.31,2.4,2.4,9824,29473,-0.24,-9.09,2.51,"November 15, 22",-0.0909,AENZ
2022-11-14,2.82,2.82,2.6397,2.6397,2.64,7096,21290,-0.1803,-6.39,2.72,"November 14, 22",-0.0639,AENZ
2022-11-11,3.3,3.3,2.5199,2.55,2.55,3163,9490,-0.75,-22.73,2.99,"November 11, 22",-0.2273,AENZ
2022-11-10,2.97,2.97,2.5284,2.61,2.61,2163,6489,-0.36,-12.12,2.69,"November 10, 22",-0.1212,AENZ
2022-11-09,2.7,2.7,2.58,2.58,2.58,1769,5308,-0.12,-4.44,2.63,"November 09, 22",-0.0444,AENZ
2022-11-08,2.6094,2.6775,2.5956,2.61,2.61,4978,14934,0.0006,0.02299379,2.61,"November 08, 22",0.0002299379,AENZ
2022-11-07,2.55,2.6997,2.55,2.55,2.55,1814,5443,0.0,0.0,2.58,"November 07, 22",0.0,AENZ
2022-11-04,2.7,2.7,2.5386,2.55,2.55,3304,9914,-0.15,-5.56,2.59,"November 04, 22",-0.0556,AENZ
2022-11-03,2.6997,2.7294,2.5809,2.7,2.7,646,1939,0.0003,0.01111235,2.7,"November 03, 22",0.0001111235,AENZ
2022-11-02,2.8497,2.8497,2.55,2.55,2.55,2234,6702,-0.2997,-10.52,2.71,"November 02, 22",-0.1052,AENZ
2022-11-01,2.6991,2.7732,2.6991,2.6991,2.7,1694,5084,0.0,0.0,2.72,"November 01, 22",0.0,AENZ
2022-10-31,2.7744,2.7744,2.6259,2.7729,2.76,1158,3474,-0.0015,-0.05406574,2.75,"October 31, 22",-0.0005406574,AENZ
2022-10-28,2.7,2.7,2.4933,2.55,2.55,535,1607,-0.15,-5.56,2.56,"October 28, 22",-0.0556,AENZ
2022-10-27,2.8503,2.97,2.6895,2.7,2.7,5941,17823,-0.1503,-5.27,2.81,"October 27, 22",-0.0527,AENZ
2022-10-26,2.55,3.06,2.55,2.7003,2.7,3334,10003,0.1503,5.89,2.88,"October 26, 22",0.0589,AENZ
2022-10-25,2.49,2.6099,2.3678,2.55,2.55,31581,94744,0.06,2.41,2.45,"October 25, 22",0.0241,AENZ
2022-10-24,2.2803,2.4591,2.2803,2.4,2.4,1114,3342,0.1197,5.25,2.43,"October 24, 22",0.0525,AENZ
2022-10-21,2.4603,2.4603,2.4507,2.4507,2.46,236,708,-0.0096,-0.3902,2.46,"October 21, 22",-0.003902,AENZ
2022-10-20,2.5608,2.5608,2.31,2.3433,2.34,4634,13904,-0.2175,-8.49,2.4,"October 20, 22",-0.0849,AENZ
2022-10-19,2.82,2.82,2.2803,2.4417,2.43,2385,7157,-0.3783,-13.41,2.54,"October 19, 22",-0.1341,AENZ
2022-10-18,2.7435,2.7435,2.43,2.46,2.46,730,2191,-0.2835,-10.33,2.54,"October 18, 22",-0.1033,AENZ
2022-10-17,2.58,2.58,2.4285,2.5767,2.58,3490,10472,-0.0033,-0.12791,2.57,"October 17, 22",-0.0012791,AENZ
2022-10-14,2.6397,2.6397,2.37,2.4885,2.49,1949,5848,-0.1512,-5.73,2.55,"October 14, 22",-0.0573,AENZ
2022-10-13,2.46,2.46,2.37,2.457,2.46,2134,6404,-0.003,-0.12195,2.39,"October 13, 22",-0.0012195,AENZ
2022-10-12,2.4891,2.4891,2.37,2.37,2.37,947,2843,-0.1191,-4.78,2.45,"October 12, 22",-0.0478,AENZ
2022-10-11,2.5497,2.5497,2.37,2.37,2.37,865,2595,-0.1797,-7.05,2.43,"October 11, 22",-0.0705,AENZ
2022-10-10,2.5128,2.5128,2.34,2.34,2.34,1181,3544,-0.1728,-6.88,2.4,"October 10, 22",-0.0688,AENZ
2022-10-07,2.55,2.55,2.253,2.3328,2.34,2020,6062,-0.2172,-8.52,2.46,"October 07, 22",-0.0852,AENZ
2022-10-06,2.4888,2.4888,2.3097,2.3099,2.31,653,1961,-0.1789,-7.19,2.37,"October 06, 22",-0.0719,AENZ
2022-10-05,2.07,2.3985,2.07,2.1003,2.1,727,2183,0.0303,1.46,2.22,"October 05, 22",0.0146,AENZ
2022-10-04,2.5794,2.5794,2.13,2.25,2.25,313,940,-0.3294,-12.77,2.36,"October 04, 22",-0.1277,AENZ
2022-10-03,2.1612,2.1612,2.1612,2.1612,2.16,17,54,0.0,0.0,2.16,"October 03, 22",0.0,AENZ
2022-09-30,2.25,2.25,2.1609,2.1612,2.16,694,2082,-0.0888,-3.95,2.2,"September 30, 22",-0.0395,AENZ
2022-09-29,2.25,2.25,2.25,2.25,2.25,107,324,0.0,0.0,2.25,"September 29, 22",0.0,AENZ
2022-09-28,2.13,2.3181,2.1003,2.25,2.25,826,2480,0.12,5.63,2.19,"September 28, 22",0.0563,AENZ
2022-09-27,2.34,2.5887,2.34,2.4594,2.46,299,899,0.1194,5.1,2.42,"September 27, 22",0.051,AENZ
2022-09-26,2.55,2.58,2.3115,2.3115,2.31,2242,6728,-0.2385,-9.35,2.52,"September 26, 22",-0.0935,AENZ
2022-09-23,2.8638,2.91,2.6706,2.79,2.79,958,2875,-0.0738,-2.58,2.84,"September 23, 22",-0.0258,AENZ
2022-09-22,2.9361,2.9361,2.7303,2.8497,2.85,2033,6099,-0.0864,-2.94,2.82,"September 22, 22",-0.0294,AENZ
2022-09-21,2.556,2.6994,2.556,2.6994,2.7,462,1386,0.1434,5.61,2.67,"September 21, 22",0.0561,AENZ
2022-09-20,2.7,2.7006,2.556,2.556,2.55,9358,28074,-0.144,-5.33,2.69,"September 20, 22",-0.0533,AENZ
2022-09-19,2.85,2.85,2.5803,2.7594,2.76,24564,73693,-0.0906,-3.18,2.79,"September 19, 22",-0.0318,AENZ
2022-09-16,3.06,3.06,2.85,2.85,2.85,11895,35686,-0.21,-6.86,2.89,"September 16, 22",-0.0686,AENZ
2022-09-15,3.09,3.15,3.09,3.15,3.15,146,440,0.06,1.94,3.12,"September 15, 22",0.0194,AENZ
2022-09-14,3.39,3.39,3.3,3.3,3.3,455,1365,-0.09,-2.65,3.31,"September 14, 22",-0.0265,AENZ
2022-09-13,3.0,3.2082,3.0,3.12,3.12,1841,5523,0.12,4.0,3.08,"September 13, 22",0.04,AENZ
2022-09-12,3.15,3.3,3.15,3.24,3.24,923,2770,0.09,2.86,3.25,"September 12, 22",0.0286,AENZ
2022-09-09,3.18,3.33,3.15,3.24,3.24,442,1326,0.06,1.89,3.21,"September 09, 22",0.0189,AENZ
2022-09-08,3.42,3.42,3.345,3.3618,3.36,217,653,-0.0582,-1.7,3.38,"September 08, 22",-0.017,AENZ
2022-09-07,3.39,3.39,3.3,3.3,3.3,146,438,-0.09,-2.65,3.34,"September 07, 22",-0.0265,AENZ
2022-09-06,3.48,3.48,3.27,3.27,3.27,303,910,-0.21,-6.03,3.34,"September 06, 22",-0.0603,AENZ
2022-09-02,3.2703,3.345,3.15,3.1503,3.15,1109,3327,-0.12,-3.67,3.26,"September 02, 22",-0.0367,AENZ
2022-09-01,3.03,3.1236,3.03,3.09,3.09,258,775,0.06,1.98,3.07,"September 01, 22",0.0198,AENZ
2022-08-31,3.3,3.3,3.06,3.18,3.18,1284,3852,-0.12,-3.64,3.24,"August 31, 22",-0.0364,AENZ
2022-08-30,3.1803,3.2103,3.06,3.0837,3.09,3383,10149,-0.0966,-3.04,3.17,"August 30, 22",-0.0304,AENZ
2022-08-29,3.24,3.24,3.03,3.18,3.18,2781,8345,-0.06,-1.85,3.18,"August 29, 22",-0.0185,AENZ
2022-08-26,3.51,3.51,3.33,3.36,3.36,2515,7546,-0.15,-4.27,3.37,"August 26, 22",-0.0427,AENZ
2022-08-25,3.2703,3.33,3.2703,3.33,3.33,698,2095,0.0597,1.83,3.29,"August 25, 22",0.0183,AENZ
2022-08-24,3.255,3.255,3.255,3.255,3.27,36,110,0.0,0.0,3.26,"August 24, 22",0.0,AENZ
2022-08-23,3.03,3.255,3.03,3.255,3.27,1945,5836,0.225,7.43,3.15,"August 23, 22",0.0743,AENZ
2022-08-22,3.15,3.285,3.15,3.27,3.27,790,2371,0.12,3.81,3.25,"August 22, 22",0.0381,AENZ
2022-08-19,3.9,3.9,3.3,3.36,3.36,951,2854,-0.54,-13.85,3.59,"August 19, 22",-0.1385,AENZ
2022-08-18,3.33,3.4368,3.27,3.3,3.3,1061,3183,-0.03,-0.9009,3.34,"August 18, 22",-0.009009,AENZ
2022-08-17,3.6,3.66,3.57,3.66,3.66,401,1205,0.06,1.67,3.6,"August 17, 22",0.0167,AENZ
2022-08-16,3.402,3.6,3.402,3.6,3.6,3538,10616,0.198,5.82,3.57,"August 16, 22",0.0582,AENZ
2022-08-15,3.27,3.33,3.18,3.21,3.21,524,1573,-0.06,-1.83,3.26,"August 15, 22",-0.0183,AENZ
2022-08-12,3.15,3.45,3.15,3.45,3.45,1251,3754,0.3,9.52,3.28,"August 12, 22",0.0952,AENZ
2022-08-11,3.0,3.36,3.0,3.36,3.36,7309,21929,0.36,12.0,3.2,"August 11, 22",0.12,AENZ
2022-08-10,3.06,3.3,3.0,3.078,3.09,13373,40119,0.018,0.58824,3.13,"August 10, 22",0.0058824,AENZ
2022-08-09,3.15,3.255,3.03,3.15,3.15,10005,30016,0.0,0.0,3.14,"August 09, 22",0.0,AENZ
2022-08-08,3.24,3.3,3.0,3.24,3.24,13454,40364,0.0,0.0,3.15,"August 08, 22",0.0,AENZ
2022-08-05,3.0,3.36,3.0,3.24,3.24,3946,11839,0.24,8.0,3.18,"August 05, 22",0.08,AENZ
2022-08-04,3.09,3.18,3.0,3.06,3.06,4101,12305,-0.03,-0.97087,3.06,"August 04, 22",-0.0097087,AENZ
2022-08-03,3.15,3.21,3.0,3.1032,3.09,604,1812,-0.0468,-1.49,3.09,"August 03, 22",-0.0149,AENZ
2022-08-02,3.36,3.36,3.0,3.06,3.06,1057,3173,-0.3,-8.93,3.13,"August 02, 22",-0.0893,AENZ
2022-08-01,3.24,3.3,3.09,3.09,3.09,2945,8836,-0.15,-4.63,3.23,"August 01, 22",-0.0463,AENZ
2022-07-29,3.24,3.24,3.0,3.24,3.24,5227,15683,0.0,0.0,3.1,"July 29, 22",0.0,AENZ
2022-07-28,3.15,3.21,2.9103,3.21,3.21,2317,6952,0.06,1.9,3.03,"July 28, 22",0.019,AENZ
2022-07-27,3.06,3.06,3.0,3.0,3.0,449,1347,-0.06,-1.96,3.01,"July 27, 22",-0.0196,AENZ
2022-07-26,2.9724,3.0,2.88,3.0,3.0,2277,6831,0.0276,0.92854,2.95,"July 26, 22",0.0092854,AENZ
2022-07-25,3.03,3.1491,2.94,2.9991,3.0,3774,11322,-0.0309,-1.02,3.04,"July 25, 22",-0.0102,AENZ
2022-07-22,3.03,3.15,3.03,3.15,3.15,1591,4775,0.12,3.96,3.12,"July 22, 22",0.0396,AENZ
2022-07-21,3.33,3.33,3.102,3.102,3.09,10804,32412,-0.228,-6.85,3.24,"July 21, 22",-0.0685,AENZ
2022-07-20,3.18,3.3,3.18,3.18,3.18,2938,8815,0.0,0.0,3.21,"July 20, 22",0.0,AENZ
2022-07-19,3.18,3.18,3.015,3.105,3.09,3497,10491,-0.075,-2.36,3.04,"July 19, 22",-0.0236,AENZ
2022-07-18,3.03,3.15,3.0,3.0,3.0,1236,3709,-0.03,-0.9901,3.02,"July 18, 22",-0.009901,AENZ
2022-07-15,3.36,3.36,3.06,3.12,3.12,3313,9941,-0.24,-7.14,3.22,"July 15, 22",-0.0714,AENZ
2022-07-14,3.36,3.36,3.18,3.18,3.18,2843,8531,-0.18,-5.36,3.28,"July 14, 22",-0.0536,AENZ
2022-07-13,3.51,3.51,3.36,3.36,3.36,2632,7898,-0.15,-4.27,3.46,"July 13, 22",-0.0427,AENZ
2022-07-12,3.36,3.543,3.36,3.36,3.36,337,1012,0.0,0.0,3.42,"July 12, 22",0.0,AENZ
2022-07-11,3.45,3.579,3.45,3.45,3.45,1293,3881,0.0,0.0,3.48,"July 11, 22",0.0,AENZ
2022-07-08,3.36,3.5733,3.36,3.5385,3.54,1456,4370,0.1785,5.31,3.52,"July 08, 22",0.0531,AENZ
2022-07-07,3.69,3.69,3.675,3.675,3.69,135,407,-0.015,-0.4065,3.66,"July 07, 22",-0.004065,AENZ
2022-07-06,3.57,3.57,3.57,3.57,3.57,691,2075,0.0,0.0,3.57,"July 06, 22",0.0,AENZ
2022-07-05,3.84,3.84,3.81,3.81,3.81,84,254,-0.03,-0.78125,3.8,"July 05, 22",-0.0078125,AENZ
2022-07-01,3.81,3.81,3.81,3.81,3.81,124,372,0.0,0.0,3.81,"July 01, 22",0.0,AENZ
2022-06-30,3.6,3.6,3.6,3.6,3.6,55,165,0.0,0.0,3.64,"June 30, 22",0.0,AENZ
2022-06-29,3.72,3.72,3.72,3.72,3.72,2,9,0.0,0.0,3.72,"June 29, 22",0.0,AENZ
2022-06-28,3.72,3.87,3.72,3.72,3.72,194,582,0.0,0.0,3.79,"June 28, 22",0.0,AENZ
2022-06-27,3.81,4.0197,3.81,3.8424,3.84,643,1930,0.0324,0.85039,3.86,"June 27, 22",0.0085039,AENZ
2022-06-24,3.96,3.96,3.81,3.81,3.81,146,439,-0.15,-3.79,3.84,"June 24, 22",-0.0379,AENZ
2022-06-23,3.81,3.81,3.81,3.81,3.81,4,15,0.0,0.0,3.81,"June 23, 22",0.0,AENZ
2022-06-22,3.81,3.81,3.81,3.81,3.81,153,461,0.0,0.0,3.94,"June 22, 22",0.0,AENZ
2022-06-21,3.9,3.9,3.81,3.84,3.84,194,582,-0.06,-1.54,3.85,"June 21, 22",-0.0154,AENZ
2022-06-17,3.96,3.96,3.93,3.93,3.93,119,359,-0.03,-0.75758,3.97,"June 17, 22",-0.0075758,AENZ
2022-06-16,4.17,4.17,3.96,3.96,3.96,137,411,-0.21,-5.04,4.02,"June 16, 22",-0.0504,AENZ
2022-06-15,4.2,4.2,3.27,3.9,3.9,1251,3755,-0.3,-7.14,3.73,"June 15, 22",-0.0714,AENZ
2022-06-14,3.81,3.81,3.81,3.81,3.81,379,1137,0.0,0.0,3.76,"June 14, 22",0.0,AENZ
2022-06-13,4.14,4.23,4.02,4.17,4.17,836,2510,0.03,0.72464,4.15,"June 13, 22",0.0072464,AENZ
2022-06-10,4.1634,4.26,4.14,4.2,4.2,608,1824,0.0366,0.87909,4.23,"June 10, 22",0.0087909,AENZ
2022-06-09,4.35,4.35,4.14,4.14,4.14,686,2058,-0.21,-4.83,4.2,"June 09, 22",-0.0483,AENZ
2022-06-08,4.56,4.56,4.203,4.203,4.2,315,947,-0.357,-7.83,4.3,"June 08, 22",-0.0783,AENZ
2022-06-07,4.14,4.35,4.14,4.35,4.35,1501,4503,0.21,5.07,4.26,"June 07, 22",0.0507,AENZ
2022-06-06,4.233,4.29,4.233,4.29,4.29,430,1290,0.057,1.35,4.28,"June 06, 22",0.0135,AENZ
2022-06-03,4.38,4.38,4.2003,4.23,4.23,1410,4230,-0.15,-3.42,4.34,"June 03, 22",-0.0342,AENZ
2022-06-02,4.14,4.41,4.14,4.41,4.41,1551,4655,0.27,6.52,4.32,"June 02, 22",0.0652,AENZ
2022-06-01,4.14,4.38,4.14,4.29,4.29,1882,5647,0.15,3.62,4.36,"June 01, 22",0.0362,AENZ
2022-05-31,4.62,4.62,4.2375,4.38,4.38,4009,12027,-0.24,-5.19,4.52,"May 31, 22",-0.0519,AENZ
2022-05-27,4.53,4.65,4.53,4.563,4.56,1573,4721,0.033,0.72848,4.57,"May 27, 22",0.0072848,AENZ
2022-05-26,4.08,4.35,4.08,4.35,4.35,932,2798,0.27,6.62,4.3,"May 26, 22",0.0662,AENZ
2022-05-25,4.0503,4.26,4.0503,4.26,4.26,270,810,0.2097,5.18,4.16,"May 25, 22",0.0518,AENZ
2022-05-24,4.08,4.08,4.05,4.05,4.05,7171,21514,-0.03,-0.73529,4.05,"May 24, 22",-0.0073529,AENZ
2022-05-23,3.93,4.2,3.93,4.1997,4.2,545,1635,0.2697,6.86,4.15,"May 23, 22",0.0686,AENZ
2022-05-20,4.29,4.38,4.086,4.086,4.08,803,2410,-0.204,-4.76,4.26,"May 20, 22",-0.0476,AENZ
2022-05-19,4.11,4.32,4.0797,4.2,4.2,4121,12365,0.09,2.19,4.15,"May 19, 22",0.0219,AENZ
2022-05-18,4.11,4.41,4.11,4.2,4.2,2616,7850,0.09,2.19,4.39,"May 18, 22",0.0219,AENZ
2022-05-17,4.32,4.44,4.113,4.113,4.11,4273,12821,-0.207,-4.79,4.38,"May 17, 22",-0.0479,AENZ
2022-05-16,4.23,4.35,4.23,4.35,4.35,276,828,0.12,2.84,4.32,"May 16, 22",0.0284,AENZ
2022-05-13,3.93,4.38,3.93,4.38,4.38,2832,8496,0.45,11.45,4.21,"May 13, 22",0.1145,AENZ
2022-05-12,4.17,4.23,3.75,4.2,4.2,8244,24734,0.03,0.71942,4.0,"May 12, 22",0.0071942,AENZ
2022-05-11,4.62,4.65,4.38,4.47,4.47,3212,9636,-0.15,-3.25,4.47,"May 11, 22",-0.0325,AENZ
2022-05-10,4.8,4.8096,4.44,4.44,4.44,336,1010,-0.36,-7.5,4.6,"May 10, 22",-0.075,AENZ
2022-05-09,4.8,5.01,4.665,4.665,4.68,12326,36978,-0.135,-2.81,4.81,"May 09, 22",-0.0281,AENZ
2022-05-06,4.5,5.1,4.5,4.62,4.62,7852,23556,0.12,2.67,4.71,"May 06, 22",0.0267,AENZ
2022-05-05,5.37,5.37,4.38,4.41,4.41,7887,23662,-0.96,-17.88,4.7,"May 05, 22",-0.1788,AENZ
2022-05-04,5.25,5.67,5.1924,5.37,5.37,1190,3572,0.12,2.29,5.36,"May 04, 22",0.0229,AENZ
2022-05-03,5.85,5.85,5.34,5.4,5.4,2180,6542,-0.45,-7.69,5.48,"May 03, 22",-0.0769,AENZ
2022-05-02,5.82,5.82,5.58,5.58,5.58,517,1551,-0.24,-4.12,5.72,"May 02, 22",-0.0412,AENZ
2022-04-29,5.25,5.85,5.25,5.73,5.73,930,2790,0.48,9.14,5.6,"April 29, 22",0.0914,AENZ
2022-04-28,5.52,5.97,5.34,5.34,5.34,6527,19581,-0.18,-3.26,5.49,"April 28, 22",-0.0326,AENZ
2022-04-27,5.52,5.94,5.52,5.85,5.85,3041,9123,0.33,5.98,5.59,"April 27, 22",0.0598,AENZ
2022-04-26,5.28,5.52,5.19,5.34,5.34,920,2761,0.06,1.14,5.32,"April 26, 22",0.0114,AENZ
2022-04-25,5.46,5.67,5.07,5.19,5.19,7079,21238,-0.27,-4.95,5.25,"April 25, 22",-0.0495,AENZ
2022-04-22,5.58,5.82,5.4,5.55,5.55,7125,21376,-0.03,-0.53763,5.55,"April 22, 22",-0.0053763,AENZ
2022-04-21,6.24,6.24,5.55,5.7,5.7,3352,10057,-0.54,-8.65,5.66,"April 21, 22",-0.0865,AENZ
2022-04-20,5.82,6.06,5.715,6.06,6.06,594,1782,0.24,4.12,5.84,"April 20, 22",0.0412,AENZ
2022-04-19,5.55,5.85,5.52,5.67,5.67,725,2176,0.12,2.16,5.74,"April 19, 22",0.0216,AENZ
2022-04-18,5.61,5.85,5.55,5.7,5.7,1318,3956,0.09,1.6,5.66,"April 18, 22",0.016,AENZ
2022-04-14,6.06,6.06,5.55,5.73,5.73,1503,4509,-0.33,-5.45,5.76,"April 14, 22",-0.0545,AENZ
2022-04-13,6.03,6.3,5.61,5.79,5.79,4235,12706,-0.24,-3.98,5.85,"April 13, 22",-0.0398,AENZ
2022-04-12,5.91,6.45,5.91,6.36,6.36,7652,22956,0.45,7.61,6.32,"April 12, 22",0.0761,AENZ
2022-04-11,5.73,6.39,5.46,6.18,6.18,138139,414417,0.45,7.85,6.01,"April 11, 22",0.0785,AENZ
2022-04-08,6.45,6.45,6.0,6.0,6.0,2214,6643,-0.45,-6.98,6.21,"April 08, 22",-0.0698,AENZ
2022-04-07,5.79,6.57,5.7,6.33,6.33,34877,104633,0.54,9.33,6.01,"April 07, 22",0.0933,AENZ
2022-04-06,5.67,5.94,5.37,5.91,5.91,29982,89947,0.24,4.23,5.8,"April 06, 22",0.0423,AENZ
2022-04-05,5.37,5.58,5.1,5.58,5.58,8340,25022,0.21,3.91,5.34,"April 05, 22",0.0391,AENZ
2022-04-04,5.04,5.4,5.04,5.28,5.28,1676,5028,0.24,4.76,5.2,"April 04, 22",0.0476,AENZ
2022-04-01,5.22,5.28,5.01,5.13,5.13,835,2506,-0.09,-1.72,5.16,"April 01, 22",-0.0172,AENZ
2022-03-31,4.86,5.28,4.86,4.92,4.92,1972,5918,0.06,1.23,5.06,"March 31, 22",0.0123,AENZ
2022-03-30,4.95,5.16,4.92,5.13,5.13,786,2359,0.18,3.64,5.08,"March 30, 22",0.0364,AENZ
2022-03-29,4.86,5.28,4.86,5.07,5.07,2138,6414,0.21,4.32,5.06,"March 29, 22",0.0432,AENZ
2022-03-28,5.055,5.055,4.92,4.965,4.98,3134,9402,-0.09,-1.78,4.95,"March 28, 22",-0.0178,AENZ
2022-03-25,4.95,4.95,4.86,4.9203,4.92,664,1994,-0.0297,-0.6,4.89,"March 25, 22",-0.006,AENZ
2022-03-24,5.37,5.37,4.59,4.95,4.95,2853,8559,-0.42,-7.82,4.84,"March 24, 22",-0.0782,AENZ
2022-03-23,4.8,4.98,4.8,4.98,4.98,688,2066,0.18,3.75,4.89,"March 23, 22",0.0375,AENZ
2022-03-22,4.65,5.1,4.65,4.8636,4.86,2174,6523,0.2136,4.59,4.94,"March 22, 22",0.0459,AENZ
2022-03-21,4.815,4.9497,4.77,4.8,4.8,2790,8371,-0.015,-0.31153,4.85,"March 21, 22",-0.0031153,AENZ
2022-03-18,5.07,5.07,4.92,4.95,4.95,1882,5647,-0.12,-2.37,4.97,"March 18, 22",-0.0237,AENZ
2022-03-17,5.025,5.04,5.0034,5.04,5.04,352,1058,0.015,0.29851,5.02,"March 17, 22",0.0029851,AENZ
2022-03-16,5.13,5.13,4.92,5.04,5.04,2423,7270,-0.09,-1.75,5.04,"March 16, 22",-0.0175,AENZ
2022-03-15,5.28,5.31,5.1429,5.205,5.22,981,2943,-0.075,-1.42,5.21,"March 15, 22",-0.0142,AENZ
2022-03-14,5.25,5.3997,5.25,5.31,5.31,1059,3177,0.06,1.14,5.3,"March 14, 22",0.0114,AENZ
2022-03-11,5.4597,5.4597,5.2845,5.2845,5.28,549,1649,-0.1752,-3.21,5.35,"March 11, 22",-0.0321,AENZ
2022-03-10,5.25,5.34,5.25,5.31,5.31,483,1451,0.06,1.14,5.3,"March 10, 22",0.0114,AENZ
2022-03-09,5.34,5.4597,5.325,5.34,5.34,671,2015,0.0,0.0,5.36,"March 09, 22",0.0,AENZ
2022-03-08,5.355,5.37,5.2275,5.37,5.37,2711,8135,0.015,0.28011,5.27,"March 08, 22",0.0028011,AENZ
2022-03-07,5.325,5.325,5.16,5.16,5.16,450,1352,-0.165,-3.1,5.21,"March 07, 22",-0.031,AENZ
2022-03-04,5.13,5.4,5.13,5.22,5.22,897,2693,0.09,1.75,5.35,"March 04, 22",0.0175,AENZ
2022-03-03,5.13,5.31,5.1,5.13,5.13,512,1537,0.0,0.0,5.22,"March 03, 22",0.0,AENZ
2022-03-02,5.1003,5.37,5.1,5.16,5.16,2655,7966,0.0597,1.17,5.17,"March 02, 22",0.0117,AENZ
2022-03-01,5.4,5.4,5.1,5.25,5.25,1536,4608,-0.15,-2.78,5.25,"March 01, 22",-0.0278,AENZ
2022-02-28,5.04,5.4,5.04,5.31,5.31,997,2993,0.27,5.36,5.3,"February 28, 22",0.0536,AENZ
2022-02-25,5.04,5.16,5.04,5.1,5.1,10509,31528,0.06,1.19,5.1,"February 25, 22",0.0119,AENZ
2022-02-24,5.01,5.16,5.01,5.16,5.16,1478,4436,0.15,2.99,5.09,"February 24, 22",0.0299,AENZ
2022-02-23,5.01,5.34,5.01,5.34,5.34,580,1740,0.33,6.59,5.18,"February 23, 22",0.0659,AENZ
2022-02-22,5.01,5.13,5.01,5.13,5.13,261,784,0.12,2.4,5.25,"February 22, 22",0.024,AENZ
2022-02-18,5.28,5.2803,5.22,5.25,5.25,422,1266,-0.03,-0.56818,5.27,"February 18, 22",-0.0056818,AENZ
2022-02-17,5.04,5.4,5.04,5.34,5.34,16209,48628,0.3,5.95,5.27,"February 17, 22",0.0595,AENZ
2022-02-16,5.4,5.4,5.04,5.22,5.22,14587,43763,-0.18,-3.33,5.21,"February 16, 22",-0.0333,AENZ
2022-02-15,5.37,5.4,5.04,5.19,5.19,19186,57560,-0.18,-3.35,5.21,"February 15, 22",-0.0335,AENZ
2022-02-14,5.31,5.34,4.98,4.98,4.98,3460,10380,-0.33,-6.21,5.18,"February 14, 22",-0.0621,AENZ
2022-02-11,5.28,5.4,5.16,5.31,5.31,18691,56074,0.03,0.56818,5.25,"February 11, 22",0.0056818,AENZ
2022-02-10,5.34,5.7,4.98,5.1,5.1,1487,4462,-0.24,-4.49,5.53,"February 10, 22",-0.0449,AENZ
2022-02-09,5.82,5.82,4.98,5.1,5.1,6363,19091,-0.72,-12.37,5.31,"February 09, 22",-0.1237,AENZ
2022-02-08,5.2197,5.2197,4.89,4.89,4.89,147,441,-0.3297,-6.32,5.09,"February 08, 22",-0.0632,AENZ
2022-02-07,4.92,5.37,4.8,5.22,5.22,8038,24115,0.3,6.1,5.02,"February 07, 22",0.061,AENZ
2022-02-04,5.34,5.34,4.92,5.25,5.25,503,1509,-0.09,-1.69,5.22,"February 04, 22",-0.0169,AENZ
2022-02-03,5.43,5.52,5.28,5.34,5.34,749,2247,-0.09,-1.66,5.41,"February 03, 22",-0.0166,AENZ
2022-02-02,5.7,5.7,5.46,5.67,5.67,405,1217,-0.03,-0.52632,5.56,"February 02, 22",-0.0052632,AENZ
2022-02-01,5.19,5.64,5.19,5.46,5.46,1542,4627,0.27,5.2,5.48,"February 01, 22",0.052,AENZ
2022-01-31,5.28,5.4,5.13,5.4,5.4,965,2897,0.12,2.27,5.28,"January 31, 22",0.0227,AENZ
2022-01-28,5.76,5.76,5.43,5.5197,5.52,3957,11872,-0.2403,-4.17,5.65,"January 28, 22",-0.0417,AENZ
2022-01-27,5.31,5.76,4.8831,5.22,5.22,995,2987,-0.09,-1.69,5.22,"January 27, 22",-0.0169,AENZ
2022-01-26,5.79,5.79,5.04,5.13,5.13,521,1563,-0.66,-11.4,5.58,"January 26, 22",-0.114,AENZ
2022-01-25,5.76,5.76,5.13,5.43,5.43,2564,7692,-0.33,-5.73,5.29,"January 25, 22",-0.0573,AENZ
2022-01-24,5.31,5.52,4.8003,5.49,5.49,3068,9206,0.18,3.39,5.18,"January 24, 22",0.0339,AENZ
2022-01-21,6.09,6.09,5.25,5.61,5.61,3788,11364,-0.48,-7.88,5.73,"January 21, 22",-0.0788,AENZ
2022-01-20,5.7,6.3,5.4,6.03,6.03,6157,18471,0.33,5.79,6.09,"January 20, 22",0.0579,AENZ
2022-01-19,6.3,6.3,5.82,5.91,5.91,3449,10349,-0.39,-6.19,6.13,"January 19, 22",-0.0619,AENZ
2022-01-18,6.33,6.42,6.093,6.18,6.18,14115,42347,-0.15,-2.37,6.31,"January 18, 22",-0.0237,AENZ
2022-01-14,5.955,6.12,5.9259,6.12,6.12,3952,11856,0.165,2.77,5.99,"January 14, 22",0.0277,AENZ
2022-01-13,5.97,6.09,5.8329,6.0,6.0,26013,78041,0.03,0.50251,5.94,"January 13, 22",0.0050251,AENZ
2022-01-12,5.52,5.94,5.52,5.85,5.85,44908,134726,0.33,5.98,5.72,"January 12, 22",0.0598,AENZ
2022-01-11,5.4,5.67,5.4,5.64,5.64,4678,14035,0.24,4.44,5.55,"January 11, 22",0.0444,AENZ
2022-01-10,5.4,5.64,5.28,5.55,5.55,3150,9452,0.15,2.78,5.48,"January 10, 22",0.0278,AENZ
2022-01-07,5.28,5.61,5.28,5.43,5.43,2262,6787,0.15,2.84,5.46,"January 07, 22",0.0284,AENZ
2022-01-06,5.22,5.52,5.04,5.52,5.52,6692,20078,0.3,5.75,5.29,"January 06, 22",0.0575,AENZ
2022-01-05,5.19,5.6397,5.19,5.43,5.43,1407,4223,0.24,4.62,5.35,"January 05, 22",0.0462,AENZ
2022-01-04,5.01,5.37,5.01,5.37,5.37,4052,12158,0.36,7.19,5.29,"January 04, 22",0.0719,AENZ
2022-01-03,4.98,5.22,4.74,5.16,5.16,14220,42660,0.18,3.61,5.04,"January 03, 22",0.0361,AENZ
2021-12-31,4.95,4.953,4.74,4.86,4.86,874,2624,-0.09,-1.82,4.86,"December 31, 21",-0.0182,AENZ
2021-12-30,4.74,4.92,4.74,4.89,4.89,10140,30422,0.15,3.16,4.89,"December 30, 21",0.0316,AENZ
2021-12-29,4.83,4.86,4.65,4.86,4.86,5236,15708,0.03,0.62112,4.8,"December 29, 21",0.0062112,AENZ
2021-12-28,4.83,5.1,4.83,4.95,4.95,5722,17168,0.12,2.48,5.02,"December 28, 21",0.0248,AENZ
2021-12-27,4.8,5.0673,4.8,5.01,5.01,12301,36903,0.21,4.38,4.94,"December 27, 21",0.0438,AENZ
2021-12-23,4.59,4.9497,4.59,4.8,4.8,28809,86429,0.21,4.58,4.76,"December 23, 21",0.0458,AENZ
2021-12-22,4.56,4.755,4.56,4.71,4.71,2606,7819,0.15,3.29,4.72,"December 22, 21",0.0329,AENZ
2021-12-21,4.38,4.8,4.38,4.71,4.71,16475,49427,0.33,7.53,4.6,"December 21, 21",0.0753,AENZ
2021-12-20,4.71,4.71,4.05,4.53,4.53,22831,68494,-0.18,-3.82,4.4,"December 20, 21",-0.0382,AENZ
2021-12-17,5.1,5.1,4.731,4.86,4.86,839,2517,-0.24,-4.71,4.85,"December 17, 21",-0.0471,AENZ
2021-12-16,4.8,5.0097,4.575,4.86,4.86,11408,34224,0.06,1.25,4.76,"December 16, 21",0.0125,AENZ
2021-12-15,4.53,4.65,4.5,4.563,4.56,990,2972,0.033,0.72848,4.57,"December 15, 21",0.0072848,AENZ
2021-12-14,4.53,4.62,4.53,4.53,4.53,1039,3117,0.0,0.0,4.56,"December 14, 21",0.0,AENZ
2021-12-13,4.65,4.71,4.56,4.65,4.65,1702,5106,0.0,0.0,4.69,"December 13, 21",0.0,AENZ
2021-12-10,4.71,4.89,4.71,4.77,4.77,1434,4303,0.06,1.27,4.81,"December 10, 21",0.0127,AENZ
2021-12-09,4.7388,4.9212,4.7316,4.86,4.86,4295,12886,0.1212,2.56,4.88,"December 09, 21",0.0256,AENZ
2021-12-08,4.95,4.98,4.86,4.92,4.92,1546,4638,-0.03,-0.60606,4.92,"December 08, 21",-0.0060606,AENZ
2021-12-07,4.74,5.3415,4.74,4.95,4.95,33115,99345,0.21,4.43,5.2,"December 07, 21",0.0443,AENZ
2021-12-06,4.4847,4.98,4.4847,4.89,4.89,9050,27151,0.4053,9.04,4.82,"December 06, 21",0.0904,AENZ
2021-12-03,4.5,4.7106,4.5,4.68,4.68,5893,17680,0.18,4.0,4.63,"December 03, 21",0.04,AENZ
2021-12-02,4.59,4.62,4.38,4.62,4.62,6089,18267,0.03,0.65359,4.53,"December 02, 21",0.0065359,AENZ
2021-12-01,4.74,4.74,4.6017,4.71,4.71,1827,5481,-0.03,-0.63291,4.7,"December 01, 21",-0.0063291,AENZ
2021-11-30,4.92,4.9524,4.59,4.74,4.74,7364,22093,-0.18,-3.66,4.79,"November 30, 21",-0.0366,AENZ
2021-11-29,4.68,5.1,4.68,4.92,4.92,34824,104473,0.24,5.13,4.94,"November 29, 21",0.0513,AENZ
2021-11-26,4.53,4.83,4.53,4.7844,4.77,3563,10689,0.2544,5.62,4.72,"November 26, 21",0.0562,AENZ
2021-11-24,4.605,4.83,4.605,4.8,4.8,14825,44476,0.195,4.23,4.73,"November 24, 21",0.0423,AENZ
2021-11-23,4.83,4.83,4.4394,4.65,4.65,49112,147336,-0.18,-3.73,4.6,"November 23, 21",-0.0373,AENZ
2021-11-22,5.1,5.1897,4.83,4.95,4.95,13241,39724,-0.15,-2.94,5.03,"November 22, 21",-0.0294,AENZ
2021-11-19,5.67,5.67,4.95,5.085,5.1,91233,273699,-0.585,-10.32,5.11,"November 19, 21",-0.1032,AENZ
2021-11-18,5.13,5.67,5.13,5.49,5.49,153750,461252,0.36,7.02,5.46,"November 18, 21",0.0702,AENZ
2021-11-17,5.28,5.46,4.98,5.37,5.37,15116,45348,0.09,1.7,5.36,"November 17, 21",0.017,AENZ
2021-11-16,5.4,5.58,5.3727,5.4,5.4,45195,135587,0.0,0.0,5.43,"November 16, 21",0.0,AENZ
2021-11-15,5.46,5.55,5.46,5.52,5.52,12905,38716,0.06,1.1,5.5,"November 15, 21",0.011,AENZ
2021-11-12,5.46,5.7,5.385,5.49,5.49,40217,120652,0.03,0.54945,5.55,"November 12, 21",0.0054945,AENZ
2021-11-11,5.58,5.58,5.46,5.535,5.55,3996,11988,-0.045,-0.80645,5.51,"November 11, 21",-0.0080645,AENZ
2021-11-10,5.3997,5.79,5.37,5.58,5.58,21630,64891,0.1803,3.34,5.59,"November 10, 21",0.0334,AENZ
2021-11-09,5.7,5.7,5.55,5.67,5.67,2271,6813,-0.03,-0.52632,5.65,"November 09, 21",-0.0052632,AENZ
2021-11-08,5.94,5.94,5.61,5.685,5.7,6904,20713,-0.255,-4.29,5.72,"November 08, 21",-0.0429,AENZ
2021-11-05,5.61,5.9394,5.61,5.7306,5.73,11621,34863,0.1206,2.15,5.75,"November 05, 21",0.0215,AENZ
2021-11-04,5.7,5.97,5.6997,5.73,5.73,10176,30530,0.03,0.52632,5.88,"November 04, 21",0.0052632,AENZ
2021-11-03,5.9406,5.9997,5.94,5.97,5.97,1434,4302,0.0294,0.4949,5.92,"November 03, 21",0.004949,AENZ
2021-11-02,5.58,6.06,5.55,5.88,5.88,10478,31436,0.3,5.38,5.87,"November 02, 21",0.0538,AENZ
2021-11-01,5.67,5.8971,5.67,5.82,5.82,3891,11673,0.15,2.65,5.81,"November 01, 21",0.0265,AENZ
2021-10-29,5.79,5.94,5.73,5.82,5.82,2798,8396,0.03,0.51813,5.83,"October 29, 21",0.0051813,AENZ
2021-10-28,5.94,6.06,5.85,5.91,5.91,16023,48070,-0.03,-0.50505,5.95,"October 28, 21",-0.0050505,AENZ
2021-10-27,5.73,6.0,5.73,5.94,5.94,108195,324586,0.21,3.66,5.96,"October 27, 21",0.0366,AENZ
2021-10-26,5.85,5.88,5.76,5.8122,5.82,15390,46171,-0.0378,-0.64615,5.78,"October 26, 21",-0.0064615,AENZ
2021-10-25,5.79,5.9646,5.76,5.88,5.88,5438,16316,0.09,1.55,5.89,"October 25, 21",0.0155,AENZ
2021-10-22,5.85,6.0,5.73,5.91,5.91,4010,12030,0.06,1.03,5.91,"October 22, 21",0.0103,AENZ
2021-10-21,6.09,6.24,5.97,6.0,6.0,14595,43785,-0.09,-1.48,6.06,"October 21, 21",-0.0148,AENZ
2021-10-20,5.7,6.15,5.7,6.09,6.09,288732,866197,0.39,6.84,5.96,"October 20, 21",0.0684,AENZ
2021-10-19,5.91,5.91,5.655,5.85,5.85,34340,103022,-0.06,-1.02,5.76,"October 19, 21",-0.0102,AENZ
2021-10-18,5.46,5.76,5.46,5.76,5.76,31071,93213,0.3,5.49,5.64,"October 18, 21",0.0549,AENZ
2021-10-15,5.37,5.613,5.37,5.58,5.58,7172,21518,0.21,3.91,5.54,"October 15, 21",0.0391,AENZ
2021-10-14,5.43,5.55,5.25,5.43,5.43,77860,233580,0.0,0.0,5.43,"October 14, 21",0.0,AENZ
2021-10-13,5.58,5.58,5.43,5.52,5.52,6876,20630,-0.06,-1.08,5.49,"October 13, 21",-0.0108,AENZ
2021-10-12,5.67,5.67,5.46,5.49,5.49,3071,9215,-0.18,-3.17,5.5,"October 12, 21",-0.0317,AENZ
2021-10-11,5.58,5.7663,5.3997,5.58,5.58,23398,70194,0.0,0.0,5.57,"October 11, 21",0.0,AENZ
2021-10-08,5.43,5.628,5.31,5.46,5.46,30956,92869,0.03,0.55249,5.43,"October 08, 21",0.0055249,AENZ
2021-10-07,5.34,5.55,5.3367,5.49,5.49,11492,34478,0.15,2.81,5.51,"October 07, 21",0.0281,AENZ
2021-10-06,5.4,5.4669,5.2206,5.4,5.4,2477,7433,0.0,0.0,5.36,"October 06, 21",0.0,AENZ
2021-10-05,5.4,5.52,5.31,5.49,5.49,2799,8397,0.09,1.67,5.47,"October 05, 21",0.0167,AENZ
2021-10-04,5.4,5.55,5.4,5.46,5.46,1854,5564,0.06,1.11,5.47,"October 04, 21",0.0111,AENZ
2021-10-01,5.5197,5.667,5.43,5.487,5.49,19100,57300,-0.0327,-0.59242,5.52,"October 01, 21",-0.0059242,AENZ
2021-09-30,5.7,5.7,5.424,5.52,5.52,5483,16449,-0.18,-3.16,5.58,"September 30, 21",-0.0316,AENZ
2021-09-29,5.16,5.67,5.127,5.61,5.61,55225,165676,0.45,8.72,5.47,"September 29, 21",0.0872,AENZ
2021-09-28,5.2449,5.34,5.1957,5.28,5.28,33746,101240,0.0351,0.66922,5.25,"September 28, 21",0.0066922,AENZ
2021-09-27,5.22,5.34,5.1414,5.25,5.25,6140,18420,0.03,0.57471,5.26,"September 27, 21",0.0057471,AENZ
2021-09-24,5.07,5.34,5.01,5.28,5.28,75100,225301,0.21,4.14,5.17,"September 24, 21",0.0414,AENZ
2021-09-23,4.89,5.13,4.89,5.04,5.04,18792,56376,0.15,3.07,5.02,"September 23, 21",0.0307,AENZ
2021-09-22,4.95,5.07,4.86,4.983,4.98,13751,41254,0.033,0.66667,5.02,"September 22, 21",0.0066667,AENZ
2021-09-21,4.86,5.04,4.86,5.0121,5.01,61299,183899,0.1521,3.13,4.95,"September 21, 21",0.0313,AENZ
2021-09-20,5.25,5.25,4.89,4.92,4.92,112832,338497,-0.33,-6.29,5.04,"September 20, 21",-0.0629,AENZ
2021-09-17,4.89,5.2203,4.89,5.106,5.1,26114,78344,0.216,4.42,5.15,"September 17, 21",0.0442,AENZ
2021-09-16,4.59,5.19,4.53,5.1,5.1,335344,1006032,0.51,11.11,5.02,"September 16, 21",0.1111,AENZ
2021-09-15,4.5603,4.7697,4.5,4.7697,4.77,56042,168128,0.2094,4.59,4.63,"September 15, 21",0.0459,AENZ
2021-09-14,4.59,4.6401,4.365,4.47,4.47,63239,189719,-0.12,-2.61,4.53,"September 14, 21",-0.0261,AENZ
2021-09-13,4.47,4.83,4.38,4.56,4.56,41069,123207,0.09,2.01,4.69,"September 13, 21",0.0201,AENZ
2021-09-10,4.44,4.5852,4.41,4.5852,4.59,7048,21146,0.1452,3.27,4.54,"September 10, 21",0.0327,AENZ
2021-09-09,4.5,4.71,4.5,4.5318,4.53,8349,25048,0.0318,0.70667,4.59,"September 09, 21",0.0070667,AENZ
2021-09-08,4.5,4.8,4.3803,4.62,4.62,24507,73523,0.12,2.67,4.7,"September 08, 21",0.0267,AENZ
2021-09-07,4.56,4.8,4.56,4.62,4.62,10557,31672,0.06,1.32,4.65,"September 07, 21",0.0132,AENZ
2021-09-03,4.62,4.7862,4.56,4.65,4.65,10838,32514,0.03,0.64935,4.67,"September 03, 21",0.0064935,AENZ
2021-09-02,4.77,5.01,4.77,4.7703,4.77,13059,39177,0.0003,0.00628931,4.92,"September 02, 21",6.28931e-05,AENZ
2021-09-01,4.95,5.07,4.2,4.77,4.77,167770,503310,-0.18,-3.64,4.62,"September 01, 21",-0.0364,AENZ
2021-08-31,4.44,5.67,4.44,5.1,5.1,418125,1254376,0.66,14.86,4.92,"August 31, 21",0.1486,AENZ
2021-08-30,4.65,4.6797,4.5,4.53,4.53,31686,95058,-0.12,-2.58,4.62,"August 30, 21",-0.0258,AENZ
2021-08-27,4.23,4.53,4.23,4.53,4.53,33780,101340,0.3,7.09,4.46,"August 27, 21",0.0709,AENZ
2021-08-26,4.05,4.41,4.05,4.32,4.32,72783,218349,0.27,6.67,4.33,"August 26, 21",0.0667,AENZ
2021-08-25,3.99,4.29,3.84,4.17,4.17,52985,158957,0.18,4.51,4.13,"August 25, 21",0.0451,AENZ
2021-08-24,3.9,4.2,3.75,4.11,4.11,1723621,5170863,0.21,5.38,3.76,"August 24, 21",0.0538,AENZ
2021-08-23,3.42,3.9498,3.42,3.84,3.84,21422,64267,0.42,12.28,3.81,"August 23, 21",0.1228,AENZ
2021-08-20,3.63,3.897,3.63,3.72,3.72,8775,26326,0.09,2.48,3.8,"August 20, 21",0.0248,AENZ
2021-08-19,4.05,4.08,3.66,3.75,3.75,38277,114832,-0.3,-7.41,3.78,"August 19, 21",-0.0741,AENZ
2021-08-18,4.14,4.14,3.99,4.05,4.05,9252,27757,-0.09,-2.17,4.05,"August 18, 21",-0.0217,AENZ
2021-08-17,3.69,4.0065,3.69,3.96,3.96,9103,27309,0.27,7.32,3.92,"August 17, 21",0.0732,AENZ
2021-08-16,4.29,4.32,3.69,3.87,3.87,49965,149897,-0.42,-9.79,3.84,"August 16, 21",-0.0979,AENZ
2021-08-13,4.59,4.59,3.9,3.9,3.9,25694,77082,-0.69,-15.03,4.27,"August 13, 21",-0.1503,AENZ
2021-08-12,4.47,4.53,4.38,4.5,4.5,24870,74612,0.03,0.67114,4.49,"August 12, 21",0.0067114,AENZ
2021-08-11,4.86,4.9197,4.38,4.38,4.38,47826,143478,-0.48,-9.88,4.63,"August 11, 21",-0.0988,AENZ
2021-08-10,5.19,5.364,4.95,4.95,4.95,19018,57056,-0.24,-4.62,5.16,"August 10, 21",-0.0462,AENZ
2021-08-09,5.13,5.52,5.13,5.28,5.28,17589,52769,0.15,2.92,5.31,"August 09, 21",0.0292,AENZ
2021-08-06,5.91,5.91,5.13,5.13,5.13,47908,143724,-0.78,-13.2,5.51,"August 06, 21",-0.132,AENZ
2021-08-05,5.43,5.91,5.31,5.82,5.82,13316,39948,0.39,7.18,5.57,"August 05, 21",0.0718,AENZ
2021-08-04,5.4,5.4,5.34,5.34,5.34,782,2346,-0.06,-1.11,5.35,"August 04, 21",-0.0111,AENZ
2021-08-03,5.25,5.55,5.2461,5.4,5.4,7120,21361,0.15,2.86,5.34,"August 03, 21",0.0286,AENZ
2021-08-02,5.13,5.49,5.13,5.4,5.4,6452,19358,0.27,5.26,5.36,"August 02, 21",0.0526,AENZ
2021-07-30,5.31,5.37,5.13,5.22,5.22,9375,28125,-0.09,-1.69,5.25,"July 30, 21",-0.0169,AENZ
2021-07-29,5.43,5.4363,5.28,5.37,5.37,2240,6720,-0.06,-1.1,5.39,"July 29, 21",-0.011,AENZ
2021-07-28,5.4,5.4036,5.3124,5.4,5.4,1725,5177,0.0,0.0,5.37,"July 28, 21",0.0,AENZ
2021-07-27,5.19,5.25,5.175,5.22,5.22,5940,17821,0.03,0.57803,5.21,"July 27, 21",0.0057803,AENZ
2021-07-26,5.1,5.31,5.07,5.28,5.28,10414,31243,0.18,3.53,5.23,"July 26, 21",0.0353,AENZ
2021-07-23,5.16,5.2797,5.1003,5.22,5.22,4362,13086,0.06,1.16,5.18,"July 23, 21",0.0116,AENZ
2021-07-22,5.37,5.46,4.89,5.07,5.07,34397,103193,-0.3,-5.59,5.1,"July 22, 21",-0.0559,AENZ
2021-07-21,5.25,5.4,5.1912,5.37,5.37,10551,31653,0.12,2.29,5.31,"July 21, 21",0.0229,AENZ
2021-07-20,5.3484,5.55,5.31,5.34,5.34,18465,55396,-0.0084,-0.15706,5.43,"July 20, 21",-0.0015706,AENZ
2021-07-19,5.7,5.82,5.28,5.43,5.43,19582,58748,-0.27,-4.74,5.53,"July 19, 21",-0.0474,AENZ
2021-07-16,5.34,5.67,5.34,5.64,5.64,439280,1317842,0.3,5.62,5.49,"July 16, 21",0.0562,AENZ
2021-07-15,5.58,5.58,5.25,5.31,5.31,8725,26175,-0.27,-4.84,5.39,"July 15, 21",-0.0484,AENZ
2021-07-14,5.25,5.64,5.25,5.49,5.49,21135,63407,0.24,4.57,5.44,"July 14, 21",0.0457,AENZ
2021-07-13,5.19,5.46,5.1,5.3661,5.37,23733,71200,0.1761,3.39,5.31,"July 13, 21",0.0339,AENZ
2021-07-12,4.95,5.31,4.95,5.16,5.16,16012,48038,0.21,4.24,5.24,"July 12, 21",0.0424,AENZ
2021-07-09,5.04,5.31,4.9698,5.04,5.04,104534,313602,0.0,0.0,5.11,"July 09, 21",0.0,AENZ
2021-07-08,4.95,5.1,4.89,5.1,5.1,28253,84760,0.15,3.03,5.05,"July 08, 21",0.0303,AENZ
2021-07-07,5.04,5.16,4.89,4.98,4.98,36247,108742,-0.06,-1.19,5.06,"July 07, 21",-0.0119,AENZ
2021-07-06,4.92,5.1,4.92,5.1,5.1,15298,45895,0.18,3.66,5.03,"July 06, 21",0.0366,AENZ
2021-07-02,5.07,5.1,4.71,5.01,5.01,128326,384978,-0.06,-1.18,4.9,"July 02, 21",-0.0118,AENZ
2021-07-01,5.0877,5.1072,4.95,5.04,5.04,3701,11103,-0.0477,-0.93756,5.03,"July 01, 21",-0.0093756,AENZ
2021-06-30,4.86,5.19,4.86,5.07,5.07,37972,113917,0.21,4.32,5.02,"June 30, 21",0.0432,AENZ
2021-06-29,4.68,4.9086,4.68,4.86,4.86,6645,19935,0.18,3.85,4.78,"June 29, 21",0.0385,AENZ
2021-06-28,4.71,4.8372,4.65,4.74,4.74,19849,59548,0.03,0.63694,4.76,"June 28, 21",0.0063694,AENZ
2021-06-25,4.74,4.86,4.65,4.77,4.77,24231,72693,0.03,0.63291,4.76,"June 25, 21",0.0063291,AENZ
2021-06-24,4.5,4.95,4.5,4.8,4.8,29008,87024,0.3,6.67,4.67,"June 24, 21",0.0667,AENZ
2021-06-23,4.5,4.62,4.5,4.53,4.53,15102,45308,0.03,0.66667,4.59,"June 23, 21",0.0066667,AENZ
2021-06-22,4.68,4.89,4.5,4.59,4.59,34787,104363,-0.09,-1.92,4.66,"June 22, 21",-0.0192,AENZ
2021-06-21,4.62,4.7406,4.56,4.71,4.71,21129,63387,0.09,1.95,4.67,"June 21, 21",0.0195,AENZ
2021-06-18,4.68,4.86,4.62,4.62,4.62,33456,100369,-0.06,-1.28,4.71,"June 18, 21",-0.0128,AENZ
2021-06-17,5.13,5.13,4.74,4.8,4.8,50103,150309,-0.33,-6.43,4.94,"June 17, 21",-0.0643,AENZ
2021-06-16,5.13,5.34,4.845,4.98,4.98,305690,917070,-0.15,-2.92,5.14,"June 16, 21",-0.0292,AENZ
2021-06-15,4.38,4.8,4.2,4.65,4.65,93073,279221,0.27,6.16,4.48,"June 15, 21",0.0616,AENZ
2021-06-14,4.5,4.5,4.29,4.38,4.38,61831,185493,-0.12,-2.67,4.38,"June 14, 21",-0.0267,AENZ
2021-06-11,4.56,4.56,4.2,4.47,4.47,83778,251335,-0.09,-1.97,4.37,"June 11, 21",-0.0197,AENZ
2021-06-10,4.53,4.5786,4.35,4.41,4.41,47721,143165,-0.12,-2.65,4.46,"June 10, 21",-0.0265,AENZ
2021-06-09,4.62,4.6419,4.5,4.53,4.53,28633,85899,-0.09,-1.95,4.57,"June 09, 21",-0.0195,AENZ
2021-06-08,4.74,4.77,4.53,4.56,4.56,49341,148024,-0.18,-3.8,4.65,"June 08, 21",-0.038,AENZ
2021-06-07,4.98,5.1,4.56,4.59,4.59,55792,167376,-0.39,-7.83,4.71,"June 07, 21",-0.0783,AENZ
2021-06-04,5.01,5.37,4.92,5.1,5.1,45829,137489,0.09,1.8,5.22,"June 04, 21",0.018,AENZ
2021-06-03,5.1,5.16,4.8,5.1,5.1,59872,179616,0.0,0.0,5.02,"June 03, 21",0.0,AENZ
2021-06-02,4.56,5.19,4.4979,5.16,5.16,102054,306164,0.6,13.16,4.83,"June 02, 21",0.1316,AENZ
2021-06-01,4.68,4.68,4.5,4.56,4.56,29431,88293,-0.12,-2.56,4.56,"June 01, 21",-0.0256,AENZ
2021-05-28,4.44,4.677,4.44,4.5,4.5,50440,151320,0.06,1.35,4.56,"May 28, 21",0.0135,AENZ
2021-05-27,4.53,4.7097,4.35,4.35,4.35,57807,173422,-0.18,-3.97,4.46,"May 27, 21",-0.0397,AENZ
2021-05-26,4.71,4.77,4.53,4.59,4.59,26538,79616,-0.12,-2.55,4.65,"May 26, 21",-0.0255,AENZ
2021-05-25,4.83,4.95,4.5,4.59,4.59,30003,90010,-0.24,-4.97,4.61,"May 25, 21",-0.0497,AENZ
2021-05-24,4.74,5.07,4.6809,4.98,4.98,69051,207153,0.24,5.06,4.91,"May 24, 21",0.0506,AENZ
2021-05-21,4.56,4.83,4.56,4.68,4.68,57761,173284,0.12,2.63,4.69,"May 21, 21",0.0263,AENZ
2021-05-20,4.59,4.845,4.5348,4.83,4.83,16883,50649,0.24,5.23,4.78,"May 20, 21",0.0523,AENZ
2021-05-19,4.5,4.8,4.5,4.77,4.77,25278,75834,0.27,6.0,4.68,"May 19, 21",0.06,AENZ
2021-05-18,4.59,5.04,4.56,4.8,4.8,11881,35644,0.21,4.58,4.84,"May 18, 21",0.0458,AENZ
2021-05-17,5.13,5.13,4.47,4.47,4.47,26792,80377,-0.66,-12.87,4.85,"May 17, 21",-0.1287,AENZ
2021-05-14,5.13,5.16,4.9503,5.07,5.07,55359,166078,-0.06,-1.17,5.09,"May 14, 21",-0.0117,AENZ
2021-05-13,4.86,5.25,4.86,5.1195,5.13,79620,238860,0.2595,5.34,5.1,"May 13, 21",0.0534,AENZ
2021-05-12,4.77,4.98,4.77,4.92,4.92,50433,151299,0.15,3.14,4.93,"May 12, 21",0.0314,AENZ
2021-05-11,4.95,4.95,4.7577,4.92,4.92,56383,169150,-0.03,-0.60606,4.88,"May 11, 21",-0.0060606,AENZ
2021-05-10,4.71,4.95,4.53,4.77,4.77,77789,233368,0.06,1.27,4.79,"May 10, 21",0.0127,AENZ
2021-05-07,4.38,4.92,4.35,4.62,4.62,85492,256477,0.24,5.48,4.58,"May 07, 21",0.0548,AENZ
2021-05-06,4.5,4.59,4.29,4.41,4.41,34941,104823,-0.09,-2.0,4.48,"May 06, 21",-0.02,AENZ
2021-05-05,4.5,4.62,4.5,4.56,4.56,36917,110753,0.06,1.33,4.55,"May 05, 21",0.0133,AENZ
2021-05-04,4.59,4.71,4.5,4.5849,4.59,37656,112968,-0.0051,-0.11111,4.58,"May 04, 21",-0.0011111,AENZ
2021-05-03,4.89,4.89,4.56,4.6932,4.68,62087,186261,-0.1968,-4.02,4.7,"May 03, 21",-0.0402,AENZ
2021-04-30,4.86,4.92,4.62,4.77,4.77,68862,206588,-0.09,-1.85,4.77,"April 30, 21",-0.0185,AENZ
2021-04-29,4.86,5.22,4.665,4.71,4.71,66893,200680,-0.15,-3.09,4.79,"April 29, 21",-0.0309,AENZ
2021-04-28,4.77,4.98,4.65,4.86,4.86,105532,316598,0.09,1.89,4.82,"April 28, 21",0.0189,AENZ
2021-04-27,5.04,5.1,4.8,4.92,4.92,108647,325942,-0.12,-2.38,4.95,"April 27, 21",-0.0238,AENZ
2021-04-26,5.4,5.55,4.77,5.01,5.01,231939,695819,-0.39,-7.22,5.19,"April 26, 21",-0.0722,AENZ
2021-04-23,5.79,6.06,5.07,5.25,5.25,478938,1436814,-0.54,-9.33,5.44,"April 23, 21",-0.0933,AENZ
2021-04-22,5.49,8.91,5.04,5.88,5.88,2979716,8939149,0.39,7.1,6.84,"April 22, 21",0.071,AENZ
2021-04-21,5.58,5.58,4.23,4.68,4.68,59647,178943,-0.9,-16.13,4.84,"April 21, 21",-0.1613,AENZ
2021-04-20,6.15,6.54,5.55,5.55,5.55,10825,32476,-0.6,-9.76,6.02,"April 20, 21",-0.0976,AENZ
2021-04-19,6.27,6.27,6.21,6.21,6.21,237,713,-0.06,-0.95694,6.27,"April 19, 21",-0.0095694,AENZ
2021-04-16,6.42,6.552,6.15,6.48,6.48,9467,28401,0.06,0.93458,6.41,"April 16, 21",0.0093458,AENZ
2021-04-15,6.75,6.78,6.39,6.78,6.78,364,1094,0.03,0.44444,6.62,"April 15, 21",0.0044444,AENZ
2021-04-14,6.3,7.02,6.3,6.48,6.48,3190,9572,0.18,2.86,6.65,"April 14, 21",0.0286,AENZ
2021-04-13,6.66,6.66,6.39,6.54,6.54,1376,4130,-0.12,-1.8,6.49,"April 13, 21",-0.018,AENZ
2021-04-12,6.87,6.87,6.57,6.57,6.57,3126,9379,-0.3,-4.37,6.7,"April 12, 21",-0.0437,AENZ
2021-04-09,7.32,7.32,6.99,6.99,6.99,2331,6995,-0.33,-4.51,7.17,"April 09, 21",-0.0451,AENZ
2021-04-08,7.47,7.47,6.9,7.095,7.11,3543,10631,-0.375,-5.02,7.15,"April 08, 21",-0.0502,AENZ
2021-04-07,7.29,7.5294,7.125,7.32,7.32,9905,29717,0.03,0.41152,7.39,"April 07, 21",0.0041152,AENZ
2021-04-06,6.99,7.32,6.99,7.23,7.23,632,1896,0.24,3.43,7.25,"April 06, 21",0.0343,AENZ
2021-04-05,7.35,7.44,7.11,7.2,7.2,14175,42525,-0.15,-2.04,7.3,"April 05, 21",-0.0204,AENZ
2021-04-01,7.02,7.2,6.5658,7.14,7.14,6130,18391,0.12,1.71,7.13,"April 01, 21",0.0171,AENZ
2021-03-31,7.11,7.2,6.69,7.05,7.05,7363,22089,-0.06,-0.84388,7.06,"March 31, 21",-0.0084388,AENZ
2021-03-30,6.66,7.2,6.63,7.08,7.08,56263,168789,0.42,6.31,6.87,"March 30, 21",0.0631,AENZ
2021-03-29,6.93,7.02,6.63,6.78,6.78,5292,15878,-0.15,-2.16,6.8,"March 29, 21",-0.0216,AENZ
2021-03-26,6.21,7.2,6.21,7.1397,7.14,267330,801990,0.9297,14.97,6.85,"March 26, 21",0.1497,AENZ
2021-03-25,6.18,6.45,6.18,6.45,6.45,1527,4583,0.27,4.37,6.32,"March 25, 21",0.0437,AENZ
2021-03-24,6.48,6.75,6.36,6.54,6.54,3030,9092,0.06,0.92593,6.58,"March 24, 21",0.0092593,AENZ
2021-03-23,6.69,6.69,6.45,6.525,6.51,7388,22166,-0.165,-2.47,6.6,"March 23, 21",-0.0247,AENZ
2021-03-22,6.75,6.75,6.48,6.48,6.48,445,1335,-0.27,-4.0,6.59,"March 22, 21",-0.04,AENZ
2021-03-19,6.6,6.81,6.333,6.78,6.78,28769,86309,0.18,2.73,6.64,"March 19, 21",0.0273,AENZ
2021-03-18,6.51,6.6,6.24,6.6,6.6,18227,54681,0.09,1.38,6.52,"March 18, 21",0.0138,AENZ
2021-03-17,6.78,6.78,6.21,6.36,6.36,8989,26968,-0.42,-6.19,6.36,"March 17, 21",-0.0619,AENZ
2021-03-16,6.51,6.81,6.09,6.66,6.66,72838,218516,0.15,2.3,6.52,"March 16, 21",0.023,AENZ
2021-03-15,6.84,6.9,6.54,6.57,6.57,4895,14685,-0.27,-3.95,6.72,"March 15, 21",-0.0395,AENZ
2021-03-12,7.05,7.05,6.69,6.765,6.78,1609,4828,-0.285,-4.04,6.9,"March 12, 21",-0.0404,AENZ
2021-03-11,7.05,7.05,6.63,6.66,6.66,336370,1009110,-0.39,-5.53,6.9,"March 11, 21",-0.0553,AENZ
2021-03-10,6.51,7.0485,6.51,6.96,6.96,1678,5035,0.45,6.91,6.79,"March 10, 21",0.0691,AENZ
2021-03-09,6.75,6.75,6.5838,6.6,6.6,3301,9905,-0.15,-2.22,6.7,"March 09, 21",-0.0222,AENZ
2021-03-08,6.3,7.2,6.3,6.99,6.99,48438,145316,0.69,10.95,7.01,"March 08, 21",0.1095,AENZ
2021-03-05,6.48,6.48,6.21,6.45,6.45,3583,10751,-0.03,-0.46296,6.32,"March 05, 21",-0.0046296,AENZ
2021-03-04,6.6,6.78,6.09,6.165,6.18,3654,10964,-0.435,-6.59,6.35,"March 04, 21",-0.0659,AENZ
2021-03-03,6.6,6.72,6.24,6.45,6.45,76203,228611,-0.15,-2.27,6.46,"March 03, 21",-0.0227,AENZ
2021-03-02,6.57,6.81,6.57,6.63,6.63,8834,26502,0.06,0.91324,6.66,"March 02, 21",0.0091324,AENZ
2021-03-01,6.66,7.05,6.6,6.81,6.81,7072,21218,0.15,2.25,6.79,"March 01, 21",0.0225,AENZ
2021-02-26,6.69,6.81,6.6,6.78,6.78,576,1730,0.09,1.35,6.69,"February 26, 21",0.0135,AENZ
2021-02-25,6.75,6.8688,6.75,6.78,6.78,33901,101705,0.03,0.44444,6.78,"February 25, 21",0.0044444,AENZ
2021-02-24,6.69,6.78,6.54,6.78,6.78,1710,5130,0.09,1.35,6.63,"February 24, 21",0.0135,AENZ
2021-02-23,6.66,7.08,6.66,6.9,6.9,22437,67311,0.24,3.6,6.85,"February 23, 21",0.036,AENZ
2021-02-22,6.6,7.17,6.6,6.9,6.9,19728,59186,0.3,4.55,6.84,"February 22, 21",0.0455,AENZ
2021-02-19,6.96,6.96,6.66,6.69,6.69,7964,23894,-0.27,-3.88,6.86,"February 19, 21",-0.0388,AENZ
2021-02-18,6.9,6.9,6.63,6.75,6.75,5013,15039,-0.15,-2.17,6.82,"February 18, 21",-0.0217,AENZ
2021-02-17,6.99,6.99,6.63,6.66,6.66,9687,29062,-0.33,-4.72,6.75,"February 17, 21",-0.0472,AENZ
2021-02-16,6.93,6.93,6.84,6.84,6.84,4285,12857,-0.09,-1.3,6.85,"February 16, 21",-0.013,AENZ
2021-02-12,6.9,6.9,6.5304,6.72,6.72,1722,5168,-0.18,-2.61,6.7,"February 12, 21",-0.0261,AENZ
2021-02-11,7.05,7.05,6.6,6.63,6.63,12814,38442,-0.42,-5.96,6.72,"February 11, 21",-0.0596,AENZ
2021-02-10,7.08,7.08,6.69,6.7704,6.78,16209,48629,-0.3096,-4.37,6.91,"February 10, 21",-0.0437,AENZ
2021-02-09,7.05,7.05,6.75,6.75,6.75,10698,32095,-0.3,-4.26,6.96,"February 09, 21",-0.0426,AENZ
2021-02-08,7.05,7.1763,7.05,7.14,7.14,5455,16367,0.09,1.28,7.08,"February 08, 21",0.0128,AENZ
2021-02-05,7.23,7.23,7.05,7.2,7.2,3472,10418,-0.03,-0.41494,7.08,"February 05, 21",-0.0041494,AENZ
2021-02-04,7.11,7.29,6.96,7.29,7.29,595,1787,0.18,2.53,7.17,"February 04, 21",0.0253,AENZ
2021-02-03,7.47,7.47,7.23,7.275,7.26,1871,5614,-0.195,-2.61,7.28,"February 03, 21",-0.0261,AENZ
2021-02-02,7.05,7.47,6.8508,7.38,7.38,17552,52656,0.33,4.68,7.24,"February 02, 21",0.0468,AENZ
2021-02-01,7.17,7.2,6.9303,7.14,7.14,24429,73289,-0.03,-0.41841,7.07,"February 01, 21",-0.0041841,AENZ
2021-01-29,7.05,7.185,7.05,7.17,7.17,9046,27140,0.12,1.7,7.13,"January 29, 21",0.017,AENZ
2021-01-28,7.05,7.1688,7.05,7.167,7.17,1817,5451,0.117,1.66,7.11,"January 28, 21",0.0166,AENZ
2021-01-27,7.26,7.2876,7.05,7.053,7.05,7496,22490,-0.207,-2.85,7.06,"January 27, 21",-0.0285,AENZ
2021-01-26,7.05,7.38,7.02,7.23,7.23,116821,350465,0.18,2.55,7.2,"January 26, 21",0.0255,AENZ
2021-01-25,7.47,7.47,6.84,7.02,7.02,3981,11944,-0.45,-6.02,6.96,"January 25, 21",-0.0602,AENZ
2021-01-22,6.93,7.26,6.9,7.17,7.17,120047,360143,0.24,3.46,6.9,"January 22, 21",0.0346,AENZ
2021-01-21,7.02,7.02,6.9453,7.02,7.02,467,1402,0.0,0.0,6.99,"January 21, 21",0.0,AENZ
2021-01-20,6.72,7.02,6.72,6.9,6.9,5966,17899,0.18,2.68,6.75,"January 20, 21",0.0268,AENZ
2021-01-19,6.6,6.93,6.6,6.795,6.81,27627,82881,0.195,2.95,6.89,"January 19, 21",0.0295,AENZ
2021-01-15,6.9,6.93,6.33,6.69,6.69,5450,16350,-0.21,-3.04,6.85,"January 15, 21",-0.0304,AENZ
2021-01-14,7.29,7.29,6.9303,6.9948,6.99,4354,13064,-0.2952,-4.05,7.02,"January 14, 21",-0.0405,AENZ
2021-01-13,6.6,7.11,6.6,7.11,7.11,14774,44323,0.51,7.73,7.05,"January 13, 21",0.0773,AENZ
2021-01-12,6.6,6.675,6.6,6.63,6.63,5217,15652,0.03,0.45455,6.61,"January 12, 21",0.0045455,AENZ
2021-01-11,6.6,7.02,6.6,6.66,6.66,1768,5305,0.06,0.90909,6.75,"January 11, 21",0.0090909,AENZ
2021-01-08,6.69,6.69,6.69,6.69,6.69,73,219,0.0,0.0,6.69,"January 08, 21",0.0,AENZ
2021-01-07,6.06,6.723,6.06,6.723,6.72,13336,40008,0.663,10.94,6.61,"January 07, 21",0.1094,AENZ
2021-01-06,6.75,6.87,6.5619,6.87,6.87,2536,7610,0.12,1.78,6.71,"January 06, 21",0.0178,AENZ
2021-01-05,6.96,7.0293,6.87,6.96,6.96,4378,13136,0.0,0.0,6.93,"January 05, 21",0.0,AENZ
2021-01-04,7.47,7.47,6.96,7.08,7.08,1180,3541,-0.39,-5.22,7.06,"January 04, 21",-0.0522,AENZ
2020-12-31,7.02,7.26,6.75,7.14,7.14,10908,32725,0.12,1.71,6.94,"December 31, 20",0.0171,AENZ
2020-12-30,6.81,6.96,6.81,6.9,6.9,5485,16455,0.09,1.32,6.84,"December 30, 20",0.0132,AENZ
2020-12-29,6.9,7.17,6.81,7.0824,7.08,1348,4046,0.1824,2.64,6.87,"December 29, 20",0.0264,AENZ
2020-12-28,7.2,7.35,6.6006,6.99,6.99,94732,284197,-0.21,-2.92,7.1,"December 28, 20",-0.0292,AENZ
2020-12-24,7.2,7.35,7.2,7.233,7.23,1982,5948,0.033,0.45833,7.28,"December 24, 20",0.0045833,AENZ
2020-12-23,7.35,7.35,6.99,7.05,7.05,13920,41762,-0.3,-4.08,7.27,"December 23, 20",-0.0408,AENZ
2020-12-22,7.17,7.35,6.9,6.9,6.9,4607,13822,-0.27,-3.77,7.07,"December 22, 20",-0.0377,AENZ
2020-12-21,6.7833,6.9,6.45,6.75,6.75,20711,62134,-0.0333,-0.49091,6.71,"December 21, 20",-0.0049091,AENZ
2020-12-18,6.75,6.99,6.75,6.78,6.78,30851,92553,0.03,0.44444,6.82,"December 18, 20",0.0044444,AENZ
2020-12-17,6.93,7.05,6.75,6.78,6.78,26461,79384,-0.15,-2.16,6.91,"December 17, 20",-0.0216,AENZ
2020-12-16,6.99,7.05,6.78,6.93,6.93,25868,77605,-0.06,-0.85837,6.93,"December 16, 20",-0.0085837,AENZ
2020-12-15,7.11,7.17,6.69,6.93,6.93,26703,80110,-0.18,-2.53,6.98,"December 15, 20",-0.0253,AENZ
2020-12-14,7.05,7.17,6.69,6.96,6.96,3514,10544,-0.09,-1.28,6.86,"December 14, 20",-0.0128,AENZ
2020-12-11,7.29,7.29,7.08,7.08,7.08,2907,8722,-0.21,-2.88,7.12,"December 11, 20",-0.0288,AENZ
2020-12-10,7.11,7.32,7.08,7.08,7.08,13708,41126,-0.03,-0.42194,7.16,"December 10, 20",-0.0042194,AENZ
2020-12-09,7.095,7.32,6.9,7.17,7.17,15074,45224,0.075,1.06,7.23,"December 09, 20",0.0106,AENZ
2020-12-08,7.05,7.41,7.05,7.05,7.05,7323,21969,0.0,0.0,7.16,"December 08, 20",0.0,AENZ
2020-12-07,6.69,7.35,6.69,7.23,7.23,28298,84896,0.54,8.07,7.17,"December 07, 20",0.0807,AENZ
2020-12-04,7.2,7.5,6.9843,7.08,7.08,57602,172806,-0.12,-1.67,7.31,"December 04, 20",-0.0167,AENZ
2020-12-03,7.32,7.32,6.8838,7.2,7.2,34456,103369,-0.12,-1.64,7.16,"December 03, 20",-0.0164,AENZ
2020-12-02,7.2,7.32,6.69,7.32,7.32,110584,331752,0.12,1.67,7.18,"December 02, 20",0.0167,AENZ
2020-12-01,7.05,7.2,6.96,7.2,7.2,19849,59547,0.15,2.13,7.09,"December 01, 20",0.0213,AENZ
2020-11-30,6.69,6.9909,6.63,6.9909,6.99,26784,80354,0.3009,4.5,6.71,"November 30, 20",0.045,AENZ
2020-11-27,6.39,6.87,6.39,6.81,6.81,17457,52373,0.42,6.57,6.63,"November 27, 20",0.0657,AENZ
2020-11-25,6.21,6.84,6.21,6.51,6.51,30629,91888,0.3,4.83,6.65,"November 25, 20",0.0483,AENZ
2020-11-24,6.3,6.69,6.3,6.6144,6.6,6005,18015,0.3144,4.99,6.58,"November 24, 20",0.0499,AENZ
2020-11-23,6.75,6.75,6.2526,6.48,6.48,8172,24516,-0.27,-4.0,6.4,"November 23, 20",-0.04,AENZ
2020-11-20,6.09,6.6,6.09,6.51,6.51,45225,135677,0.42,6.9,6.24,"November 20, 20",0.069,AENZ
2020-11-19,6.0348,6.0348,5.85,5.94,5.94,3222,9666,-0.0948,-1.57,5.89,"November 19, 20",-0.0157,AENZ
2020-11-18,5.88,6.57,5.829,6.0,6.0,4936,14809,0.12,2.04,6.22,"November 18, 20",0.0204,AENZ
2020-11-17,5.85,6.12,5.73,6.03,6.03,3237,9713,0.18,3.08,5.93,"November 17, 20",0.0308,AENZ
2020-11-16,6.3,6.3,5.46,5.58,5.58,10471,31413,-0.72,-11.43,5.79,"November 16, 20",-0.1143,AENZ
2020-11-13,5.55,6.45,5.55,6.45,6.45,648,1946,0.9,16.22,5.93,"November 13, 20",0.1622,AENZ
2020-11-12,6.15,6.15,6.0156,6.1062,6.12,6418,19254,-0.0438,-0.7122,6.14,"November 12, 20",-0.007122,AENZ
2020-11-11,6.3,6.3,5.97,5.97,5.97,1004,3013,-0.33,-5.24,6.08,"November 11, 20",-0.0524,AENZ
2020-11-10,6.45,6.45,5.97,6.12,6.12,3365,10096,-0.33,-5.12,6.18,"November 10, 20",-0.0512,AENZ
2020-11-09,6.48,6.6,6.3717,6.45,6.45,2615,7847,-0.03,-0.46296,6.47,"November 09, 20",-0.0046296,AENZ
2020-11-06,5.5824,6.27,5.58,6.27,6.27,28226,84680,0.6876,12.32,6.04,"November 06, 20",0.1232,AENZ
2020-11-05,5.49,5.7,5.49,5.67,5.67,8206,24620,0.18,3.28,5.62,"November 05, 20",0.0328,AENZ
2020-11-04,5.58,5.58,5.49,5.505,5.52,89152,267459,-0.075,-1.34,5.53,"November 04, 20",-0.0134,AENZ
2020-11-03,5.58,5.61,5.4003,5.52,5.52,72898,218695,-0.06,-1.08,5.51,"November 03, 20",-0.0108,AENZ
2020-11-02,5.37,5.64,5.25,5.64,5.64,22664,67994,0.27,5.03,5.51,"November 02, 20",0.0503,AENZ
2020-10-30,5.28,5.49,5.28,5.385,5.4,17432,52298,0.105,1.99,5.39,"October 30, 20",0.0199,AENZ
2020-10-29,5.25,5.37,5.1,5.346,5.34,4998,14997,0.096,1.83,5.27,"October 29, 20",0.0183,AENZ
2020-10-28,5.253,5.4,5.25,5.31,5.31,3264,9794,0.057,1.09,5.32,"October 28, 20",0.0109,AENZ
2020-10-27,5.7,5.7,5.31,5.4,5.4,24593,73780,-0.3,-5.26,5.47,"October 27, 20",-0.0526,AENZ
2020-10-26,5.7,5.7,5.31,5.61,5.61,2463,7392,-0.09,-1.58,5.54,"October 26, 20",-0.0158,AENZ
2020-10-23,5.43,5.6463,5.4,5.61,5.61,4243,12732,0.18,3.31,5.55,"October 23, 20",0.0331,AENZ
2020-10-22,5.7,5.7,5.31,5.55,5.55,28281,84846,-0.15,-2.63,5.52,"October 22, 20",-0.0263,AENZ
2020-10-21,5.61,5.94,5.4,5.79,5.79,10995,32988,0.18,3.21,5.71,"October 21, 20",0.0321,AENZ
2020-10-20,5.67,5.7,5.4,5.7,5.7,60442,181328,0.03,0.5291,5.6,"October 20, 20",0.005291,AENZ
2020-10-19,5.94,5.94,5.4,5.505,5.52,25171,75515,-0.435,-7.32,5.61,"October 19, 20",-0.0732,AENZ
2020-10-16,5.82,6.0,5.7,5.88,5.88,11561,34684,0.06,1.03,5.86,"October 16, 20",0.0103,AENZ
2020-10-15,6.12,6.15,6.12,6.15,6.15,18062,54189,0.03,0.4902,6.14,"October 15, 20",0.004902,AENZ
2020-10-14,6.42,6.42,5.97,6.27,6.27,2833,8501,-0.15,-2.34,6.22,"October 14, 20",-0.0234,AENZ
2020-10-13,6.78,6.78,6.42,6.42,6.42,1955,5868,-0.36,-5.31,6.54,"October 13, 20",-0.0531,AENZ
2020-10-12,6.72,6.87,6.51,6.78,6.78,2287,6864,0.06,0.89286,6.72,"October 12, 20",0.0089286,AENZ
2020-10-09,6.78,6.9,6.75,6.75,6.75,538,1616,-0.03,-0.44248,6.8,"October 09, 20",-0.0044248,AENZ
2020-10-08,6.69,6.93,6.66,6.93,6.93,8786,26361,0.24,3.59,6.84,"October 08, 20",0.0359,AENZ
2020-10-07,6.84,6.84,6.63,6.81,6.81,203,611,-0.03,-0.4386,6.76,"October 07, 20",-0.004386,AENZ
2020-10-06,6.66,7.02,6.63,7.02,7.02,952,2858,0.36,5.41,6.89,"October 06, 20",0.0541,AENZ
2020-10-05,6.96,6.96,6.6,6.6,6.6,7156,21471,-0.36,-5.17,6.72,"October 05, 20",-0.0517,AENZ
2020-10-02,6.87,6.96,6.633,6.96,6.96,867,2603,0.09,1.31,6.85,"October 02, 20",0.0131,AENZ
2020-10-01,6.84,6.84,6.84,6.84,6.84,34,105,0.0,0.0,6.84,"October 01, 20",0.0,AENZ
2020-09-30,6.99,7.05,6.81,6.81,6.81,3441,10326,-0.18,-2.58,6.89,"September 30, 20",-0.0258,AENZ
2020-09-29,6.99,7.05,6.96,7.02,7.02,1106,3321,0.03,0.42918,7.01,"September 29, 20",0.0042918,AENZ
2020-09-28,6.96,7.05,6.96,7.02,7.02,1556,4670,0.06,0.86207,7.01,"September 28, 20",0.0086207,AENZ
2020-09-25,6.57,7.02,6.57,6.825,6.84,23133,69401,0.255,3.88,6.81,"September 25, 20",0.0388,AENZ
2020-09-24,6.582,6.72,6.5094,6.69,6.69,17813,53442,0.108,1.64,6.64,"September 24, 20",0.0164,AENZ
2020-09-23,6.8259,7.05,6.57,6.6,6.6,19706,59119,-0.2259,-3.31,6.74,"September 23, 20",-0.0331,AENZ
2020-09-22,6.99,7.14,6.87,6.9,6.9,26849,80550,-0.09,-1.29,6.97,"September 22, 20",-0.0129,AENZ
2020-09-21,6.78,7.05,6.78,6.78,6.78,2551,7656,0.0,0.0,6.87,"September 21, 20",0.0,AENZ
2020-09-18,7.29,7.29,6.75,6.75,6.75,1637,4914,-0.54,-7.41,6.93,"September 18, 20",-0.0741,AENZ
2020-09-17,6.87,7.2,6.72,7.1652,7.17,37171,111516,0.2952,4.3,7.03,"September 17, 20",0.043,AENZ
2020-09-16,6.9,6.96,6.87,6.9,6.9,1882,5647,0.0,0.0,6.91,"September 16, 20",0.0,AENZ
2020-09-15,6.825,7.02,6.825,6.99,6.99,18045,54137,0.165,2.42,6.95,"September 15, 20",0.0242,AENZ
2020-09-14,6.78,6.99,6.645,6.855,6.87,27162,81488,0.075,1.11,6.83,"September 14, 20",0.0111,AENZ
2020-09-11,6.84,6.96,6.51,6.51,6.51,360,1082,-0.33,-4.82,6.66,"September 11, 20",-0.0482,AENZ
2020-09-10,6.96,7.08,6.6945,6.9,6.9,6228,18687,-0.06,-0.86207,6.89,"September 10, 20",-0.0086207,AENZ
2020-09-09,6.9,6.93,6.9,6.93,6.93,114,345,0.03,0.43478,6.92,"September 09, 20",0.0043478,AENZ
2020-09-08,7.11,7.11,6.6,7.02,7.02,4284,12854,-0.09,-1.27,6.91,"September 08, 20",-0.0127,AENZ
2020-09-04,6.96,7.26,6.96,7.05,7.05,2569,7709,0.09,1.29,7.09,"September 04, 20",0.0129,AENZ
2020-09-03,7.35,7.35,6.96,6.96,6.96,28864,86593,-0.39,-5.31,7.09,"September 03, 20",-0.0531,AENZ
2020-09-02,7.5,7.5,7.32,7.32,7.32,224,673,-0.18,-2.4,7.38,"September 02, 20",-0.024,AENZ
2020-09-01,7.5,7.5,7.29,7.35,7.35,5397,16194,-0.15,-2.0,7.38,"September 01, 20",-0.02,AENZ
2020-08-31,7.5,7.5,7.215,7.44,7.44,12342,37029,-0.06,-0.8,7.39,"August 31, 20",-0.008,AENZ
2020-08-28,7.2,7.44,7.02,7.38,7.38,45251,135754,0.18,2.5,7.28,"August 28, 20",0.025,AENZ
2020-08-27,6.63,6.75,6.45,6.75,6.75,3248,9747,0.12,1.81,6.65,"August 27, 20",0.0181,AENZ
2020-08-26,6.6,6.75,6.54,6.75,6.75,4809,14429,0.15,2.27,6.68,"August 26, 20",0.0227,AENZ
2020-08-25,6.63,6.63,6.393,6.54,6.54,261,784,-0.09,-1.36,6.52,"August 25, 20",-0.0136,AENZ
2020-08-24,6.66,6.66,6.42,6.54,6.54,8133,24402,-0.12,-1.8,6.54,"August 24, 20",-0.018,AENZ
2020-08-21,6.54,6.57,6.48,6.57,6.57,1401,4206,0.03,0.45872,6.54,"August 21, 20",0.0045872,AENZ
2020-08-20,6.6,6.78,6.48,6.5487,6.54,2444,7334,-0.0513,-0.77727,6.6,"August 20, 20",-0.0077727,AENZ
2020-08-19,6.63,6.9,6.63,6.72,6.72,10168,30507,0.09,1.36,6.75,"August 19, 20",0.0136,AENZ
2020-08-18,6.9,6.93,6.6603,6.72,6.72,4756,14270,-0.18,-2.61,6.77,"August 18, 20",-0.0261,AENZ
2020-08-17,6.99,7.17,6.87,6.975,6.99,4302,12907,-0.015,-0.21459,7.01,"August 17, 20",-0.0021459,AENZ
2020-08-14,6.93,7.14,6.93,7.14,7.14,452,1357,0.21,3.03,7.07,"August 14, 20",0.0303,AENZ
2020-08-13,6.99,7.17,6.99,7.17,7.17,150,451,0.18,2.58,7.11,"August 13, 20",0.0258,AENZ
2020-08-12,6.96,7.2,6.75,6.75,6.75,4449,13350,-0.21,-3.02,6.9,"August 12, 20",-0.0302,AENZ
2020-08-11,7.08,7.2,6.72,6.72,6.72,8209,24630,-0.36,-5.08,6.88,"August 11, 20",-0.0508,AENZ
2020-08-10,6.99,7.29,6.99,7.11,7.11,2003,6010,0.12,1.72,7.13,"August 10, 20",0.0172,AENZ
2020-08-07,7.23,7.26,6.99,6.99,6.99,747,2242,-0.24,-3.32,7.08,"August 07, 20",-0.0332,AENZ
2020-08-06,6.96,7.2186,6.96,7.2186,7.23,5330,15993,0.2586,3.72,7.13,"August 06, 20",0.0372,AENZ
2020-08-05,7.02,7.14,6.9,7.05,7.05,20079,60240,0.03,0.42735,7.03,"August 05, 20",0.0042735,AENZ
2020-08-04,7.08,7.2,6.78,7.08,7.08,2471,7414,0.0,0.0,7.02,"August 04, 20",0.0,AENZ
2020-08-03,7.02,7.17,6.9,6.99,6.99,19771,59316,-0.03,-0.42735,7.02,"August 03, 20",-0.0042735,AENZ
2020-07-31,7.11,7.35,6.915,7.02,7.02,18389,55168,-0.09,-1.27,7.1,"July 31, 20",-0.0127,AENZ
2020-07-30,6.57,7.02,6.57,7.02,7.02,3347,10043,0.45,6.85,6.87,"July 30, 20",0.0685,AENZ
2020-07-29,6.78,6.9,6.675,6.72,6.72,5062,15188,-0.06,-0.88496,6.77,"July 29, 20",-0.0088496,AENZ
2020-07-28,6.45,6.96,6.45,6.9,6.9,3758,11276,0.45,6.98,6.77,"July 28, 20",0.0698,AENZ
2020-07-27,6.48,6.54,6.48,6.54,6.54,137,414,0.06,0.92593,6.52,"July 27, 20",0.0092593,AENZ
2020-07-24,6.42,6.615,6.42,6.57,6.57,503,1512,0.15,2.34,6.54,"July 24, 20",0.0234,AENZ
2020-07-23,6.51,6.6897,6.51,6.54,6.54,2361,7084,0.03,0.46083,6.58,"July 23, 20",0.0046083,AENZ
2020-07-22,6.54,6.57,6.51,6.525,6.51,129878,389635,-0.015,-0.22936,6.54,"July 22, 20",-0.0022936,AENZ
2020-07-21,6.54,6.72,6.54,6.66,6.66,350,1052,0.12,1.83,6.64,"July 21, 20",0.0183,AENZ
2020-07-20,6.6,6.63,6.57,6.6,6.6,2799,8398,0.0,0.0,6.6,"July 20, 20",0.0,AENZ
2020-07-17,6.99,6.99,6.66,6.72,6.72,390,1172,-0.27,-3.86,6.79,"July 17, 20",-0.0386,AENZ
2020-07-16,6.57,7.02,6.57,6.69,6.69,979,2940,0.12,1.83,6.76,"July 16, 20",0.0183,AENZ
2020-07-15,6.75,6.9,6.45,6.66,6.66,4587,13762,-0.09,-1.33,6.67,"July 15, 20",-0.0133,AENZ
2020-07-14,6.06,6.63,6.06,6.6,6.6,78257,234773,0.54,8.91,6.43,"July 14, 20",0.0891,AENZ
2020-07-13,6.54,6.78,6.39,6.54,6.54,15636,46909,0.0,0.0,6.57,"July 13, 20",0.0,AENZ
2020-07-10,6.66,6.75,6.57,6.66,6.66,50296,150891,0.0,0.0,6.66,"July 10, 20",0.0,AENZ
2020-07-09,6.66,6.78,6.6,6.6,6.6,1691,5076,-0.06,-0.9009,6.66,"July 09, 20",-0.009009,AENZ
2020-07-08,6.57,6.9,6.57,6.75,6.75,43890,131672,0.18,2.74,6.74,"July 08, 20",0.0274,AENZ
2020-07-07,6.84,6.84,6.66,6.66,6.66,2378,7137,-0.18,-2.63,6.72,"July 07, 20",-0.0263,AENZ
2020-07-06,6.9,6.9,6.57,6.57,6.57,21647,64943,-0.33,-4.78,6.68,"July 06, 20",-0.0478,AENZ
2020-07-02,6.84,6.84,6.51,6.75,6.75,238,715,-0.09,-1.32,6.7,"July 02, 20",-0.0132,AENZ
2020-07-01,6.57,6.75,6.42,6.75,6.75,12619,37860,0.18,2.74,6.64,"July 01, 20",0.0274,AENZ
2020-06-30,6.66,6.75,6.57,6.57,6.57,4758,14275,-0.09,-1.35,6.63,"June 30, 20",-0.0135,AENZ
2020-06-29,6.6,6.75,6.6,6.75,6.75,812,2439,0.15,2.27,6.7,"June 29, 20",0.0227,AENZ
2020-06-26,6.54,6.9,6.54,6.81,6.81,31803,95410,0.27,4.13,6.75,"June 26, 20",0.0413,AENZ
2020-06-25,6.48,6.75,6.45,6.63,6.63,31596,94791,0.15,2.31,6.61,"June 25, 20",0.0231,AENZ
2020-06-24,6.6,6.72,6.42,6.57,6.57,12374,37125,-0.03,-0.45455,6.57,"June 24, 20",-0.0045455,AENZ
2020-06-23,6.45,6.81,6.45,6.66,6.66,2762,8287,0.21,3.26,6.64,"June 23, 20",0.0326,AENZ
2020-06-22,6.69,6.9,6.63,6.63,6.63,2220,6661,-0.06,-0.89686,6.72,"June 22, 20",-0.0089686,AENZ
2020-06-19,6.87,6.9,6.6,6.75,6.75,17001,51006,-0.12,-1.75,6.75,"June 19, 20",-0.0175,AENZ
2020-06-18,6.75,6.81,6.51,6.75,6.75,12019,36059,0.0,0.0,6.69,"June 18, 20",0.0,AENZ
2020-06-17,6.57,6.84,6.33,6.84,6.84,2422,7269,0.27,4.11,6.67,"June 17, 20",0.0411,AENZ
2020-06-16,6.75,6.9,6.69,6.75,6.75,60417,181252,0.0,0.0,6.78,"June 16, 20",0.0,AENZ
2020-06-15,6.81,6.81,6.66,6.75,6.75,13531,40596,-0.06,-0.88106,6.74,"June 15, 20",-0.0088106,AENZ
2020-06-12,6.87,7.14,6.48,6.78,6.78,31643,94930,-0.09,-1.31,6.8,"June 12, 20",-0.0131,AENZ
2020-06-11,6.27,6.27,6.27,6.27,6.27,196,591,0.0,0.0,6.27,"June 11, 20",0.0,AENZ
2020-06-10,6.6,6.81,6.3,6.54,6.54,4258,12777,-0.06,-0.90909,6.55,"June 10, 20",-0.0090909,AENZ
2020-06-09,6.75,6.87,6.48,6.81,6.81,2361,7086,0.06,0.88889,6.72,"June 09, 20",0.0088889,AENZ
2020-06-08,7.05,7.05,6.63,6.72,6.72,6297,18893,-0.33,-4.68,6.8,"June 08, 20",-0.0468,AENZ
2020-06-05,7.08,7.2,6.87,7.05,7.05,25242,75727,-0.03,-0.42373,7.04,"June 05, 20",-0.0042373,AENZ
2020-06-04,6.96,7.05,6.81,7.05,7.05,22811,68435,0.09,1.29,6.97,"June 04, 20",0.0129,AENZ
2020-06-03,6.6,6.9,6.3,6.78,6.78,53607,160822,0.18,2.73,6.66,"June 03, 20",0.0273,AENZ
2020-06-02,6.21,6.75,6.21,6.69,6.69,72407,217222,0.48,7.73,6.55,"June 02, 20",0.0773,AENZ
2020-06-01,6.36,6.42,6.03,6.3,6.3,36104,108313,-0.06,-0.9434,6.25,"June 01, 20",-0.009434,AENZ
2020-05-29,5.82,6.6,5.82,6.45,6.45,47435,142307,0.63,10.82,6.29,"May 29, 20",0.1082,AENZ
2020-05-28,6.06,6.06,5.91,5.91,5.91,14524,43574,-0.15,-2.48,5.96,"May 28, 20",-0.0248,AENZ
2020-05-27,6.0,6.0,5.79,6.0,6.0,5566,16701,0.0,0.0,5.93,"May 27, 20",0.0,AENZ
2020-05-26,5.85,6.0,5.82,6.0,6.0,17615,52848,0.15,2.56,5.94,"May 26, 20",0.0256,AENZ
2020-05-22,5.85,6.0,5.79,5.82,5.82,18980,56941,-0.03,-0.51282,5.87,"May 22, 20",-0.0051282,AENZ
2020-05-21,5.85,5.97,5.85,5.85,5.85,10148,30447,0.0,0.0,5.89,"May 21, 20",0.0,AENZ
2020-05-20,5.85,5.97,5.64,5.85,5.85,53988,161965,0.0,0.0,5.82,"May 20, 20",0.0,AENZ
2020-05-19,5.82,5.88,5.64,5.85,5.85,5686,17060,0.03,0.51546,5.79,"May 19, 20",0.0051546,AENZ
2020-05-18,5.76,6.0,5.76,5.94,5.94,20891,62676,0.18,3.13,5.9,"May 18, 20",0.0313,AENZ
2020-05-15,5.52,5.76,5.3565,5.76,5.76,6310,18932,0.24,4.35,5.63,"May 15, 20",0.0435,AENZ
2020-05-14,5.58,5.64,5.55,5.64,5.64,1532,4599,0.06,1.08,5.61,"May 14, 20",0.0108,AENZ
2020-05-13,5.58,5.76,5.4,5.55,5.55,541,1625,-0.03,-0.53763,5.57,"May 13, 20",-0.0053763,AENZ
2020-05-12,5.52,5.94,5.52,5.61,5.61,28137,84414,0.09,1.63,5.69,"May 12, 20",0.0163,AENZ
2020-05-11,5.49,5.73,5.49,5.55,5.55,42937,128814,0.06,1.09,5.59,"May 11, 20",0.0109,AENZ
2020-05-08,5.37,5.7,5.37,5.64,5.64,35518,106556,0.27,5.03,5.57,"May 08, 20",0.0503,AENZ
2020-05-07,5.31,5.79,5.31,5.4,5.4,20196,60589,0.09,1.69,5.5,"May 07, 20",0.0169,AENZ
2020-05-06,5.31,5.49,5.31,5.4,5.4,29276,87830,0.09,1.69,5.4,"May 06, 20",0.0169,AENZ
2020-05-05,5.22,5.7,5.22,5.43,5.43,150665,451997,0.21,4.02,5.45,"May 05, 20",0.0402,AENZ
2020-05-04,5.04,5.4,4.86,5.37,5.37,30493,91481,0.33,6.55,5.21,"May 04, 20",0.0655,AENZ
2020-05-01,5.16,5.16,4.8,4.92,4.92,17937,53814,-0.24,-4.65,4.96,"May 01, 20",-0.0465,AENZ
2020-04-30,5.25,5.4,4.95,5.4,5.4,20632,61898,0.15,2.86,5.25,"April 30, 20",0.0286,AENZ
2020-04-29,5.25,5.34,5.16,5.34,5.34,15177,45534,0.09,1.71,5.28,"April 29, 20",0.0171,AENZ
2020-04-28,5.04,5.37,4.98,5.1,5.1,8960,26883,0.06,1.19,5.15,"April 28, 20",0.0119,AENZ
2020-04-27,5.1,5.31,4.98,5.13,5.13,5817,17454,0.03,0.58824,5.14,"April 27, 20",0.0058824,AENZ
2020-04-24,5.43,5.43,5.22,5.25,5.25,5656,16969,-0.18,-3.31,5.3,"April 24, 20",-0.0331,AENZ
2020-04-23,5.25,5.52,5.01,5.22,5.22,7756,23271,-0.03,-0.57143,5.25,"April 23, 20",-0.0057143,AENZ
2020-04-22,5.1,5.34,5.1,5.25,5.25,1091,3275,0.15,2.94,5.23,"April 22, 20",0.0294,AENZ
2020-04-21,5.25,5.34,5.01,5.31,5.31,4841,14526,0.06,1.14,5.22,"April 21, 20",0.0114,AENZ
2020-04-20,5.19,6.0,5.13,5.37,5.37,32659,97978,0.18,3.47,5.5,"April 20, 20",0.0347,AENZ
2020-04-17,5.19,5.76,5.1,5.58,5.58,26818,80457,0.39,7.51,5.48,"April 17, 20",0.0751,AENZ
2020-04-16,5.94,6.6,5.13,5.73,5.73,71226,213680,-0.21,-3.54,5.82,"April 16, 20",-0.0354,AENZ
2020-04-15,5.25,6.87,4.89,5.67,5.67,42215,126647,0.42,8.0,5.81,"April 15, 20",0.08,AENZ
2020-04-14,4.86,5.22,4.83,5.01,5.01,48988,146966,0.15,3.09,5.02,"April 14, 20",0.0309,AENZ
2020-04-13,4.56,5.04,4.5,4.65,4.65,77243,231732,0.09,1.97,4.73,"April 13, 20",0.0197,AENZ
2020-04-09,4.53,4.53,4.35,4.44,4.44,3108,9327,-0.09,-1.99,4.44,"April 09, 20",-0.0199,AENZ
2020-04-08,4.47,4.5,4.23,4.32,4.32,4005,12018,-0.15,-3.36,4.35,"April 08, 20",-0.0336,AENZ
2020-04-07,4.62,4.62,4.17,4.32,4.32,61536,184609,-0.3,-6.49,4.37,"April 07, 20",-0.0649,AENZ
2020-04-06,4.17,4.44,4.11,4.23,4.23,16365,49096,0.06,1.44,4.26,"April 06, 20",0.0144,AENZ
2020-04-03,4.5,4.5,4.02,4.14,4.14,15155,45467,-0.36,-8.0,4.22,"April 03, 20",-0.08,AENZ
2020-04-02,4.53,4.53,4.26,4.35,4.35,16547,49643,-0.18,-3.97,4.38,"April 02, 20",-0.0397,AENZ
2020-04-01,4.5,4.53,4.2,4.35,4.35,13875,41626,-0.15,-3.33,4.36,"April 01, 20",-0.0333,AENZ
2020-03-31,4.74,5.01,4.59,4.62,4.62,24627,73884,-0.12,-2.53,4.74,"March 31, 20",-0.0253,AENZ
2020-03-30,5.01,5.13,4.68,4.71,4.71,5262,15788,-0.3,-5.99,4.84,"March 30, 20",-0.0599,AENZ
2020-03-27,4.68,5.13,4.68,4.71,4.71,3763,11290,0.03,0.64103,4.84,"March 27, 20",0.0064103,AENZ
2020-03-26,4.5,5.31,4.5,5.1,5.1,34333,103000,0.6,13.33,4.97,"March 26, 20",0.1333,AENZ
2020-03-25,4.68,4.86,4.35,4.59,4.59,17639,52919,-0.09,-1.92,4.6,"March 25, 20",-0.0192,AENZ
2020-03-24,4.38,5.25,4.38,4.53,4.53,25352,76058,0.15,3.42,4.72,"March 24, 20",0.0342,AENZ
2020-03-23,4.5,4.83,4.41,4.44,4.44,5234,15705,-0.06,-1.33,4.56,"March 23, 20",-0.0133,AENZ
2020-03-20,4.65,5.7,4.5,4.5,4.5,20748,62245,-0.15,-3.23,4.9,"March 20, 20",-0.0323,AENZ
2020-03-19,4.8,5.37,4.38,4.38,4.38,23992,71979,-0.42,-8.75,4.71,"March 19, 20",-0.0875,AENZ
2020-03-18,4.53,5.37,4.53,4.8,4.8,5626,16879,0.27,5.96,4.9,"March 18, 20",0.0596,AENZ
2020-03-17,5.13,6.0,5.04,5.61,5.61,5635,16906,0.48,9.36,5.55,"March 17, 20",0.0936,AENZ
2020-03-16,5.79,5.85,4.95,5.07,5.07,15082,45249,-0.72,-12.44,5.29,"March 16, 20",-0.1244,AENZ
2020-03-13,5.94,6.57,5.94,6.27,6.27,6241,18726,0.33,5.56,6.26,"March 13, 20",0.0556,AENZ
2020-03-12,5.55,6.39,5.55,6.03,6.03,12150,36451,0.48,8.65,5.99,"March 12, 20",0.0865,AENZ
2020-03-11,6.63,6.72,6.48,6.69,6.69,7719,23158,0.06,0.90498,6.63,"March 11, 20",0.0090498,AENZ
2020-03-10,7.2,7.2,6.48,7.05,7.05,1519,4558,-0.15,-2.08,6.91,"March 10, 20",-0.0208,AENZ
2020-03-09,6.93,6.93,6.45,6.6,6.6,5670,17013,-0.33,-4.76,6.66,"March 09, 20",-0.0476,AENZ
2020-03-06,7.38,7.38,7.02,7.2,7.2,7200,21601,-0.18,-2.44,7.2,"March 06, 20",-0.0244,AENZ
2020-03-05,7.44,7.44,7.23,7.35,7.35,5742,17227,-0.09,-1.21,7.34,"March 05, 20",-0.0121,AENZ
2020-03-04,7.35,7.5,7.35,7.44,7.44,5991,17976,0.09,1.22,7.43,"March 04, 20",0.0122,AENZ
2020-03-03,7.32,7.68,7.29,7.38,7.38,19294,57883,0.06,0.81967,7.45,"March 03, 20",0.0081967,AENZ
2020-03-02,7.2,7.38,7.17,7.35,7.35,7462,22389,0.15,2.08,7.3,"March 02, 20",0.0208,AENZ
2020-02-28,7.35,7.35,7.05,7.26,7.26,15662,46987,-0.09,-1.22,7.22,"February 28, 20",-0.0122,AENZ
2020-02-27,7.5,7.5,7.23,7.23,7.23,8762,26289,-0.27,-3.6,7.32,"February 27, 20",-0.036,AENZ
2020-02-26,7.56,7.77,7.56,7.62,7.62,9078,27236,0.06,0.79365,7.65,"February 26, 20",0.0079365,AENZ
2020-02-25,8.1,8.16,7.68,7.68,7.68,11320,33961,-0.42,-5.19,7.84,"February 25, 20",-0.0519,AENZ
2020-02-24,7.92,8.22,7.8,8.13,8.13,29450,88353,0.21,2.65,8.05,"February 24, 20",0.0265,AENZ
2020-02-21,7.95,8.1,7.92,8.01,8.01,2319,6960,0.06,0.75472,8.01,"February 21, 20",0.0075472,AENZ
2020-02-20,7.62,7.95,7.62,7.8,7.8,15619,46858,0.18,2.36,7.79,"February 20, 20",0.0236,AENZ
2020-02-19,7.71,7.8,7.59,7.74,7.74,1762,5289,0.03,0.38911,7.71,"February 19, 20",0.0038911,AENZ
2020-02-18,7.89,7.89,7.68,7.74,7.74,4443,13331,-0.15,-1.9,7.77,"February 18, 20",-0.019,AENZ
2020-02-14,8.16,8.16,7.83,7.89,7.89,4359,13080,-0.27,-3.31,7.96,"February 14, 20",-0.0331,AENZ
2020-02-13,7.74,8.13,7.35,8.13,8.13,23780,71343,0.39,5.04,7.87,"February 13, 20",0.0504,AENZ
2020-02-12,7.29,7.65,7.29,7.65,7.65,15897,47694,0.36,4.94,7.53,"February 12, 20",0.0494,AENZ
2020-02-11,7.68,7.68,7.29,7.38,7.38,21329,63990,-0.3,-3.91,7.45,"February 11, 20",-0.0391,AENZ
2020-02-10,7.77,7.77,7.41,7.44,7.44,6039,18119,-0.33,-4.25,7.54,"February 10, 20",-0.0425,AENZ
2020-02-07,8.07,8.07,7.8,7.8,7.8,3497,10492,-0.27,-3.35,7.89,"February 07, 20",-0.0335,AENZ
2020-02-06,8.4,8.55,7.95,7.95,7.95,25901,77706,-0.45,-5.36,8.15,"February 06, 20",-0.0536,AENZ
2020-02-05,9.0,9.0,7.8,8.55,8.55,54363,163091,-0.45,-5.0,8.45,"February 05, 20",-0.05,AENZ
2020-02-04,7.53,8.55,7.41,8.55,8.55,64099,192300,1.02,13.55,8.17,"February 04, 20",0.1355,AENZ
2020-02-03,6.6,7.59,6.57,7.35,7.35,54599,163800,0.75,11.36,7.17,"February 03, 20",0.1136,AENZ
2020-01-31,6.57,6.6,6.57,6.6,6.6,2657,7972,0.03,0.45662,6.59,"January 31, 20",0.0045662,AENZ
2020-01-30,6.57,6.63,6.57,6.57,6.57,12705,38117,0.0,0.0,6.59,"January 30, 20",0.0,AENZ
2020-01-29,6.6,6.63,6.57,6.6,6.6,8054,24165,0.0,0.0,6.6,"January 29, 20",0.0,AENZ
2020-01-28,6.78,6.9,6.6,6.6,6.6,20157,60474,-0.18,-2.65,6.7,"January 28, 20",-0.0265,AENZ
2020-01-27,6.87,6.87,6.75,6.78,6.78,2257,6772,-0.09,-1.31,6.8,"January 27, 20",-0.0131,AENZ
2020-01-24,6.9,6.96,6.9,6.96,6.96,392,1178,0.06,0.86957,6.94,"January 24, 20",0.0086957,AENZ
2020-01-23,7.05,7.05,6.9,6.99,6.99,6331,18994,-0.06,-0.85106,6.98,"January 23, 20",-0.0085106,AENZ
2020-01-22,7.41,7.41,7.11,7.14,7.14,8702,26109,-0.27,-3.64,7.22,"January 22, 20",-0.0364,AENZ
2020-01-21,7.5,7.74,7.05,7.35,7.35,34501,103504,-0.15,-2.0,7.38,"January 21, 20",-0.02,AENZ
2020-01-17,7.44,7.5,7.44,7.47,7.47,5160,15481,0.03,0.40323,7.47,"January 17, 20",0.0040323,AENZ
2020-01-16,7.5,7.5,7.47,7.47,7.47,3037,9114,-0.03,-0.4,7.48,"January 16, 20",-0.004,AENZ
2020-01-15,7.32,7.5,7.32,7.5,7.5,15190,45572,0.18,2.46,7.44,"January 15, 20",0.0246,AENZ
2020-01-14,7.47,7.5,7.41,7.41,7.41,31389,94169,-0.06,-0.80321,7.44,"January 14, 20",-0.0080321,AENZ
2020-01-13,7.5,7.5,7.44,7.44,7.44,6917,20753,-0.06,-0.8,7.46,"January 13, 20",-0.008,AENZ
2020-01-10,7.47,7.71,7.47,7.53,7.53,24893,74682,0.06,0.80321,7.57,"January 10, 20",0.0080321,AENZ
2020-01-09,7.65,7.65,7.41,7.47,7.47,675,2026,-0.18,-2.35,7.51,"January 09, 20",-0.0235,AENZ
2020-01-08,7.44,7.71,7.41,7.56,7.56,731,2196,0.12,1.61,7.56,"January 08, 20",0.0161,AENZ
2020-01-07,7.47,7.68,7.35,7.47,7.47,15638,46916,0.0,0.0,7.5,"January 07, 20",0.0,AENZ
2020-01-06,7.5,7.62,7.23,7.47,7.47,73974,221924,-0.03,-0.4,7.44,"January 06, 20",-0.004,AENZ
2020-01-03,7.35,7.71,7.35,7.59,7.59,590,1773,0.24,3.27,7.55,"January 03, 20",0.0327,AENZ
2020-01-02,7.44,7.68,7.38,7.53,7.53,20362,61087,0.09,1.21,7.53,"January 02, 20",0.0121,AENZ
2019-12-31,7.5,7.56,7.41,7.41,7.41,9578,28737,-0.09,-1.2,7.46,"December 31, 19",-0.012,AENZ
2019-12-30,7.5,7.62,7.44,7.5,7.5,16734,50203,0.0,0.0,7.52,"December 30, 19",0.0,AENZ
2019-12-27,7.68,7.95,7.38,7.5,7.5,14197,42594,-0.18,-2.34,7.61,"December 27, 19",-0.0234,AENZ
2019-12-26,7.17,7.92,7.17,7.68,7.68,30000,90002,0.51,7.11,7.59,"December 26, 19",0.0711,AENZ
2019-12-24,7.05,7.2,7.05,7.14,7.14,3224,9673,0.09,1.28,7.13,"December 24, 19",0.0128,AENZ
2019-12-23,7.02,7.11,6.9,7.05,7.05,457127,1371383,0.03,0.42735,7.02,"December 23, 19",0.0042735,AENZ
2019-12-20,6.99,7.2,6.9,7.02,7.02,755146,2265440,0.03,0.42918,7.04,"December 20, 19",0.0042918,AENZ
2019-12-19,6.96,7.08,6.81,7.08,7.08,35445,106336,0.12,1.72,6.99,"December 19, 19",0.0172,AENZ
2019-12-18,6.63,6.96,6.33,6.96,6.96,60868,182607,0.33,4.98,6.75,"December 18, 19",0.0498,AENZ
2019-12-17,6.51,6.63,6.45,6.63,6.63,13243,39730,0.12,1.84,6.57,"December 17, 19",0.0184,AENZ
2019-12-16,6.54,6.6,6.51,6.6,6.6,7201,21606,0.06,0.91743,6.57,"December 16, 19",0.0091743,AENZ
2019-12-13,6.36,6.66,6.33,6.51,6.51,37660,112983,0.15,2.36,6.5,"December 13, 19",0.0236,AENZ
2019-12-12,6.6,6.6,6.39,6.42,6.42,43078,129235,-0.18,-2.73,6.47,"December 12, 19",-0.0273,AENZ
2019-12-11,6.54,6.54,6.39,6.42,6.42,6774,20323,-0.12,-1.83,6.45,"December 11, 19",-0.0183,AENZ
2019-12-10,6.6,6.6,6.39,6.6,6.6,11838,35517,0.0,0.0,6.53,"December 10, 19",0.0,AENZ
2019-12-09,6.45,6.66,6.39,6.66,6.66,36692,110079,0.21,3.26,6.57,"December 09, 19",0.0326,AENZ
2019-12-06,6.42,6.66,6.42,6.54,6.54,22346,67040,0.12,1.87,6.54,"December 06, 19",0.0187,AENZ
2019-12-05,6.39,6.6,6.27,6.45,6.45,28740,86221,0.06,0.93897,6.44,"December 05, 19",0.0093897,AENZ
2019-12-04,6.48,6.48,6.42,6.45,6.45,2398,7195,-0.03,-0.46296,6.45,"December 04, 19",-0.0046296,AENZ
2019-12-03,6.3,6.42,6.24,6.42,6.42,6954,20865,0.12,1.9,6.36,"December 03, 19",0.019,AENZ
2019-12-02,6.45,6.6,6.33,6.33,6.33,14186,42561,-0.12,-1.86,6.42,"December 02, 19",-0.0186,AENZ
2019-11-29,6.21,6.45,6.0,6.36,6.36,27517,82554,0.15,2.42,6.27,"November 29, 19",0.0242,AENZ
2019-11-27,5.58,5.61,5.58,5.58,5.58,11238,33717,0.0,0.0,5.59,"November 27, 19",0.0,AENZ
2019-11-26,5.61,5.73,5.52,5.7,5.7,12404,37213,0.09,1.6,5.65,"November 26, 19",0.016,AENZ
2019-11-25,5.61,5.7,5.46,5.64,5.64,6084,18254,0.03,0.53476,5.6,"November 25, 19",0.0053476,AENZ
2019-11-22,5.7,5.7,5.52,5.7,5.7,29788,89366,0.0,0.0,5.64,"November 22, 19",0.0,AENZ
2019-11-21,5.85,5.85,5.7,5.76,5.76,12745,38238,-0.09,-1.54,5.77,"November 21, 19",-0.0154,AENZ
2019-11-20,5.76,5.94,5.73,5.94,5.94,14942,44827,0.18,3.13,5.87,"November 20, 19",0.0313,AENZ
2019-11-19,5.64,5.88,5.55,5.79,5.79,23370,70111,0.15,2.66,5.74,"November 19, 19",0.0266,AENZ
2019-11-18,6.27,6.27,5.79,5.94,5.94,6120,18363,-0.33,-5.26,6.0,"November 18, 19",-0.0526,AENZ
2019-11-15,6.15,6.27,6.03,6.15,6.15,15410,46233,0.0,0.0,6.15,"November 15, 19",0.0,AENZ
2019-11-14,6.27,6.27,5.91,6.27,6.27,5757,17273,0.0,0.0,6.15,"November 14, 19",0.0,AENZ
2019-11-13,6.0,6.18,6.0,6.15,6.15,1006,3020,0.15,2.5,6.11,"November 13, 19",0.025,AENZ
2019-11-12,6.0,6.39,5.88,6.15,6.15,34200,102603,0.15,2.5,6.14,"November 12, 19",0.025,AENZ
2019-11-11,6.36,6.42,5.91,5.91,5.91,8312,24939,-0.45,-7.08,6.08,"November 11, 19",-0.0708,AENZ
2019-11-08,6.45,6.57,6.45,6.45,6.45,13735,41208,0.0,0.0,6.49,"November 08, 19",0.0,AENZ
2019-11-07,6.75,6.75,6.36,6.45,6.45,14173,42522,-0.3,-4.44,6.52,"November 07, 19",-0.0444,AENZ
2019-11-06,6.9,6.9,6.57,6.78,6.78,7728,23187,-0.12,-1.74,6.75,"November 06, 19",-0.0174,AENZ
2019-11-05,7.23,7.23,6.9,6.93,6.93,1950,5851,-0.3,-4.15,7.02,"November 05, 19",-0.0415,AENZ
2019-11-04,7.41,7.41,7.05,7.2,7.2,9534,28605,-0.21,-2.83,7.22,"November 04, 19",-0.0283,AENZ
2019-11-01,7.38,7.44,7.38,7.41,7.41,1951,5855,0.03,0.4065,7.41,"November 01, 19",0.004065,AENZ
2019-10-31,7.5,7.62,7.2,7.38,7.38,38468,115405,-0.12,-1.6,7.4,"October 31, 19",-0.016,AENZ
2019-10-30,7.62,7.62,7.05,7.56,7.56,31193,93580,-0.06,-0.7874,7.41,"October 30, 19",-0.007874,AENZ
2019-10-29,7.35,7.62,6.99,7.62,7.62,30799,92399,0.27,3.67,7.41,"October 29, 19",0.0367,AENZ
2019-10-28,7.08,7.5,7.05,7.47,7.47,11091,33274,0.39,5.51,7.34,"October 28, 19",0.0551,AENZ
2019-10-25,7.14,7.35,7.08,7.2,7.2,90538,271616,0.06,0.84034,7.21,"October 25, 19",0.0084034,AENZ
2019-10-24,7.56,7.62,7.11,7.26,7.26,17096,51291,-0.3,-3.97,7.33,"October 24, 19",-0.0397,AENZ
2019-10-23,7.32,7.5,7.08,7.5,7.5,8546,25639,0.18,2.46,7.36,"October 23, 19",0.0246,AENZ
2019-10-22,7.11,7.47,7.05,7.38,7.38,8379,25140,0.27,3.8,7.3,"October 22, 19",0.038,AENZ
2019-10-21,6.96,7.05,6.9,7.05,7.05,3391,10176,0.09,1.29,7.0,"October 21, 19",0.0129,AENZ
2019-10-18,7.08,7.08,6.93,6.93,6.93,1099,3298,-0.15,-2.12,6.98,"October 18, 19",-0.0212,AENZ
2019-10-17,6.9,7.17,6.84,6.87,6.87,15197,45592,-0.03,-0.43478,6.96,"October 17, 19",-0.0043478,AENZ
2019-10-16,7.11,7.11,6.9,6.9,6.9,7916,23751,-0.21,-2.95,6.97,"October 16, 19",-0.0295,AENZ
2019-10-15,7.05,7.05,6.81,7.02,7.02,18659,55978,-0.03,-0.42553,6.96,"October 15, 19",-0.0042553,AENZ
2019-10-14,7.02,7.23,6.9,6.9,6.9,4940,14823,-0.12,-1.71,7.01,"October 14, 19",-0.0171,AENZ
2019-10-11,7.05,7.44,6.99,7.08,7.08,60675,182027,0.03,0.42553,7.17,"October 11, 19",0.0042553,AENZ
2019-10-10,7.05,7.05,6.93,6.96,6.96,12630,37892,-0.09,-1.28,6.98,"October 10, 19",-0.0128,AENZ
2019-10-09,7.26,7.26,7.02,7.02,7.02,7417,22252,-0.24,-3.31,7.1,"October 09, 19",-0.0331,AENZ
2019-10-08,7.05,7.17,7.05,7.17,7.17,275,828,0.12,1.7,7.13,"October 08, 19",0.017,AENZ
2019-10-07,6.84,7.5,6.84,7.2,7.2,6331,18995,0.36,5.26,7.18,"October 07, 19",0.0526,AENZ
2019-10-04,6.9,7.11,6.69,6.81,6.81,6961,20886,-0.09,-1.3,6.87,"October 04, 19",-0.013,AENZ
2019-10-03,6.63,6.84,6.63,6.75,6.75,9788,29365,0.12,1.81,6.74,"October 03, 19",0.0181,AENZ
2019-10-02,6.69,7.08,6.51,6.6,6.6,12806,38419,-0.09,-1.35,6.73,"October 02, 19",-0.0135,AENZ
2019-10-01,7.05,7.11,6.75,6.75,6.75,12805,38418,-0.3,-4.26,6.87,"October 01, 19",-0.0426,AENZ
2019-09-30,7.47,7.47,7.11,7.2,7.2,16916,50751,-0.27,-3.61,7.26,"September 30, 19",-0.0361,AENZ
2019-09-27,7.23,7.23,7.17,7.2,7.2,1689,5070,-0.03,-0.41494,7.2,"September 27, 19",-0.0041494,AENZ
2019-09-26,7.47,7.47,7.26,7.26,7.26,2822,8469,-0.21,-2.81,7.33,"September 26, 19",-0.0281,AENZ
2019-09-25,7.29,7.32,7.14,7.2,7.2,3768,11307,-0.09,-1.23,7.22,"September 25, 19",-0.0123,AENZ
2019-09-24,7.35,7.38,7.26,7.38,7.38,1278,3835,0.03,0.40816,7.34,"September 24, 19",0.0040816,AENZ
2019-09-23,7.41,7.44,7.23,7.41,7.41,4863,14591,0.0,0.0,7.36,"September 23, 19",0.0,AENZ
2019-09-20,7.5,7.5,7.35,7.5,7.5,3742,11229,0.0,0.0,7.45,"September 20, 19",0.0,AENZ
2019-09-19,7.47,7.5,7.47,7.5,7.5,5298,15897,0.03,0.40161,7.49,"September 19, 19",0.0040161,AENZ
2019-09-18,7.41,7.47,7.35,7.35,7.35,11314,33945,-0.06,-0.80972,7.39,"September 18, 19",-0.0080972,AENZ
2019-09-17,7.38,7.5,7.32,7.47,7.47,2933,8801,0.09,1.22,7.43,"September 17, 19",0.0122,AENZ
2019-09-16,7.47,7.71,7.47,7.5,7.5,9176,27530,0.03,0.40161,7.56,"September 16, 19",0.0040161,AENZ
2019-09-13,7.62,7.77,7.5,7.5,7.5,12338,37015,-0.12,-1.57,7.59,"September 13, 19",-0.0157,AENZ
2019-09-12,7.71,7.89,7.56,7.59,7.59,13807,41424,-0.12,-1.56,7.68,"September 12, 19",-0.0156,AENZ
2019-09-11,7.71,7.8,7.59,7.77,7.77,7730,23193,0.06,0.77821,7.72,"September 11, 19",0.0077821,AENZ
2019-09-10,7.59,7.8,7.59,7.59,7.59,5170,15513,0.0,0.0,7.66,"September 10, 19",0.0,AENZ
2019-09-09,7.53,7.74,7.53,7.65,7.65,4815,14446,0.12,1.59,7.64,"September 09, 19",0.0159,AENZ
2019-09-06,7.38,7.71,7.38,7.65,7.65,12337,37012,0.27,3.66,7.58,"September 06, 19",0.0366,AENZ
2019-09-05,7.29,7.65,7.29,7.5,7.5,7971,23914,0.21,2.88,7.48,"September 05, 19",0.0288,AENZ
2019-09-04,7.56,7.74,7.38,7.41,7.41,10055,30168,-0.15,-1.98,7.51,"September 04, 19",-0.0198,AENZ
2019-09-03,7.68,7.71,7.23,7.53,7.53,11477,34433,-0.15,-1.95,7.49,"September 03, 19",-0.0195,AENZ
2019-08-30,7.62,7.77,7.56,7.77,7.77,9960,29881,0.15,1.97,7.7,"August 30, 19",0.0197,AENZ
2019-08-29,7.23,7.65,7.23,7.38,7.38,1104,3314,0.15,2.07,7.42,"August 29, 19",0.0207,AENZ
2019-08-28,7.56,7.59,7.23,7.32,7.32,6828,20485,-0.24,-3.17,7.38,"August 28, 19",-0.0317,AENZ
2019-08-27,7.62,7.62,7.38,7.47,7.47,2466,7400,-0.15,-1.97,7.49,"August 27, 19",-0.0197,AENZ
2019-08-26,7.26,7.62,7.26,7.47,7.47,6481,19445,0.21,2.89,7.45,"August 26, 19",0.0289,AENZ
2019-08-23,7.74,7.89,7.23,7.23,7.23,3013,9041,-0.51,-6.59,7.45,"August 23, 19",-0.0659,AENZ
2019-08-22,7.77,8.1,7.68,7.71,7.71,44552,133658,-0.06,-0.7722,7.83,"August 22, 19",-0.007722,AENZ
2019-08-21,7.92,7.95,7.8,7.83,7.83,26420,79263,-0.09,-1.14,7.86,"August 21, 19",-0.0114,AENZ
2019-08-20,7.95,8.04,7.77,7.86,7.86,5299,15900,-0.09,-1.13,7.89,"August 20, 19",-0.0113,AENZ
2019-08-19,7.92,7.95,7.8,7.83,7.83,6052,18158,-0.09,-1.14,7.86,"August 19, 19",-0.0114,AENZ
2019-08-16,7.68,8.1,7.68,7.95,7.95,12123,36371,0.27,3.52,7.91,"August 16, 19",0.0352,AENZ
2019-08-15,7.2,7.77,7.2,7.77,7.77,5351,16055,0.57,7.92,7.58,"August 15, 19",0.0792,AENZ
2019-08-14,7.8,7.92,6.9,7.14,7.14,48258,144776,-0.66,-8.46,7.32,"August 14, 19",-0.0846,AENZ
2019-08-13,7.98,8.01,7.8,7.83,7.83,2908,8725,-0.15,-1.88,7.88,"August 13, 19",-0.0188,AENZ
2019-08-12,8.01,8.01,7.89,7.92,7.92,3745,11238,-0.09,-1.12,7.94,"August 12, 19",-0.0112,AENZ
2019-08-09,8.22,8.22,7.95,7.95,7.95,3944,11835,-0.27,-3.28,8.04,"August 09, 19",-0.0328,AENZ
2019-08-08,8.16,8.28,8.1,8.19,8.19,10650,31951,0.03,0.36765,8.19,"August 08, 19",0.0036765,AENZ
2019-08-07,8.31,8.4,8.19,8.4,8.4,18074,54223,0.09,1.08,8.33,"August 07, 19",0.0108,AENZ
2019-08-06,8.55,8.55,8.4,8.4,8.4,4787,14362,-0.15,-1.75,8.45,"August 06, 19",-0.0175,AENZ
2019-08-05,8.61,8.64,8.22,8.61,8.61,12515,37548,0.0,0.0,8.49,"August 05, 19",0.0,AENZ
2019-08-02,8.85,8.85,8.4,8.58,8.58,8244,24733,-0.27,-3.05,8.61,"August 02, 19",-0.0305,AENZ
2019-08-01,8.85,8.94,8.55,8.76,8.76,9128,27385,-0.09,-1.02,8.75,"August 01, 19",-0.0102,AENZ
2019-07-31,8.88,9.15,8.61,8.79,8.79,8084,24254,-0.09,-1.01,8.85,"July 31, 19",-0.0101,AENZ
2019-07-30,8.7,8.88,8.7,8.79,8.79,8298,24897,0.09,1.03,8.79,"July 30, 19",0.0103,AENZ
2019-07-29,8.82,8.91,8.76,8.88,8.88,2712,8139,0.06,0.68027,8.85,"July 29, 19",0.0068027,AENZ
2019-07-26,8.7,8.82,8.58,8.82,8.82,1594,4783,0.12,1.38,8.74,"July 26, 19",0.0138,AENZ
2019-07-25,8.97,9.09,8.55,8.67,8.67,26927,80784,-0.3,-3.34,8.77,"July 25, 19",-0.0334,AENZ
2019-07-24,8.67,9.09,8.67,9.0,9.0,8359,25078,0.33,3.81,8.92,"July 24, 19",0.0381,AENZ
2019-07-23,8.55,8.88,8.55,8.73,8.73,2810,8432,0.18,2.11,8.72,"July 23, 19",0.0211,AENZ
2019-07-22,8.73,9.06,8.58,8.58,8.58,4927,14783,-0.15,-1.72,8.74,"July 22, 19",-0.0172,AENZ
2019-07-19,8.91,9.0,8.76,8.76,8.76,42204,126613,-0.15,-1.68,8.84,"July 19, 19",-0.0168,AENZ
2019-07-18,8.82,8.97,8.7,8.97,8.97,2276,6829,0.15,1.7,8.88,"July 18, 19",0.017,AENZ
2019-07-17,8.82,8.85,8.73,8.85,8.85,2899,8700,0.03,0.34014,8.81,"July 17, 19",0.0034014,AENZ
2019-07-16,8.97,8.97,8.7,8.73,8.73,5132,15398,-0.24,-2.68,8.8,"July 16, 19",-0.0268,AENZ
2019-07-15,9.03,9.15,8.91,9.0,9.0,2720,8161,-0.03,-0.33223,9.02,"July 15, 19",-0.0033223,AENZ
2019-07-12,9.3,9.3,8.91,9.21,9.21,3346,10039,-0.09,-0.96774,9.14,"July 12, 19",-0.0096774,AENZ
2019-07-11,9.36,9.39,9.15,9.18,9.18,13578,40737,-0.18,-1.92,9.24,"July 11, 19",-0.0192,AENZ
2019-07-10,9.24,9.3,9.06,9.15,9.15,13289,39868,-0.09,-0.97403,9.17,"July 10, 19",-0.0097403,AENZ
2019-07-09,9.36,9.45,8.85,9.15,9.15,25807,77422,-0.21,-2.24,9.15,"July 09, 19",-0.0224,AENZ
2019-07-08,9.54,9.54,8.97,9.27,9.27,17014,51044,-0.27,-2.83,9.26,"July 08, 19",-0.0283,AENZ
2019-07-05,9.24,9.57,8.07,9.51,9.51,71092,213277,0.27,2.92,9.05,"July 05, 19",0.0292,AENZ
2019-07-03,9.0,9.3,9.0,9.3,9.3,5199,15600,0.3,3.33,9.2,"July 03, 19",0.0333,AENZ
2019-07-02,8.94,9.09,8.76,9.09,9.09,8462,25389,0.15,1.68,8.98,"July 02, 19",0.0168,AENZ
2019-07-01,9.42,9.42,8.7,8.85,8.85,28600,85801,-0.57,-6.05,8.99,"July 01, 19",-0.0605,AENZ
2019-06-28,9.66,9.66,9.15,9.45,9.45,50705,152117,-0.21,-2.17,9.42,"June 28, 19",-0.0217,AENZ
2019-06-27,9.78,9.9,9.45,9.75,9.75,14761,44285,-0.03,-0.30675,9.7,"June 27, 19",-0.0030675,AENZ
2019-06-26,9.75,9.9,9.18,9.84,9.84,13867,41603,0.09,0.92308,9.64,"June 26, 19",0.0092308,AENZ
2019-06-25,9.39,9.78,9.3,9.78,9.78,15275,45826,0.39,4.15,9.62,"June 25, 19",0.0415,AENZ
2019-06-24,9.72,9.78,9.45,9.6,9.6,49823,149472,-0.12,-1.23,9.61,"June 24, 19",-0.0123,AENZ
2019-06-21,9.84,9.9,9.39,9.75,9.75,6869,20608,-0.09,-0.91463,9.68,"June 21, 19",-0.0091463,AENZ
2019-06-20,9.7065,9.96,9.7065,9.84,9.84,1627,4884,0.1335,1.38,9.84,"June 20, 19",0.0138,AENZ
2019-06-19,10.02,10.02,9.63,9.75,9.75,6815,20448,-0.27,-2.69,9.8,"June 19, 19",-0.0269,AENZ
2019-06-18,10.11,10.14,9.51,10.02,10.02,20884,62655,-0.09,-0.89021,9.89,"June 18, 19",-0.0089021,AENZ
2019-06-17,10.11,10.2,9.96,9.99,9.99,23564,70693,-0.12,-1.19,10.05,"June 17, 19",-0.0119,AENZ
2019-06-14,10.14,10.14,9.78,10.05,10.05,5952,17858,-0.09,-0.88757,9.99,"June 14, 19",-0.0088757,AENZ
2019-06-13,10.17,10.2,8.88,10.2,10.2,117166,351501,0.03,0.29499,9.76,"June 13, 19",0.0029499,AENZ
2019-06-12,10.11,10.17,9.87,10.17,10.17,17745,53238,0.06,0.59347,10.07,"June 12, 19",0.0059347,AENZ
2019-06-11,10.17,10.17,9.9,10.17,10.17,3958,11875,0.0,0.0,10.08,"June 11, 19",0.0,AENZ
2019-06-10,10.02,10.17,9.9501,10.17,10.17,4386,13160,0.15,1.5,10.1,"June 10, 19",0.015,AENZ
2019-06-07,9.93,10.05,9.84,9.99,9.99,29152,87459,0.06,0.60423,9.96,"June 07, 19",0.0060423,AENZ
2019-06-06,10.11,10.2,9.87,9.93,9.93,18771,56316,-0.18,-1.78,10.0,"June 06, 19",-0.0178,AENZ
2019-06-05,9.99,10.05,9.6,10.05,10.05,6794,20385,0.06,0.6006,9.9,"June 05, 19",0.006006,AENZ
2019-06-04,9.66,9.96,9.48,9.9,9.9,68802,206408,0.24,2.48,9.78,"June 04, 19",0.0248,AENZ
2019-06-03,9.78,9.78,9.21,9.6,9.6,18416,55249,-0.18,-1.84,9.53,"June 03, 19",-0.0184,AENZ
2019-05-31,9.09,10.14,8.94,9.78,9.78,20590,61771,0.69,7.59,9.62,"May 31, 19",0.0759,AENZ
2019-05-30,8.91,9.15,8.46,9.15,9.15,62325,186977,0.24,2.69,8.92,"May 30, 19",0.0269,AENZ
2019-05-29,9.12,9.12,8.67,8.97,8.97,11246,33740,-0.15,-1.64,8.92,"May 29, 19",-0.0164,AENZ
2019-05-28,9.36,9.36,8.76,9.15,9.15,1130675,3392026,-0.21,-2.24,9.09,"May 28, 19",-0.0224,AENZ
2019-05-24,8.97,9.3,8.61,9.3,9.3,7592,22777,0.33,3.68,9.07,"May 24, 19",0.0368,AENZ
2019-05-23,9.18,9.27,8.91,9.15,9.15,5695,17088,-0.03,-0.3268,9.11,"May 23, 19",-0.003268,AENZ
2019-05-22,9.39,9.39,9.03,9.18,9.18,2553,7662,-0.21,-2.24,9.2,"May 22, 19",-0.0224,AENZ
2019-05-21,9.72,9.72,9.18,9.39,9.39,13567,40702,-0.33,-3.4,9.43,"May 21, 19",-0.034,AENZ
2019-05-20,9.39,9.78,9.0,9.75,9.75,8333,25001,0.36,3.83,9.51,"May 20, 19",0.0383,AENZ
2019-05-17,9.66,9.87,9.0,9.45,9.45,55390,166173,-0.21,-2.17,9.44,"May 17, 19",-0.0217,AENZ
2019-05-16,9.84,9.87,9.45,9.84,9.84,53788,161366,0.0,0.0,9.72,"May 16, 19",0.0,AENZ
2019-05-15,9.96,10.38,9.63,9.9,9.9,30517,91554,-0.06,-0.60241,9.97,"May 15, 19",-0.0060241,AENZ
2019-05-14,10.08,10.26,9.6,10.26,10.26,55385,166156,0.18,1.79,10.04,"May 14, 19",0.0179,AENZ
2019-05-13,10.26,10.47,9.99,10.08,10.08,27820,83463,-0.18,-1.75,10.18,"May 13, 19",-0.0175,AENZ
2019-05-10,10.8,10.83,10.41,10.56,10.56,12207,36622,-0.24,-2.22,10.6,"May 10, 19",-0.0222,AENZ
2019-05-09,10.56,10.92,10.29,10.65,10.65,20009,60029,0.09,0.85227,10.62,"May 09, 19",0.0085227,AENZ
2019-05-08,11.01,11.1,10.59,10.62,10.62,17184,51555,-0.39,-3.54,10.77,"May 08, 19",-0.0354,AENZ
2019-05-07,10.74,11.1,10.59,10.89,10.89,16217,48653,0.15,1.4,10.86,"May 07, 19",0.014,AENZ
2019-05-06,10.89,11.13,10.62,10.8,10.8,13671,41016,-0.09,-0.82645,10.85,"May 06, 19",-0.0082645,AENZ
2019-05-03,10.68,11.7,10.68,10.86,10.86,46725,140178,0.18,1.69,11.08,"May 03, 19",0.0169,AENZ
2019-05-02,10.74,10.86,10.38,10.83,10.83,17122,51367,0.09,0.83799,10.69,"May 02, 19",0.0083799,AENZ
2019-05-01,10.83,10.86,10.32,10.56,10.56,5686,17060,-0.27,-2.49,10.58,"May 01, 19",-0.0249,AENZ
2019-04-30,10.8,10.86,9.84,10.8,10.8,93208,279626,0.0,0.0,10.5,"April 30, 19",0.0,AENZ
2019-04-29,10.53,10.98,10.35,10.65,10.65,37693,113080,0.12,1.14,10.66,"April 29, 19",0.0114,AENZ
2019-04-26,10.17,10.74,10.17,10.5,10.5,567265,1701796,0.33,3.24,10.47,"April 26, 19",0.0324,AENZ
2019-04-25,10.35,10.53,9.24,10.53,10.53,64800,194402,0.18,1.74,10.1,"April 25, 19",0.0174,AENZ
2019-04-24,10.86,10.86,9.6,10.2,10.2,52195,156588,-0.66,-6.08,10.22,"April 24, 19",-0.0608,AENZ
2019-04-23,11.25,11.25,10.47,10.98,10.98,89574,268723,-0.27,-2.4,10.9,"April 23, 19",-0.024,AENZ
2019-04-22,11.16,11.4,10.38,11.4,11.4,14583,43751,0.24,2.15,11.06,"April 22, 19",0.0215,AENZ
2019-04-18,10.62,11.13,10.62,11.07,11.07,6654,19964,0.45,4.24,10.94,"April 18, 19",0.0424,AENZ
2019-04-17,10.44,10.65,10.11,10.62,10.62,9825,29478,0.18,1.72,10.46,"April 17, 19",0.0172,AENZ
2019-04-16,10.56,10.59,10.3812,10.53,10.53,16037,48112,-0.03,-0.28409,10.5,"April 16, 19",-0.0028409,AENZ
2019-04-15,10.83,11.04,10.23,10.59,10.59,7551,22656,-0.24,-2.22,10.62,"April 15, 19",-0.0222,AENZ
2019-04-12,10.95,11.16,10.59,10.77,10.77,9820,29461,-0.18,-1.64,10.84,"April 12, 19",-0.0164,AENZ
2019-04-11,10.95,11.25,10.53,10.8,10.8,39398,118195,-0.15,-1.37,10.86,"April 11, 19",-0.0137,AENZ
2019-04-10,11.07,11.13,10.86,10.95,10.95,270156,810470,-0.12,-1.08,10.98,"April 10, 19",-0.0108,AENZ
2019-04-09,11.16,11.25,10.86,11.1,11.1,15085,45256,-0.06,-0.53763,11.07,"April 09, 19",-0.0053763,AENZ
2019-04-08,11.1,11.49,11.1,11.31,11.31,30488,91466,0.21,1.89,11.3,"April 08, 19",0.0189,AENZ
2019-04-05,10.83,11.07,10.83,11.01,11.01,32793,98382,0.18,1.66,10.97,"April 05, 19",0.0166,AENZ
2019-04-04,10.65,10.89,10.44,10.8,10.8,87720,263162,0.15,1.41,10.71,"April 04, 19",0.0141,AENZ
2019-04-03,10.71,10.89,10.44,10.59,10.59,63693,191081,-0.12,-1.12,10.64,"April 03, 19",-0.0112,AENZ
2019-04-02,10.89,11.04,10.62,10.71,10.71,44053,132161,-0.18,-1.65,10.79,"April 02, 19",-0.0165,AENZ
2019-04-01,10.5,11.1,9.9,10.86,10.86,771203,2313612,0.36,3.43,10.62,"April 01, 19",0.0343,AENZ
2019-03-29,9.45,10.5,9.45,10.5,10.5,60979,182938,1.05,11.11,10.15,"March 29, 19",0.1111,AENZ
2019-03-28,9.33,9.42,9.06,9.33,9.33,8493,25482,0.0,0.0,9.27,"March 28, 19",0.0,AENZ
2019-03-27,8.73,9.42,8.73,9.42,9.42,16565,49696,0.69,7.9,9.19,"March 27, 19",0.079,AENZ
2019-03-26,9.03,9.09,8.82,8.82,8.82,7355,22068,-0.21,-2.33,8.91,"March 26, 19",-0.0233,AENZ
2019-03-25,9.12,9.27,8.97,9.0,9.0,20535,61608,-0.12,-1.32,9.08,"March 25, 19",-0.0132,AENZ
2019-03-22,9.33,9.33,9.06,9.15,9.15,2308,6927,-0.18,-1.93,9.18,"March 22, 19",-0.0193,AENZ
2019-03-21,9.42,9.45,9.33,9.42,9.42,17461,52386,0.0,0.0,9.4,"March 21, 19",0.0,AENZ
2019-03-20,9.39,9.45,9.3,9.45,9.45,1872,5619,0.06,0.63898,9.4,"March 20, 19",0.0063898,AENZ
2019-03-19,9.21,9.54,9.0663,9.51,9.51,5397,16192,0.3,3.26,9.37,"March 19, 19",0.0326,AENZ
2019-03-18,9.15,9.3,9.09,9.18,9.18,58452,175359,0.03,0.32787,9.19,"March 18, 19",0.0032787,AENZ
2019-03-15,9.09,9.21,9.0,9.21,9.21,2692,8079,0.12,1.32,9.14,"March 15, 19",0.0132,AENZ
2019-03-14,9.09,9.15,9.09,9.12,9.12,239,718,0.03,0.33003,9.12,"March 14, 19",0.0033003,AENZ
2019-03-13,9.3,9.36,9.0,9.21,9.21,2503,7512,-0.09,-0.96774,9.19,"March 13, 19",-0.0096774,AENZ
2019-03-12,8.91,9.33,8.73,9.27,9.27,30607,91822,0.36,4.04,9.11,"March 12, 19",0.0404,AENZ
2019-03-11,8.85,9.0,8.52,8.91,8.91,9303,27911,0.06,0.67797,8.81,"March 11, 19",0.0067797,AENZ
2019-03-08,9.36,9.36,8.85,9.03,9.03,22347,67044,-0.33,-3.53,9.08,"March 08, 19",-0.0353,AENZ
2019-03-07,9.06,9.42,8.7,9.27,9.27,9470,28411,0.21,2.32,9.13,"March 07, 19",0.0232,AENZ
2019-03-06,8.91,9.06,8.91,8.97,8.97,7339,22020,0.06,0.6734,8.98,"March 06, 19",0.006734,AENZ
2019-03-05,8.85,8.88,8.82,8.82,8.82,8778,26335,-0.03,-0.33898,8.84,"March 05, 19",-0.0033898,AENZ
2019-03-04,8.76,8.88,8.58,8.88,8.88,31994,95984,0.12,1.37,8.78,"March 04, 19",0.0137,AENZ
2019-03-01,8.64,8.88,8.4,8.67,8.67,7512,22538,0.03,0.34722,8.65,"March 01, 19",0.0034722,AENZ
2019-02-28,8.55,8.73,8.43,8.49,8.49,3900,11702,-0.06,-0.70175,8.55,"February 28, 19",-0.0070175,AENZ
2019-02-27,8.4,8.73,8.4,8.55,8.55,974,2923,0.15,1.79,8.56,"February 27, 19",0.0179,AENZ
2019-02-26,8.82,8.82,8.4,8.4,8.4,2118,6357,-0.42,-4.76,8.54,"February 26, 19",-0.0476,AENZ
2019-02-25,8.85,8.88,8.7,8.85,8.85,26162,78488,0.0,0.0,8.81,"February 25, 19",0.0,AENZ
2019-02-22,8.52,8.79,8.52,8.7,8.7,4034,12105,0.18,2.11,8.67,"February 22, 19",0.0211,AENZ
2019-02-21,8.28,8.43,8.22,8.37,8.37,9620,28861,0.09,1.09,8.34,"February 21, 19",0.0109,AENZ
2019-02-20,8.4,8.79,8.16,8.4,8.4,15413,46241,0.0,0.0,8.45,"February 20, 19",0.0,AENZ
2019-02-19,8.76,8.76,8.34,8.4,8.4,5367,16102,-0.36,-4.11,8.5,"February 19, 19",-0.0411,AENZ
2019-02-15,8.46,8.79,8.4,8.79,8.79,1942,5829,0.33,3.9,8.66,"February 15, 19",0.039,AENZ
2019-02-14,8.91,8.91,8.49,8.55,8.55,1710,5131,-0.36,-4.04,8.65,"February 14, 19",-0.0404,AENZ
2019-02-13,8.34,8.97,8.31,8.97,8.97,17009,51030,0.63,7.55,8.75,"February 13, 19",0.0755,AENZ
2019-02-12,8.67,8.7,8.4,8.46,8.46,28889,86670,-0.21,-2.42,8.52,"February 12, 19",-0.0242,AENZ
2019-02-11,8.76,8.76,8.55,8.67,8.67,3272,9819,-0.09,-1.03,8.66,"February 11, 19",-0.0103,AENZ
2019-02-08,8.64,8.82,8.55,8.76,8.76,4537,13614,0.12,1.39,8.71,"February 08, 19",0.0139,AENZ
2019-02-07,8.91,8.94,8.55,8.82,8.82,14709,44130,-0.09,-1.01,8.77,"February 07, 19",-0.0101,AENZ
2019-02-06,8.97,9.15,8.64,8.94,8.94,8596,25789,-0.03,-0.33445,8.91,"February 06, 19",-0.0033445,AENZ
2019-02-05,9.24,9.24,8.82,9.15,9.15,17341,52025,-0.09,-0.97403,9.07,"February 05, 19",-0.0097403,AENZ
2019-02-04,9.0,9.21,8.49,9.21,9.21,19175,57527,0.21,2.33,8.97,"February 04, 19",0.0233,AENZ
2019-02-01,9.57,9.57,9.03,9.03,9.03,8529,25589,-0.54,-5.64,9.21,"February 01, 19",-0.0564,AENZ
2019-01-31,9.36,9.57,9.21,9.57,9.57,917756,2753270,0.21,2.24,9.45,"January 31, 19",0.0224,AENZ
2019-01-30,9.15,9.63,9.09,9.15,9.15,127089,381269,0.0,0.0,9.29,"January 30, 19",0.0,AENZ
2019-01-29,9.24,9.3,8.79,9.15,9.15,1042,3129,-0.09,-0.97403,9.08,"January 29, 19",-0.0097403,AENZ
2019-01-28,9.06,9.3,8.79,9.15,9.15,5797,17393,0.09,0.99338,9.08,"January 28, 19",0.0099338,AENZ
2019-01-25,9.21,9.3,9.0,9.21,9.21,2417,7253,0.0,0.0,9.17,"January 25, 19",0.0,AENZ
2019-01-24,9.24,9.33,9.03,9.21,9.21,14500,43503,-0.03,-0.32468,9.19,"January 24, 19",-0.0032468,AENZ
2019-01-23,9.39,9.39,9.06,9.06,9.06,6884,20654,-0.33,-3.51,9.17,"January 23, 19",-0.0351,AENZ
2019-01-22,9.24,9.45,9.0,9.3,9.3,16562,49689,0.06,0.64935,9.25,"January 22, 19",0.0064935,AENZ
2019-01-18,9.6,9.69,9.27,9.45,9.45,1068,3207,-0.15,-1.56,9.47,"January 18, 19",-0.0156,AENZ
2019-01-17,9.72,10.05,8.7303,9.57,9.57,14217,42652,-0.15,-1.54,9.45,"January 17, 19",-0.0154,AENZ
2019-01-16,9.48,9.75,9.24,9.6,9.6,2575,7728,0.12,1.27,9.53,"January 16, 19",0.0127,AENZ
2019-01-15,9.12,9.45,9.09,9.3,9.3,5289,15870,0.18,1.97,9.28,"January 15, 19",0.0197,AENZ
2019-01-14,8.88,9.3,8.88,9.21,9.21,18521,55564,0.33,3.72,9.13,"January 14, 19",0.0372,AENZ
2019-01-11,9.0,9.6,8.7,9.09,9.09,13526,40580,0.09,1.0,9.13,"January 11, 19",0.01,AENZ
2019-01-10,8.85,9.3,8.64,9.0,9.0,54368,163106,0.15,1.69,8.98,"January 10, 19",0.0169,AENZ
2019-01-09,8.76,9.0,8.28,8.79,8.79,6819,20460,0.03,0.34247,8.69,"January 09, 19",0.0034247,AENZ
2019-01-08,8.7,9.15,7.95,8.7,8.7,9805,29416,0.0,0.0,8.6,"January 08, 19",0.0,AENZ
2019-01-07,8.25,8.55,7.95,8.46,8.46,26113,78342,0.21,2.55,8.32,"January 07, 19",0.0255,AENZ
2019-01-04,8.55,8.55,7.53,8.25,8.25,22911,68736,-0.3,-3.51,8.11,"January 04, 19",-0.0351,AENZ
2019-01-03,8.88,8.94,8.58,8.73,8.73,986,2960,-0.15,-1.69,8.75,"January 03, 19",-0.0169,AENZ
2019-01-02,9.27,9.3,8.88,8.88,8.88,10060,30182,-0.39,-4.21,9.02,"January 02, 19",-0.0421,AENZ
2018-12-31,9.24,9.6,8.55,9.33,9.33,19802,59407,0.09,0.97403,9.16,"December 31, 18",0.0097403,AENZ
2018-12-28,9.03,9.12,8.13,9.12,9.12,12853,38561,0.09,0.99668,8.79,"December 28, 18",0.0099668,AENZ
2018-12-27,8.79,9.42,8.16,9.12,9.12,15951,47854,0.33,3.75,8.9,"December 27, 18",0.0375,AENZ
2018-12-26,8.88,9.09,8.73,8.94,8.94,8525,25576,0.06,0.67568,8.92,"December 26, 18",0.0067568,AENZ
2018-12-24,8.88,9.21,8.49,9.15,9.15,12937,38812,0.27,3.04,8.95,"December 24, 18",0.0304,AENZ
2018-12-21,9.3,9.3,8.61,9.0,9.0,36641,109925,-0.3,-3.23,8.97,"December 21, 18",-0.0323,AENZ
2018-12-20,9.12,9.45,8.58,9.33,9.33,13385,40157,0.21,2.3,9.12,"December 20, 18",0.023,AENZ
2018-12-19,8.91,9.3,8.7,8.97,8.97,17560,52682,0.06,0.6734,8.99,"December 19, 18",0.006734,AENZ
2018-12-18,8.88,9.09,8.61,8.91,8.91,4614,13843,0.03,0.33784,8.87,"December 18, 18",0.0033784,AENZ
2018-12-17,9.15,9.6,8.4,8.85,8.85,20010,60032,-0.3,-3.28,8.95,"December 17, 18",-0.0328,AENZ
2018-12-14,9.21,9.48,8.97,9.21,9.21,8652,25958,0.0,0.0,9.22,"December 14, 18",0.0,AENZ
2018-12-13,9.45,9.45,9.09,9.39,9.39,4427,13282,-0.06,-0.63492,9.31,"December 13, 18",-0.0063492,AENZ
2018-12-12,9.39,9.84,8.94,9.54,9.54,1005105,3015316,0.15,1.6,9.44,"December 12, 18",0.016,AENZ
2018-12-11,9.42,9.42,9.0,9.03,9.03,112138,336416,-0.39,-4.14,9.15,"December 11, 18",-0.0414,AENZ
2018-12-10,9.36,9.42,8.58,9.42,9.42,79445,238337,0.06,0.64103,9.14,"December 10, 18",0.0064103,AENZ
2018-12-07,9.42,9.45,9.36,9.36,9.36,2815,8447,-0.06,-0.63694,9.39,"December 07, 18",-0.0063694,AENZ
2018-12-06,10.05,10.05,9.18,9.51,9.51,16378,49135,-0.54,-5.37,9.58,"December 06, 18",-0.0537,AENZ
2018-12-04,9.75,10.44,9.24,10.26,10.26,45135,135407,0.51,5.23,9.98,"December 04, 18",0.0523,AENZ
2018-12-03,10.05,10.05,9.42,9.45,9.45,9602,28808,-0.6,-5.97,9.64,"December 03, 18",-0.0597,AENZ
2018-11-30,10.05,11.28,9.57,9.87,9.87,23148,69446,-0.18,-1.79,10.24,"November 30, 18",-0.0179,AENZ
2018-11-29,9.81,10.02,9.75,9.9,9.9,19481,58445,0.09,0.91743,9.89,"November 29, 18",0.0091743,AENZ
2018-11-28,9.9,10.11,9.57,9.87,9.87,56395,169186,-0.03,-0.30303,9.85,"November 28, 18",-0.0030303,AENZ
2018-11-27,9.63,9.9,9.39,9.9,9.9,12853,38561,0.27,2.8,9.73,"November 27, 18",0.028,AENZ
2018-11-26,9.54,9.87,9.21,9.45,9.45,15892,47677,-0.09,-0.9434,9.51,"November 26, 18",-0.009434,AENZ
2018-11-23,9.42,9.6,9.18,9.48,9.48,22792,68379,0.06,0.63694,9.42,"November 23, 18",0.0063694,AENZ
2018-11-21,9.78,10.08,9.39,9.57,9.57,29084,87253,-0.21,-2.15,9.68,"November 21, 18",-0.0215,AENZ
2018-11-20,9.84,10.35,9.39,9.81,9.81,39682,119047,-0.03,-0.30488,9.85,"November 20, 18",-0.0030488,AENZ
2018-11-19,9.6,9.9,9.42,9.6,9.6,9819,29460,0.0,0.0,9.64,"November 19, 18",0.0,AENZ
2018-11-16,9.39,9.99,9.39,9.99,9.99,486,1460,0.6,6.39,9.79,"November 16, 18",0.0639,AENZ
2018-11-15,9.18,9.84,9.18,9.27,9.27,1879,5640,0.09,0.98039,9.43,"November 15, 18",0.0098039,AENZ
2018-11-14,9.18,9.36,9.18,9.18,9.18,19853,59562,0.0,0.0,9.24,"November 14, 18",0.0,AENZ
2018-11-13,9.21,9.66,9.15,9.21,9.21,147478,442435,0.0,0.0,9.34,"November 13, 18",0.0,AENZ
2018-11-12,9.33,9.66,9.18,9.39,9.39,7107,21324,0.06,0.64309,9.41,"November 12, 18",0.0064309,AENZ
2018-11-09,9.78,9.81,9.3,9.45,9.45,10117,30353,-0.33,-3.37,9.52,"November 09, 18",-0.0337,AENZ
2018-11-08,9.75,9.81,9.48,9.81,9.81,1692,5078,0.06,0.61538,9.7,"November 08, 18",0.0061538,AENZ
2018-11-07,9.57,9.9,9.3,9.63,9.63,11227,33682,0.06,0.62696,9.61,"November 07, 18",0.0062696,AENZ
2018-11-06,9.66,9.93,9.39,9.66,9.66,20550,61651,0.0,0.0,9.66,"November 06, 18",0.0,AENZ
2018-11-05,9.45,9.69,9.42,9.69,9.69,5950,17851,0.24,2.54,9.6,"November 05, 18",0.0254,AENZ
2018-11-02,9.42,9.99,9.36,9.42,9.42,8262,24788,0.0,0.0,9.59,"November 02, 18",0.0,AENZ
2018-11-01,9.63,10.2,9.18,9.33,9.33,27037,81114,-0.3,-3.12,9.57,"November 01, 18",-0.0312,AENZ
2018-10-31,9.6,9.75,9.18,9.45,9.45,23410,70232,-0.15,-1.56,9.46,"October 31, 18",-0.0156,AENZ
2018-10-30,9.48,9.63,9.42,9.6,9.6,2262,6787,0.12,1.27,9.55,"October 30, 18",0.0127,AENZ
2018-10-29,9.6,9.63,9.18,9.63,9.63,19193,57582,0.03,0.3125,9.48,"October 29, 18",0.003125,AENZ
2018-10-26,9.36,9.63,9.24,9.63,9.63,21758,65276,0.27,2.88,9.5,"October 26, 18",0.0288,AENZ
2018-10-25,9.57,9.6,9.21,9.42,9.42,8603,25812,-0.15,-1.57,9.41,"October 25, 18",-0.0157,AENZ
2018-10-24,9.21,9.75,9.21,9.66,9.66,32542,97628,0.45,4.89,9.54,"October 24, 18",0.0489,AENZ
2018-10-23,9.24,9.54,8.94,9.54,9.54,35703,107112,0.3,3.25,9.34,"October 23, 18",0.0325,AENZ
2018-10-22,9.27,9.45,9.12,9.12,9.12,7523,22570,-0.15,-1.62,9.23,"October 22, 18",-0.0162,AENZ
2018-10-19,8.79,9.45,8.73,9.18,9.18,67556,202669,0.39,4.44,9.12,"October 19, 18",0.0444,AENZ
2018-10-18,8.64,9.42,8.4,8.61,8.61,47786,143360,-0.03,-0.34722,8.81,"October 18, 18",-0.0034722,AENZ
2018-10-17,8.73,9.24,8.28,9.0,9.0,13229,39688,0.27,3.09,8.84,"October 17, 18",0.0309,AENZ
2018-10-16,8.52,9.06,8.34,8.67,8.67,33888,101667,0.15,1.76,8.69,"October 16, 18",0.0176,AENZ
2018-10-15,8.7,8.94,8.4,8.46,8.46,19708,59125,-0.24,-2.76,8.6,"October 15, 18",-0.0276,AENZ
2018-10-12,8.22,8.79,8.22,8.79,8.79,4287,12863,0.57,6.93,8.6,"October 12, 18",0.0693,AENZ
2018-10-11,8.07,8.94,8.04,8.16,8.16,35634,106905,0.09,1.12,8.38,"October 11, 18",0.0112,AENZ
2018-10-10,7.86,8.01,7.86,8.01,8.01,9311,27934,0.15,1.91,7.96,"October 10, 18",0.0191,AENZ
2018-10-09,7.86,8.22,7.2,7.83,7.83,5988,17966,-0.03,-0.38168,7.75,"October 09, 18",-0.0038168,AENZ
2018-10-08,8.46,8.94,8.1,8.1,8.1,7283,21850,-0.36,-4.26,8.38,"October 08, 18",-0.0426,AENZ
2018-10-05,8.61,8.97,8.25,8.67,8.67,7109,21328,0.06,0.69686,8.63,"October 05, 18",0.0069686,AENZ
2018-10-04,8.91,8.97,8.43,8.79,8.79,6888,20666,-0.12,-1.35,8.73,"October 04, 18",-0.0135,AENZ
2018-10-03,9.33,9.78,9.06,9.06,9.06,5918,17755,-0.27,-2.89,9.3,"October 03, 18",-0.0289,AENZ
2018-10-02,8.67,9.21,8.58,9.15,9.15,14388,43166,0.48,5.54,8.98,"October 02, 18",0.0554,AENZ
2018-10-01,8.28,8.76,8.28,8.52,8.52,3487,10464,0.24,2.9,8.52,"October 01, 18",0.029,AENZ
2018-09-28,8.43,8.49,8.1,8.1,8.1,740,2221,-0.33,-3.91,8.23,"September 28, 18",-0.0391,AENZ
2018-09-27,8.25,8.67,7.92,8.52,8.52,5361,16084,0.27,3.27,8.37,"September 27, 18",0.0327,AENZ
2018-09-26,7.92,8.73,7.92,8.25,8.25,19153,57462,0.33,4.17,8.3,"September 26, 18",0.0417,AENZ
2018-09-25,8.01,8.22,7.92,7.92,7.92,4250,12752,-0.09,-1.12,8.02,"September 25, 18",-0.0112,AENZ
2018-09-24,8.1,8.37,7.65,7.95,7.95,5069,15209,-0.15,-1.85,7.99,"September 24, 18",-0.0185,AENZ
2018-09-21,8.13,8.13,7.8,8.07,8.07,621,1864,-0.06,-0.73801,8.0,"September 21, 18",-0.0073801,AENZ
2018-09-20,8.52,8.55,8.28,8.28,8.28,6513,19541,-0.24,-2.82,8.37,"September 20, 18",-0.0282,AENZ
2018-09-19,8.25,8.61,8.19,8.37,8.37,11254,33763,0.12,1.45,8.39,"September 19, 18",0.0145,AENZ
2018-09-18,7.89,8.28,7.89,8.28,8.28,3288,9866,0.39,4.94,8.15,"September 18, 18",0.0494,AENZ
2018-09-17,8.13,8.13,7.98,8.01,8.01,948,2846,-0.12,-1.48,8.04,"September 17, 18",-0.0148,AENZ
2018-09-14,7.74,8.13,7.74,8.13,8.13,768,2306,0.39,5.04,8.0,"September 14, 18",0.0504,AENZ
2018-09-13,7.65,8.16,7.65,7.71,7.71,7672,23017,0.06,0.78431,7.84,"September 13, 18",0.0078431,AENZ
2018-09-12,8.19,8.19,7.29,7.68,7.68,13462,40389,-0.51,-6.23,7.72,"September 12, 18",-0.0623,AENZ
2018-09-11,7.89,8.37,7.89,8.04,8.04,10721,32164,0.15,1.9,8.1,"September 11, 18",0.019,AENZ
2018-09-10,8.25,8.58,7.86,7.95,7.95,10164,30495,-0.3,-3.64,8.13,"September 10, 18",-0.0364,AENZ
2018-09-07,8.13,8.73,8.13,8.49,8.49,7184,21553,0.36,4.43,8.45,"September 07, 18",0.0443,AENZ
2018-09-06,8.82,8.82,8.13,8.22,8.22,13233,39701,-0.6,-6.8,8.39,"September 06, 18",-0.068,AENZ
2018-09-05,9.12,9.72,8.46,8.88,8.88,18226,54681,-0.24,-2.63,9.02,"September 05, 18",-0.0263,AENZ
2018-09-04,9.96,9.96,9.3,9.51,9.51,3059,9179,-0.45,-4.52,9.59,"September 04, 18",-0.0452,AENZ
2018-08-31,10.2,10.2,9.3,9.99,9.99,12951,38856,-0.21,-2.06,9.83,"August 31, 18",-0.0206,AENZ
2018-08-30,9.66,10.26,9.24,10.2,10.2,18676,56030,0.54,5.59,9.9,"August 30, 18",0.0559,AENZ
2018-08-29,10.05,10.05,9.48,9.75,9.75,13748,41245,-0.3,-2.99,9.76,"August 29, 18",-0.0299,AENZ
2018-08-28,9.81,10.41,9.75,9.99,9.99,15582,46749,0.18,1.83,10.05,"August 28, 18",0.0183,AENZ
2018-08-27,10.2,10.23,9.6,9.81,9.81,10710,32131,-0.39,-3.82,9.88,"August 27, 18",-0.0382,AENZ
2018-08-24,10.2,10.35,9.78,10.29,10.29,14012,42039,0.09,0.88235,10.14,"August 24, 18",0.0088235,AENZ
2018-08-23,10.14,11.31,9.75,10.5,10.5,15680,47041,0.36,3.55,10.52,"August 23, 18",0.0355,AENZ
2018-08-22,10.17,10.2,9.9,9.99,9.99,4056,12171,-0.18,-1.77,10.03,"August 22, 18",-0.0177,AENZ
2018-08-21,10.56,10.65,10.05,10.14,10.14,18692,56077,-0.42,-3.98,10.28,"August 21, 18",-0.0398,AENZ
2018-08-20,10.77,10.8,10.62,10.62,10.62,13702,41108,-0.15,-1.39,10.68,"August 20, 18",-0.0139,AENZ
2018-08-17,10.68,11.13,10.62,10.68,10.68,11614,34843,0.0,0.0,10.81,"August 17, 18",0.0,AENZ
2018-08-16,10.65,11.25,10.65,10.68,10.68,9994,29983,0.03,0.28169,10.86,"August 16, 18",0.0028169,AENZ
2018-08-15,11.31,11.31,10.65,10.65,10.65,2690,8071,-0.66,-5.84,10.87,"August 15, 18",-0.0584,AENZ
2018-08-14,11.37,11.37,10.71,11.3397,11.34,3671,11016,-0.0303,-0.26649,11.14,"August 14, 18",-0.0026649,AENZ
2018-08-13,10.95,11.52,10.8,11.4,11.4,12230,36693,0.45,4.11,11.24,"August 13, 18",0.0411,AENZ
2018-08-10,11.16,11.46,10.8,11.37,11.37,5722,17169,0.21,1.88,11.21,"August 10, 18",0.0188,AENZ
2018-08-09,11.4,11.4,10.89,11.34,11.34,6962,20889,-0.06,-0.52632,11.21,"August 09, 18",-0.0052632,AENZ
2018-08-08,11.37,11.37,11.37,11.37,11.37,5,18,0.0,0.0,11.37,"August 08, 18",0.0,AENZ
2018-08-07,11.07,11.55,10.53,11.37,11.37,9886,29659,0.3,2.71,11.15,"August 07, 18",0.0271,AENZ
2018-08-06,11.01,11.16,10.95,11.07,11.07,174568,523706,0.06,0.54496,11.06,"August 06, 18",0.0054496,AENZ
2018-08-03,11.34,11.46,10.83,10.98,10.98,6140,18421,-0.36,-3.17,11.09,"August 03, 18",-0.0317,AENZ
2018-08-02,11.25,11.4,11.25,11.28,11.28,15780,47343,0.03,0.26667,11.31,"August 02, 18",0.0026667,AENZ
2018-08-01,11.34,11.4,10.86,11.34,11.34,7514,22543,0.0,0.0,11.2,"August 01, 18",0.0,AENZ
2018-07-31,11.22,11.52,11.16,11.34,11.34,3172,9517,0.12,1.07,11.34,"July 31, 18",0.0107,AENZ
2018-07-30,11.34,11.43,10.68,11.43,11.43,4961,14884,0.09,0.79365,11.18,"July 30, 18",0.0079365,AENZ
2018-07-27,11.31,11.55,10.89,11.22,11.22,5963,17891,-0.09,-0.79576,11.22,"July 27, 18",-0.0079576,AENZ
2018-07-26,11.61,12.0,10.89,11.22,11.22,78895,236686,-0.39,-3.36,11.37,"July 26, 18",-0.0336,AENZ
2018-07-25,11.85,12.15,11.4,11.52,11.52,126542,379627,-0.33,-2.78,11.69,"July 25, 18",-0.0278,AENZ
2018-07-24,12.06,12.06,11.73,11.85,11.85,34611,103834,-0.21,-1.74,11.88,"July 24, 18",-0.0174,AENZ
2018-07-23,11.76,12.3,11.76,11.79,11.79,38868,116606,0.03,0.2551,11.95,"July 23, 18",0.002551,AENZ
2018-07-20,11.4,11.79,11.4,11.79,11.79,59181,177545,0.39,3.42,11.66,"July 20, 18",0.0342,AENZ
2018-07-19,11.4,11.64,11.28,11.46,11.46,22822,68468,0.06,0.52632,11.46,"July 19, 18",0.0052632,AENZ
2018-07-18,11.19,11.73,10.62,11.31,11.31,48630,145893,0.12,1.07,11.22,"July 18, 18",0.0107,AENZ
2018-07-17,10.89,11.22,10.68,11.1,11.1,12370,37112,0.21,1.93,11.0,"July 17, 18",0.0193,AENZ
2018-07-16,11.1,11.1,10.53,11.01,11.01,16830,50491,-0.09,-0.81081,10.88,"July 16, 18",-0.0081081,AENZ
2018-07-13,10.41,11.22,10.38,11.1,11.1,156579,469740,0.69,6.63,10.9,"July 13, 18",0.0663,AENZ
2018-07-12,10.65,10.95,10.17,10.47,10.47,130470,391413,-0.18,-1.69,10.53,"July 12, 18",-0.0169,AENZ
2018-07-11,10.5,11.4,10.5,10.8,10.8,20239,60720,0.3,2.86,10.9,"July 11, 18",0.0286,AENZ
2018-07-10,10.5,10.83,10.05,10.83,10.83,88393,265182,0.33,3.14,10.57,"July 10, 18",0.0314,AENZ
2018-07-09,9.99,10.8,9.87,10.47,10.47,13252,39758,0.48,4.8,10.38,"July 09, 18",0.048,AENZ
2018-07-06,9.96,10.08,9.45,10.02,10.02,12364,37094,0.06,0.60241,9.85,"July 06, 18",0.0060241,AENZ
2018-07-05,9.6,10.14,9.57,10.14,10.14,111699,335098,0.54,5.63,9.95,"July 05, 18",0.0563,AENZ
2018-07-03,9.3,9.57,9.3,9.57,9.57,11400,11400,0.27,2.9,9.48,"July 03, 18",0.029,AENZ
2018-07-02,8.85,9.36,8.73,9.36,9.36,2333,2333,0.51,5.76,9.15,"July 02, 18",0.0576,AENZ
2018-06-29,9.09,9.45,9.09,9.45,9.45,9000,9000,0.36,3.96,9.33,"June 29, 18",0.0396,AENZ
2018-06-28,9.12,9.45,9.12,9.45,9.45,8133,8133,0.33,3.62,9.34,"June 28, 18",0.0362,AENZ
2018-06-27,9.57,9.57,9.3,9.45,9.45,11900,11900,-0.12,-1.25,9.44,"June 27, 18",-0.0125,AENZ
2018-06-26,9.15,9.6,9.15,9.57,9.57,17800,17800,0.42,4.59,9.44,"June 26, 18",0.0459,AENZ
2018-06-25,9.45,9.6,9.18,9.45,9.45,46400,46400,0.0,0.0,9.41,"June 25, 18",0.0,AENZ
2018-06-22,9.15,9.45,9.15,9.45,9.45,7500,7500,0.3,3.28,9.35,"June 22, 18",0.0328,AENZ
2018-06-21,9.15,9.36,9.15,9.3,9.3,3633,3633,0.15,1.64,9.27,"June 21, 18",0.0164,AENZ
2018-06-20,9.21,9.3,8.85,9.3,9.3,85600,85600,0.09,0.9772,9.15,"June 20, 18",0.009772,AENZ
2018-06-19,9.54,9.54,9.54,9.54,9.54,0,0,0.0,0.0,9.54,"June 19, 18",0.0,AENZ
2018-06-18,9.3,9.72,9.3,9.54,9.54,31067,31067,0.24,2.58,9.52,"June 18, 18",0.0258,AENZ
2018-06-15,9.6,9.72,9.6,9.72,9.72,2600,2600,0.12,1.25,9.68,"June 15, 18",0.0125,AENZ
2018-06-14,9.3,9.84,9.3,9.75,9.75,5300,5300,0.45,4.84,9.63,"June 14, 18",0.0484,AENZ
2018-06-13,9.75,9.75,9.6,9.63,9.63,65933,65933,-0.12,-1.23,9.66,"June 13, 18",-0.0123,AENZ
2018-06-12,9.3,9.72,9.3,9.72,9.72,3600,3600,0.42,4.52,9.58,"June 12, 18",0.0452,AENZ
2018-06-11,9.57,9.57,9.57,9.57,9.57,100,100,0.0,0.0,9.57,"June 11, 18",0.0,AENZ
2018-06-08,9.72,9.72,9.72,9.72,9.72,0,0,0.0,0.0,9.72,"June 08, 18",0.0,AENZ
2018-06-07,9.72,9.72,9.21,9.72,9.72,6600,6600,0.0,0.0,9.55,"June 07, 18",0.0,AENZ
2018-06-06,9.6,9.84,9.06,9.24,9.24,13733,13733,-0.36,-3.75,9.38,"June 06, 18",-0.0375,AENZ
2018-06-05,9.6,9.87,9.03,9.87,9.87,30400,30400,0.27,2.81,9.59,"June 05, 18",0.0281,AENZ
2018-06-04,9.36,9.57,9.36,9.57,9.57,3233,3233,0.21,2.24,9.5,"June 04, 18",0.0224,AENZ
2018-06-01,9.18,9.39,9.03,9.3,9.3,24533,24533,0.12,1.31,9.24,"June 01, 18",0.0131,AENZ
2018-05-31,9.36,9.39,9.3,9.33,9.33,235267,235267,-0.03,-0.32051,9.34,"May 31, 18",-0.0032051,AENZ
2018-05-30,9.33,9.36,9.3,9.3,9.3,139167,139167,-0.03,-0.32154,9.32,"May 30, 18",-0.0032154,AENZ
2018-05-29,9.6,10.17,9.15,9.6,9.6,136500,136500,0.0,0.0,9.64,"May 29, 18",0.0,AENZ
2018-05-25,8.85,10.35,8.85,9.75,9.75,152933,152933,0.9,10.17,9.65,"May 25, 18",0.1017,AENZ
2018-05-24,8.85,9.75,8.85,9.45,9.45,102800,102800,0.6,6.78,9.35,"May 24, 18",0.0678,AENZ
2018-05-23,8.7,9.3,8.4,9.15,9.15,111700,111700,0.45,5.17,8.95,"May 23, 18",0.0517,AENZ
2018-05-22,7.95,9.0,7.95,8.76,8.76,121400,121400,0.81,10.19,8.57,"May 22, 18",0.1019,AENZ
2018-05-21,9.33,9.33,7.8,8.13,8.13,637233,1911700,-1.2,-12.86,8.42,"May 21, 18",-0.1286,AENZ
2018-05-18,10.29,10.29,10.29,10.29,10.29,0,0,0.0,0.0,10.29,"May 18, 18",0.0,AENZ
2018-05-17,10.35,10.44,10.23,10.29,10.29,10120,30362,-0.06,-0.57971,10.32,"May 17, 18",-0.0057971,AENZ
2018-05-16,10.44,10.47,10.2,10.41,10.41,27126,81379,-0.03,-0.28736,10.36,"May 16, 18",-0.0028736,AENZ
2018-05-15,10.56,10.62,10.38,10.44,10.44,9963,29890,-0.12,-1.14,10.48,"May 15, 18",-0.0114,AENZ
2018-05-14,10.62,10.71,10.38,10.62,10.62,31155,93466,0.0,0.0,10.57,"May 14, 18",0.0,AENZ
2018-05-11,10.41,10.74,10.29,10.59,10.59,16730,50191,0.18,1.73,10.54,"May 11, 18",0.0173,AENZ
2018-05-10,10.2,10.65,10.17,10.32,10.32,40299,120898,0.12,1.18,10.38,"May 10, 18",0.0118,AENZ
2018-05-09,9.99,10.29,9.93,10.17,10.17,18556,55670,0.18,1.8,10.13,"May 09, 18",0.018,AENZ
2018-05-08,10.35,10.53,9.81,9.93,9.93,15110,45332,-0.42,-4.06,10.09,"May 08, 18",-0.0406,AENZ
2018-05-07,10.38,10.59,10.26,10.35,10.35,40644,121935,-0.03,-0.28902,10.4,"May 07, 18",-0.0028902,AENZ
2018-05-04,10.5,10.8,9.66,9.99,9.99,55789,167369,-0.51,-4.86,10.15,"May 04, 18",-0.0486,AENZ
2018-05-03,10.56,10.98,10.32,10.35,10.35,25361,76084,-0.21,-1.99,10.55,"May 03, 18",-0.0199,AENZ
2018-05-02,9.81,10.65,9.78,10.62,10.62,44244,132734,0.81,8.26,10.35,"May 02, 18",0.0826,AENZ
2018-05-01,9.93,10.11,9.66,9.78,9.78,15715,47146,-0.15,-1.51,9.85,"May 01, 18",-0.0151,AENZ
2018-04-30,10.08,10.2,9.63,9.99,9.99,40911,122734,-0.09,-0.89286,9.94,"April 30, 18",-0.0089286,AENZ
2018-04-27,10.5,10.65,9.87,10.08,10.08,50676,152030,-0.42,-4.0,10.2,"April 27, 18",-0.04,AENZ
2018-04-26,10.71,10.71,10.35,10.44,10.44,26794,80384,-0.27,-2.52,10.5,"April 26, 18",-0.0252,AENZ
2018-04-25,10.65,10.77,10.17,10.53,10.53,69525,208578,-0.12,-1.13,10.49,"April 25, 18",-0.0113,AENZ
2018-04-24,10.71,10.8,10.35,10.62,10.62,53642,160928,-0.09,-0.84034,10.59,"April 24, 18",-0.0084034,AENZ
2018-04-23,10.65,10.83,10.56,10.74,10.74,32115,96346,0.09,0.84507,10.71,"April 23, 18",0.0084507,AENZ
2018-04-20,10.53,10.83,10.53,10.59,10.59,15573,46722,0.06,0.5698,10.65,"April 20, 18",0.005698,AENZ
2018-04-19,10.41,10.8,10.32,10.65,10.65,80380,241142,0.24,2.31,10.59,"April 19, 18",0.0231,AENZ
2018-04-18,10.65,10.8,10.11,10.44,10.44,73580,220742,-0.21,-1.97,10.45,"April 18, 18",-0.0197,AENZ
2018-04-17,10.95,11.16,10.41,10.68,10.68,78838,236515,-0.27,-2.47,10.75,"April 17, 18",-0.0247,AENZ
2018-04-16,10.38,11.22,10.35,11.1,11.1,84466,253401,0.72,6.94,10.89,"April 16, 18",0.0694,AENZ
2018-04-13,9.9,10.47,9.84,10.38,10.38,61727,185183,0.48,4.85,10.23,"April 13, 18",0.0485,AENZ
2018-04-12,9.57,9.9,8.91,9.81,9.81,35341,106025,0.24,2.51,9.54,"April 12, 18",0.0251,AENZ
2018-04-11,9.45,9.57,9.45,9.54,9.54,4054,12164,0.09,0.95238,9.52,"April 11, 18",0.0095238,AENZ
2018-04-10,9.24,9.75,9.24,9.54,9.54,19501,58504,0.3,3.25,9.51,"April 10, 18",0.0325,AENZ
2018-04-09,9.18,9.3,8.64,9.3,9.3,46539,139620,0.12,1.31,9.08,"April 09, 18",0.0131,AENZ
2018-04-06,9.09,9.33,9.09,9.3,9.3,41949,125848,0.21,2.31,9.24,"April 06, 18",0.0231,AENZ
2018-04-05,8.85,9.15,8.85,9.0,9.0,26244,78733,0.15,1.69,9.0,"April 05, 18",0.0169,AENZ
2018-04-04,9.06,9.27,9.0,9.0,9.0,10927,32782,-0.06,-0.66225,9.09,"April 04, 18",-0.0066225,AENZ
2018-04-03,9.0,9.03,8.61,9.0,9.0,19980,59941,0.0,0.0,8.88,"April 03, 18",0.0,AENZ
2018-04-02,8.88,9.03,8.58,8.85,8.85,22795,68387,-0.03,-0.33784,8.82,"April 02, 18",-0.0033784,AENZ
2018-03-29,9.39,9.39,8.82,9.12,9.12,25885,77657,-0.27,-2.88,9.11,"March 29, 18",-0.0288,AENZ
2018-03-28,8.85,9.12,8.61,9.09,9.09,62537,187612,0.24,2.71,8.94,"March 28, 18",0.0271,AENZ
2018-03-27,8.07,8.67,7.92,8.67,8.67,58028,174087,0.6,7.43,8.42,"March 27, 18",0.0743,AENZ
2018-03-26,7.38,8.07,7.35,8.04,8.04,27014,81043,0.66,8.94,7.82,"March 26, 18",0.0894,AENZ
2018-03-23,7.14,7.65,7.14,7.53,7.53,18313,54940,0.39,5.46,7.44,"March 23, 18",0.0546,AENZ
2018-03-22,7.26,7.38,6.9,7.02,7.02,14026,42080,-0.24,-3.31,7.1,"March 22, 18",-0.0331,AENZ
2018-03-21,7.17,7.53,7.11,7.26,7.26,7426,22279,0.09,1.26,7.3,"March 21, 18",0.0126,AENZ
2018-03-20,7.14,7.26,6.75,7.05,7.05,41384,124154,-0.09,-1.26,7.02,"March 20, 18",-0.0126,AENZ
2018-03-19,7.44,7.44,7.08,7.26,7.26,15076,45231,-0.18,-2.42,7.26,"March 19, 18",-0.0242,AENZ
2018-03-16,7.56,7.56,7.26,7.44,7.44,14069,42209,-0.12,-1.59,7.42,"March 16, 18",-0.0159,AENZ
2018-03-15,7.59,7.86,7.38,7.53,7.53,31030,93091,-0.06,-0.79051,7.59,"March 15, 18",-0.0079051,AENZ
2018-03-14,7.44,7.5,7.29,7.47,7.47,6023,18072,0.03,0.40323,7.42,"March 14, 18",0.0040323,AENZ
2018-03-13,7.56,7.71,7.38,7.41,7.41,24219,72658,-0.15,-1.98,7.5,"March 13, 18",-0.0198,AENZ
2018-03-12,7.23,7.74,7.23,7.53,7.53,81284,243854,0.3,4.15,7.5,"March 12, 18",0.0415,AENZ
2018-03-09,7.44,7.62,7.26,7.32,7.32,6932,20797,-0.12,-1.61,7.4,"March 09, 18",-0.0161,AENZ
2018-03-08,7.5,7.62,7.32,7.35,7.35,8163,24492,-0.15,-2.0,7.43,"March 08, 18",-0.02,AENZ
2018-03-07,7.47,7.5,7.26,7.35,7.35,10448,31345,-0.12,-1.61,7.37,"March 07, 18",-0.0161,AENZ
2018-03-06,7.38,7.44,6.81,7.35,7.35,23889,71669,-0.03,-0.4065,7.2,"March 06, 18",-0.004065,AENZ
2018-03-05,6.87,7.65,6.87,7.38,7.38,70160,210482,0.51,7.42,7.3,"March 05, 18",0.0742,AENZ
2018-03-02,7.11,7.11,6.75,6.87,6.87,39040,117123,-0.24,-3.38,6.91,"March 02, 18",-0.0338,AENZ
2018-03-01,7.32,7.32,7.11,7.17,7.17,11509,34530,-0.15,-2.05,7.2,"March 01, 18",-0.0205,AENZ
2018-02-28,7.35,7.56,6.99,7.35,7.35,47576,142731,0.0,0.0,7.3,"February 28, 18",0.0,AENZ
2018-02-27,7.77,7.77,7.29,7.35,7.35,37073,111220,-0.42,-5.41,7.47,"February 27, 18",-0.0541,AENZ
2018-02-26,7.59,7.74,7.5,7.59,7.59,29214,87645,0.0,0.0,7.61,"February 26, 18",0.0,AENZ
2018-02-23,8.34,8.34,7.05,7.62,7.62,138821,416465,-0.72,-8.63,7.67,"February 23, 18",-0.0863,AENZ
2018-02-22,8.34,8.49,7.68,7.98,7.98,55964,167893,-0.36,-4.32,8.05,"February 22, 18",-0.0432,AENZ
2018-02-21,8.64,8.64,8.25,8.28,8.28,27736,83210,-0.36,-4.17,8.39,"February 21, 18",-0.0417,AENZ
2018-02-20,8.64,8.91,8.58,8.64,8.64,35815,107446,0.0,0.0,8.71,"February 20, 18",0.0,AENZ
2018-02-16,8.34,8.73,8.34,8.67,8.67,11466,34399,0.33,3.96,8.58,"February 16, 18",0.0396,AENZ
2018-02-15,8.4,8.79,8.34,8.34,8.34,17620,52863,-0.06,-0.71429,8.49,"February 15, 18",-0.0071429,AENZ
2018-02-14,8.37,8.55,8.34,8.34,8.34,22360,67083,-0.03,-0.35842,8.41,"February 14, 18",-0.0035842,AENZ
2018-02-13,8.52,8.61,8.34,8.43,8.43,13351,40054,-0.09,-1.06,8.46,"February 13, 18",-0.0106,AENZ
2018-02-12,8.88,8.97,8.52,8.64,8.64,18186,54560,-0.24,-2.7,8.71,"February 12, 18",-0.027,AENZ
2018-02-09,8.76,8.85,8.37,8.73,8.73,61594,184784,-0.03,-0.34247,8.65,"February 09, 18",-0.0034247,AENZ
2018-02-08,8.97,9.18,8.43,8.61,8.61,48991,146976,-0.36,-4.01,8.74,"February 08, 18",-0.0401,AENZ
2018-02-07,8.91,9.3,8.73,8.97,8.97,32874,98623,0.06,0.6734,9.0,"February 07, 18",0.006734,AENZ
2018-02-06,8.49,9.36,8.16,8.91,8.91,293342,880029,0.42,4.95,8.81,"February 06, 18",0.0495,AENZ
2018-02-05,8.85,9.06,8.43,8.61,8.61,46512,139538,-0.24,-2.71,8.7,"February 05, 18",-0.0271,AENZ
2018-02-02,9.21,9.21,8.7,8.88,8.88,32723,98172,-0.33,-3.58,8.93,"February 02, 18",-0.0358,AENZ
2018-02-01,8.85,9.36,8.43,9.33,9.33,123523,370572,0.48,5.42,9.04,"February 01, 18",0.0542,AENZ
2018-01-31,8.31,8.85,8.22,8.76,8.76,81648,244946,0.45,5.42,8.61,"January 31, 18",0.0542,AENZ
2018-01-30,8.19,8.85,8.13,8.22,8.22,86391,259175,0.03,0.3663,8.4,"January 30, 18",0.003663,AENZ
2018-01-29,8.19,8.58,8.19,8.25,8.25,137206,411620,0.06,0.7326,8.34,"January 29, 18",0.007326,AENZ
2018-01-26,8.7,8.79,8.07,8.19,8.19,95924,287774,-0.51,-5.86,8.35,"January 26, 18",-0.0586,AENZ
2018-01-25,8.94,9.15,8.79,8.82,8.82,28791,86376,-0.12,-1.34,8.92,"January 25, 18",-0.0134,AENZ
2018-01-24,9.0,9.09,8.73,8.91,8.91,15911,47735,-0.09,-1.0,8.91,"January 24, 18",-0.01,AENZ
2018-01-23,9.0,9.06,8.55,8.97,8.97,29106,87321,-0.03,-0.33333,8.86,"January 23, 18",-0.0033333,AENZ
2018-01-22,9.0,9.03,8.85,8.88,8.88,30340,91022,-0.12,-1.33,8.92,"January 22, 18",-0.0133,AENZ
2018-01-19,9.0,9.12,8.85,9.09,9.09,21130,63391,0.09,1.0,9.02,"January 19, 18",0.01,AENZ
2018-01-18,9.15,9.21,8.94,9.03,9.03,31880,95643,-0.12,-1.31,9.06,"January 18, 18",-0.0131,AENZ
2018-01-17,9.69,9.69,9.12,9.39,9.39,42178,126537,-0.3,-3.1,9.4,"January 17, 18",-0.031,AENZ
2018-01-16,9.72,9.99,9.36,9.48,9.48,70867,212603,-0.24,-2.47,9.61,"January 16, 18",-0.0247,AENZ
2018-01-12,8.91,9.57,8.91,9.42,9.42,126175,378528,0.51,5.72,9.3,"January 12, 18",0.0572,AENZ
2018-01-11,9.0,9.36,8.91,9.03,9.03,38219,114659,0.03,0.33333,9.1,"January 11, 18",0.0033333,AENZ
2018-01-10,8.82,9.15,8.73,9.06,9.06,61695,185086,0.24,2.72,8.98,"January 10, 18",0.0272,AENZ
2018-01-09,8.76,9.12,8.55,8.91,8.91,57098,171297,0.15,1.71,8.86,"January 09, 18",0.0171,AENZ
2018-01-08,8.79,8.88,8.58,8.82,8.82,66330,198992,0.03,0.3413,8.76,"January 08, 18",0.003413,AENZ
2018-01-05,8.67,8.85,8.49,8.76,8.76,24344,73035,0.09,1.04,8.7,"January 05, 18",0.0104,AENZ
2018-01-04,8.79,8.79,8.55,8.64,8.64,31240,93721,-0.15,-1.71,8.66,"January 04, 18",-0.0171,AENZ
2018-01-03,8.46,8.82,8.4,8.61,8.61,33881,101644,0.15,1.77,8.61,"January 03, 18",0.0177,AENZ
2018-01-02,8.73,8.73,8.22,8.4,8.4,41446,124341,-0.33,-3.78,8.45,"January 02, 18",-0.0378,AENZ
2017-12-29,8.34,8.76,8.31,8.55,8.55,19627,58884,0.21,2.52,8.54,"December 29, 17",0.0252,AENZ
2017-12-28,8.49,8.49,8.25,8.34,8.34,39684,119055,-0.15,-1.77,8.36,"December 28, 17",-0.0177,AENZ
2017-12-27,8.58,8.73,8.31,8.49,8.49,11884,35655,-0.09,-1.05,8.51,"December 27, 17",-0.0105,AENZ
2017-12-26,8.4,8.67,8.37,8.61,8.61,31378,94136,0.21,2.5,8.55,"December 26, 17",0.025,AENZ
2017-12-22,8.49,8.94,8.46,8.49,8.49,84458,253377,0.0,0.0,8.63,"December 22, 17",0.0,AENZ
2017-12-21,8.25,8.58,8.07,8.1,8.1,72528,217585,-0.15,-1.82,8.25,"December 21, 17",-0.0182,AENZ
2017-12-20,8.4,8.43,8.22,8.22,8.22,40880,122642,-0.18,-2.14,8.29,"December 20, 17",-0.0214,AENZ
2017-12-19,8.73,8.79,8.31,8.34,8.34,33079,99238,-0.39,-4.47,8.48,"December 19, 17",-0.0447,AENZ
2017-12-18,8.25,8.88,8.25,8.76,8.76,66090,198271,0.51,6.18,8.63,"December 18, 17",0.0618,AENZ
2017-12-15,8.49,8.79,8.25,8.25,8.25,113179,339540,-0.24,-2.83,8.43,"December 15, 17",-0.0283,AENZ
2017-12-14,9.09,9.09,8.52,8.64,8.64,111715,335146,-0.45,-4.95,8.75,"December 14, 17",-0.0495,AENZ
2017-12-13,9.18,9.3,9.06,9.12,9.12,55902,167709,-0.06,-0.65359,9.16,"December 13, 17",-0.0065359,AENZ
2017-12-12,9.33,9.45,9.18,9.21,9.21,70651,211954,-0.12,-1.29,9.28,"December 12, 17",-0.0129,AENZ
2017-12-11,9.75,9.75,9.21,9.42,9.42,61152,183458,-0.33,-3.38,9.46,"December 11, 17",-0.0338,AENZ
2017-12-08,9.42,9.84,9.36,9.72,9.72,56082,168247,0.3,3.18,9.64,"December 08, 17",0.0318,AENZ
2017-12-07,8.55,9.6,8.55,9.27,9.27,214092,642278,0.72,8.42,9.14,"December 07, 17",0.0842,AENZ
2017-12-06,8.88,9.12,8.52,8.52,8.52,136402,409209,-0.36,-4.05,8.72,"December 06, 17",-0.0405,AENZ
2017-12-05,7.68,9.24,7.68,8.97,8.97,293016,879050,1.29,16.8,8.63,"December 05, 17",0.168,AENZ
2017-12-04,7.86,8.07,7.29,7.74,7.74,388024,1164075,-0.12,-1.53,7.7,"December 04, 17",-0.0153,AENZ
2017-12-01,9.12,9.21,8.13,8.31,8.31,134210,402631,-0.81,-8.88,8.55,"December 01, 17",-0.0888,AENZ
2017-11-30,9.0,9.12,8.91,9.12,9.12,80675,242026,0.12,1.33,9.05,"November 30, 17",0.0133,AENZ
2017-11-29,9.51,9.51,8.52,9.21,9.21,229698,689095,-0.3,-3.15,9.08,"November 29, 17",-0.0315,AENZ
2017-11-28,8.97,9.57,8.97,9.48,9.48,426216,1278649,0.51,5.69,9.34,"November 28, 17",0.0569,AENZ
2017-11-27,8.97,9.21,8.94,8.97,8.97,72028,216087,0.0,0.0,9.04,"November 27, 17",0.0,AENZ
2017-11-24,9.27,9.45,8.88,8.94,8.94,167490,502471,-0.33,-3.56,9.09,"November 24, 17",-0.0356,AENZ
2017-11-22,9.33,9.6,9.0303,9.18,9.18,141895,425687,-0.15,-1.61,9.27,"November 22, 17",-0.0161,AENZ
2017-11-21,9.33,9.69,9.18,9.27,9.27,155099,465300,-0.06,-0.64309,9.38,"November 21, 17",-0.0064309,AENZ
2017-11-20,9.39,9.39,8.88,9.24,9.24,163310,489931,-0.15,-1.6,9.17,"November 20, 17",-0.016,AENZ
2017-11-17,9.96,10.14,9.33,9.42,9.42,68603,205812,-0.54,-5.42,9.63,"November 17, 17",-0.0542,AENZ
2017-11-16,10.2,10.35,9.96,9.99,9.99,33131,99394,-0.21,-2.06,10.1,"November 16, 17",-0.0206,AENZ
2017-11-15,10.35,10.68,10.05,10.17,10.17,65075,195227,-0.18,-1.74,10.3,"November 15, 17",-0.0174,AENZ
2017-11-14,10.89,10.92,10.05,10.41,10.41,85799,257398,-0.48,-4.41,10.46,"November 14, 17",-0.0441,AENZ
2017-11-13,11.4,11.7942,10.56,10.65,10.65,165216,495650,-0.75,-6.58,11.0,"November 13, 17",-0.0658,AENZ
2017-11-10,12.75,12.81,10.395,11.1,11.1,223316,669950,-1.65,-12.94,11.44,"November 10, 17",-0.1294,AENZ
2017-11-09,14.25,14.4,13.98,14.04,14.04,23665,70998,-0.21,-1.47,14.14,"November 09, 17",-0.0147,AENZ
2017-11-08,14.34,14.4,13.95,14.25,14.25,31965,95896,-0.09,-0.62762,14.2,"November 08, 17",-0.0062762,AENZ
2017-11-07,15.12,15.12,14.16,14.2776,14.28,56898,170696,-0.8424,-5.57,14.52,"November 07, 17",-0.0557,AENZ
2017-11-06,15.21,15.3171,14.5803,15.09,15.09,32188,96565,-0.12,-0.78895,15.0,"November 06, 17",-0.0078895,AENZ
2017-11-03,13.86,15.0,13.74,15.0,15.0,162558,487677,1.14,8.23,14.58,"November 03, 17",0.0823,AENZ
2017-11-02,13.44,14.13,13.44,14.13,14.13,42697,128092,0.69,5.13,13.9,"November 02, 17",0.0513,AENZ
2017-11-01,13.44,13.56,13.44,13.56,13.56,24825,74477,0.12,0.89286,13.52,"November 01, 17",0.0089286,AENZ
2017-10-31,13.47,13.59,13.44,13.5,13.5,49401,148206,0.03,0.22272,13.51,"October 31, 17",0.0022272,AENZ
2017-10-30,13.59,13.8,13.44,13.44,13.44,37302,111909,-0.15,-1.1,13.56,"October 30, 17",-0.011,AENZ
2017-10-27,13.32,13.539,13.32,13.47,13.47,70051,210156,0.15,1.13,13.44,"October 27, 17",0.0113,AENZ
2017-10-26,13.17,13.29,13.02,13.26,13.26,41718,125156,0.09,0.68337,13.19,"October 26, 17",0.0068337,AENZ
2017-10-25,12.84,13.05,12.54,13.02,13.05,58448,175347,0.18,1.4,12.87,"October 25, 17",0.014,AENZ
2017-10-24,13.11,13.14,12.84,12.9,12.9,63384,190155,-0.21,-1.6,12.96,"October 24, 17",-0.016,AENZ
2017-10-23,13.56,13.62,13.017,13.14,13.14,48351,145055,-0.42,-3.1,13.26,"October 23, 17",-0.031,AENZ
2017-10-20,13.95,13.95,13.26,13.41,13.41,129735,389208,-0.54,-3.87,13.54,"October 20, 17",-0.0387,AENZ
2017-10-19,13.71,14.22,13.71,13.98,13.98,36381,109144,0.27,1.97,13.97,"October 19, 17",0.0197,AENZ
2017-10-18,14.31,14.31,13.74,13.8,13.8,79206,237620,-0.51,-3.56,13.95,"October 18, 17",-0.0356,AENZ
2017-10-17,13.92,14.25,13.77,14.22,14.22,23934,71803,0.3,2.16,14.08,"October 17, 17",0.0216,AENZ
2017-10-16,13.74,13.92,13.53,13.83,13.83,55775,167328,0.09,0.65502,13.76,"October 16, 17",0.0065502,AENZ
2017-10-13,13.44,14.16,13.44,13.89,13.89,32020,96063,0.45,3.35,13.83,"October 13, 17",0.0335,AENZ
2017-10-12,13.38,13.59,13.2,13.53,13.53,98426,295279,0.15,1.12,13.44,"October 12, 17",0.0112,AENZ
2017-10-11,13.77,13.77,13.32,13.38,13.38,54699,164100,-0.39,-2.83,13.49,"October 11, 17",-0.0283,AENZ
2017-10-10,13.83,14.01,13.56,13.665,13.68,46103,138311,-0.165,-1.19,13.75,"October 10, 17",-0.0119,AENZ
2017-10-09,14.46,14.49,13.74,13.83,13.83,96094,288283,-0.63,-4.36,14.02,"October 09, 17",-0.0436,AENZ
2017-10-06,15.24,15.45,14.58,14.73,14.73,100400,301203,-0.51,-3.35,14.92,"October 06, 17",-0.0335,AENZ
2017-10-05,15.0,15.42,14.94,15.36,15.36,53466,160400,0.36,2.4,15.24,"October 05, 17",0.024,AENZ
2017-10-04,14.88,15.45,14.67,15.3,15.3,131383,394152,0.42,2.82,15.14,"October 04, 17",0.0282,AENZ
2017-10-03,14.79,15.12,14.79,15.0,15.0,59484,178453,0.21,1.42,14.97,"October 03, 17",0.0142,AENZ
2017-10-02,14.22,14.88,14.22,14.76,14.76,75670,227011,0.54,3.8,14.62,"October 02, 17",0.038,AENZ
2017-09-29,14.22,14.64,14.22,14.43,14.43,74122,222367,0.21,1.48,14.43,"September 29, 17",0.0148,AENZ
2017-09-28,14.16,14.4,14.16,14.19,14.19,37565,112697,0.03,0.21186,14.25,"September 28, 17",0.0021186,AENZ
2017-09-27,14.43,14.43,13.8621,14.25,14.25,44919,134759,-0.18,-1.25,14.18,"September 27, 17",-0.0125,AENZ
2017-09-26,13.89,14.67,13.89,14.34,14.34,87704,263115,0.45,3.24,14.3,"September 26, 17",0.0324,AENZ
2017-09-25,13.59,13.8,13.557,13.71,13.71,234730,704192,0.12,0.883,13.69,"September 25, 17",0.00883,AENZ
2017-09-22,13.14,13.71,13.14,13.47,13.47,36335,109007,0.33,2.51,13.44,"September 22, 17",0.0251,AENZ
2017-09-21,13.71,13.92,12.12,13.2,13.2,187466,562400,-0.51,-3.72,13.08,"September 21, 17",-0.0372,AENZ
2017-09-20,14.61,14.7,13.65,13.83,13.83,154372,463117,-0.78,-5.34,14.06,"September 20, 17",-0.0534,AENZ
2017-09-19,13.98,14.235,13.77,14.1,14.1,56090,168271,0.12,0.85837,14.03,"September 19, 17",0.0085837,AENZ
2017-09-18,13.41,14.34,13.41,13.92,13.92,147855,443567,0.51,3.8,13.89,"September 18, 17",0.038,AENZ
2017-09-15,12.96,13.53,12.75,13.35,13.35,805579,2416738,0.39,3.01,13.21,"September 15, 17",0.0301,AENZ
2017-09-14,13.02,13.74,12.9024,12.99,12.99,51694,155085,-0.03,-0.23041,13.21,"September 14, 17",-0.0023041,AENZ
2017-09-13,12.69,13.11,12.54,13.05,13.05,111531,334594,0.36,2.84,12.9,"September 13, 17",0.0284,AENZ
2017-09-12,12.69,12.9,12.405,12.69,12.69,76665,229997,0.0,0.0,12.67,"September 12, 17",0.0,AENZ
2017-09-11,12.45,12.87,12.33,12.6,12.6,54555,163667,0.15,1.2,12.6,"September 11, 17",0.012,AENZ
2017-09-08,13.23,13.26,12.3,12.45,12.45,111570,334712,-0.78,-5.9,12.67,"September 08, 17",-0.059,AENZ
2017-09-07,13.05,13.317,12.93,13.14,13.14,156336,469010,0.09,0.68966,13.13,"September 07, 17",0.0068966,AENZ
2017-09-06,12.21,13.296,12.033,13.05,13.05,261197,783594,0.84,6.88,12.79,"September 06, 17",0.0688,AENZ
2017-09-05,11.88,12.3,11.55,12.18,12.18,218931,656796,0.3,2.53,12.01,"September 05, 17",0.0253,AENZ
2017-09-01,10.95,11.91,10.95,11.55,11.55,80414,241244,0.6,5.48,11.47,"September 01, 17",0.0548,AENZ
2017-08-31,10.47,10.95,10.41,10.92,10.92,167043,501131,0.45,4.3,10.76,"August 31, 17",0.043,AENZ
2017-08-30,10.35,10.47,10.11,10.38,10.38,24551,73655,0.03,0.28986,10.32,"August 30, 17",0.0028986,AENZ
2017-08-29,10.08,10.32,9.87,10.32,10.32,25778,77336,0.24,2.38,10.17,"August 29, 17",0.0238,AENZ
2017-08-28,10.11,10.2,9.99,9.99,9.99,63402,190209,-0.12,-1.19,10.06,"August 28, 17",-0.0119,AENZ
2017-08-25,9.99,10.2276,9.84,9.99,9.99,132200,396603,0.0,0.0,10.02,"August 25, 17",0.0,AENZ
2017-08-24,9.84,9.99,9.75,9.8379,9.84,14882,44649,-0.0021,-0.02134146,9.86,"August 24, 17",-0.0002134146,AENZ
2017-08-23,9.78,9.84,9.66,9.78,9.78,13562,40687,0.0,0.0,9.76,"August 23, 17",0.0,AENZ
2017-08-22,9.69,9.96,9.69,9.69,9.69,25181,75545,0.0,0.0,9.78,"August 22, 17",0.0,AENZ
2017-08-21,9.66,9.84,9.66,9.72,9.72,15489,46469,0.06,0.62112,9.74,"August 21, 17",0.0062112,AENZ
2017-08-18,9.51,9.84,9.4815,9.72,9.72,34316,102950,0.21,2.21,9.68,"August 18, 17",0.0221,AENZ
2017-08-17,9.27,9.54,9.24,9.54,9.54,17300,51903,0.27,2.91,9.44,"August 17, 17",0.0291,AENZ
2017-08-16,9.06,9.51,9.0,9.51,9.51,14473,43420,0.45,4.97,9.34,"August 16, 17",0.0497,AENZ
2017-08-15,9.0,9.21,8.91,9.15,9.15,32590,97772,0.15,1.67,9.09,"August 15, 17",0.0167,AENZ
2017-08-14,9.36,9.48,8.7,8.97,8.97,36519,109558,-0.39,-4.17,9.05,"August 14, 17",-0.0417,AENZ
2017-08-11,9.54,9.54,9.03,9.27,9.27,52010,156032,-0.27,-2.83,9.28,"August 11, 17",-0.0283,AENZ
2017-08-10,9.96,10.02,9.33,9.45,9.45,16908,50726,-0.51,-5.12,9.6,"August 10, 17",-0.0512,AENZ
2017-08-09,9.87,10.02,9.6495,9.96,9.96,11264,33795,0.09,0.91185,9.88,"August 09, 17",0.0091185,AENZ
2017-08-08,10.11,10.2,9.57,9.78,9.78,21807,65422,-0.33,-3.26,9.85,"August 08, 17",-0.0326,AENZ
2017-08-07,10.11,10.2,10.05,10.05,10.05,5892,17679,-0.06,-0.59347,10.1,"August 07, 17",-0.0059347,AENZ
2017-08-04,10.08,10.2,10.05,10.14,10.14,4809,14430,0.06,0.59524,10.13,"August 04, 17",0.0059524,AENZ
2017-08-03,9.96,10.248,9.96,10.14,10.14,58434,175305,0.18,1.81,10.12,"August 03, 17",0.0181,AENZ
2017-08-02,9.93,10.05,9.78,9.96,9.96,37492,112479,0.03,0.30211,9.93,"August 02, 17",0.0030211,AENZ
2017-08-01,9.66,9.99,9.66,9.9,9.9,45412,136237,0.24,2.48,9.85,"August 01, 17",0.0248,AENZ
2017-07-31,9.6,9.75,9.45,9.57,9.57,20916,62749,-0.03,-0.3125,9.59,"July 31, 17",-0.003125,AENZ
2017-07-28,9.69,9.87,9.48,9.57,9.57,3742,11227,-0.12,-1.24,9.64,"July 28, 17",-0.0124,AENZ
2017-07-27,9.72,9.81,9.48,9.6,9.6,13820,41461,-0.12,-1.23,9.63,"July 27, 17",-0.0123,AENZ
2017-07-26,9.6,9.75,9.48,9.63,9.63,39219,117660,0.03,0.3125,9.62,"July 26, 17",0.003125,AENZ
2017-07-25,9.87,10.17,9.51,9.51,9.51,45374,136124,-0.36,-3.65,9.73,"July 25, 17",-0.0365,AENZ
2017-07-24,9.33,9.99,9.3,9.57,9.57,89116,267350,0.24,2.57,9.62,"July 24, 17",0.0257,AENZ
2017-07-21,9.42,9.42,9.33,9.39,9.39,7861,23586,-0.03,-0.31847,9.38,"July 21, 17",-0.0031847,AENZ
2017-07-20,9.39,9.54,9.3,9.42,9.42,28222,84667,0.03,0.31949,9.42,"July 20, 17",0.0031949,AENZ
2017-07-19,9.3,9.57,9.3,9.435,9.45,15215,45648,0.135,1.45,9.44,"July 19, 17",0.0145,AENZ
2017-07-18,9.5997,9.5997,9.3,9.33,9.33,20982,62949,-0.2697,-2.81,9.41,"July 18, 17",-0.0281,AENZ
2017-07-17,9.48,9.48,9.24,9.42,9.42,21654,64964,-0.06,-0.63291,9.38,"July 17, 17",-0.0063291,AENZ
2017-07-14,9.51,9.6,9.39,9.45,9.45,31952,95858,-0.06,-0.63091,9.48,"July 14, 17",-0.0063091,AENZ
2017-07-13,9.63,9.66,9.42,9.45,9.45,23119,69358,-0.18,-1.87,9.51,"July 13, 17",-0.0187,AENZ
2017-07-12,9.45,9.75,9.45,9.66,9.66,31253,93761,0.21,2.22,9.62,"July 12, 17",0.0222,AENZ
2017-07-11,9.54,9.75,9.3,9.45,9.45,17721,53165,-0.09,-0.9434,9.5,"July 11, 17",-0.009434,AENZ
2017-07-10,9.39,9.84,9.33,9.48,9.48,23923,71771,0.09,0.95847,9.55,"July 10, 17",0.0095847,AENZ
2017-07-07,9.9,9.9,9.27,9.33,9.33,36344,109034,-0.57,-5.76,9.5,"July 07, 17",-0.0576,AENZ
2017-07-06,9.75,9.96,9.75,9.87,9.87,41437,124314,0.12,1.23,9.86,"July 06, 17",0.0123,AENZ
2017-07-05,9.75,9.8967,9.6,9.78,9.78,29044,87133,0.03,0.30769,9.76,"July 05, 17",0.0030769,AENZ
2017-07-03,9.84,9.9,9.66,9.75,9.75,24038,72116,-0.09,-0.91463,9.77,"July 03, 17",-0.0091463,AENZ
2017-06-30,9.66,9.93,9.66,9.78,9.78,16126,48380,0.12,1.24,9.79,"June 30, 17",0.0124,AENZ
2017-06-29,9.69,10.02,9.51,9.57,9.57,10270,30811,-0.12,-1.24,9.7,"June 29, 17",-0.0124,AENZ
2017-06-28,9.72,10.23,9.6,9.6,9.6,113408,340226,-0.12,-1.23,9.81,"June 28, 17",-0.0123,AENZ
2017-06-27,9.51,9.9033,9.33,9.72,9.72,38661,115984,0.21,2.21,9.65,"June 27, 17",0.0221,AENZ
2017-06-26,9.4371,9.609,9.3,9.45,9.45,8863,26590,0.0129,0.13669,9.45,"June 26, 17",0.0013669,AENZ
2017-06-23,9.33,9.6,9.153,9.51,9.51,14251,42755,0.18,1.93,9.42,"June 23, 17",0.0193,AENZ
2017-06-22,9.51,9.63,9.09,9.24,9.24,14076,42230,-0.27,-2.84,9.32,"June 22, 17",-0.0284,AENZ
2017-06-21,9.18,9.63,9.12,9.57,9.57,31812,95437,0.39,4.25,9.44,"June 21, 17",0.0425,AENZ
2017-06-20,9.42,9.84,9.06,9.15,9.15,29985,89957,-0.27,-2.87,9.35,"June 20, 17",-0.0287,AENZ
2017-06-19,9.6,9.9,9.42,9.45,9.45,54207,162623,-0.15,-1.56,9.59,"June 19, 17",-0.0156,AENZ
2017-06-16,9.69,10.068,9.51,9.57,9.57,64877,194632,-0.12,-1.24,9.72,"June 16, 17",-0.0124,AENZ
2017-06-15,9.9,9.9,9.15,9.63,9.63,29950,89851,-0.27,-2.73,9.56,"June 15, 17",-0.0273,AENZ
2017-06-14,10.14,10.23,9.75,9.93,9.93,24482,73448,-0.21,-2.07,9.97,"June 14, 17",-0.0207,AENZ
2017-06-13,10.53,10.53,9.96,10.14,10.14,42800,128402,-0.39,-3.7,10.21,"June 13, 17",-0.037,AENZ
2017-06-12,10.41,10.62,10.215,10.44,10.44,18133,54400,0.03,0.28818,10.43,"June 12, 17",0.0028818,AENZ
2017-06-09,10.14,10.47,9.99,10.44,10.44,19806,59421,0.3,2.96,10.3,"June 09, 17",0.0296,AENZ
2017-06-08,9.87,10.23,9.7503,10.14,10.14,60585,181757,0.27,2.74,10.04,"June 08, 17",0.0274,AENZ
2017-06-07,10.2,10.74,9.63,9.9,9.9,279941,839825,-0.3,-2.94,10.09,"June 07, 17",-0.0294,AENZ
2017-06-06,9.66,9.813,9.36,9.72,9.72,77589,232769,0.06,0.62112,9.63,"June 06, 17",0.0062112,AENZ
2017-06-05,9.45,9.765,9.45,9.66,9.66,100731,302196,0.21,2.22,9.63,"June 05, 17",0.0222,AENZ
2017-06-02,9.3,9.54,9.09,9.51,9.51,54472,163417,0.21,2.26,9.38,"June 02, 17",0.0226,AENZ
2017-06-01,9.33,9.57,9.18,9.24,9.24,45427,136283,-0.09,-0.96463,9.33,"June 01, 17",-0.0096463,AENZ
2017-05-31,9.06,9.48,9.0,9.36,9.36,424469,1273408,0.3,3.31,9.28,"May 31, 17",0.0331,AENZ
2017-05-30,9.33,9.597,8.85,8.97,8.97,122092,366279,-0.36,-3.86,9.14,"May 30, 17",-0.0386,AENZ
2017-05-26,9.33,9.54,9.24,9.33,9.33,61496,184490,0.0,0.0,9.37,"May 26, 17",0.0,AENZ
2017-05-25,9.42,9.57,8.67,9.3,9.3,227206,681621,-0.12,-1.27,9.18,"May 25, 17",-0.0127,AENZ
2017-05-24,9.42,9.558,9.3,9.39,9.39,145885,437658,-0.03,-0.31847,9.42,"May 24, 17",-0.0031847,AENZ
2017-05-23,9.42,9.69,9.21,9.51,9.51,81143,243430,0.09,0.95541,9.47,"May 23, 17",0.0095541,AENZ
2017-05-22,9.48,9.63,9.06,9.39,9.39,130429,391289,-0.09,-0.94937,9.36,"May 22, 17",-0.0094937,AENZ
2017-05-19,8.94,9.6,8.91,9.48,9.48,186111,558336,0.54,6.04,9.33,"May 19, 17",0.0604,AENZ
2017-05-18,8.88,8.94,8.04,8.73,8.73,264311,792935,-0.15,-1.69,8.57,"May 18, 17",-0.0169,AENZ
2017-05-17,9.63,9.81,8.82,8.94,8.94,190338,571017,-0.69,-7.17,9.19,"May 17, 17",-0.0717,AENZ
2017-05-16,11.01,11.04,9.42,9.6,9.6,328162,984488,-1.41,-12.81,10.02,"May 16, 17",-0.1281,AENZ
2017-05-15,10.89,11.2146,10.89,10.95,10.95,70602,211807,0.06,0.55096,11.02,"May 15, 17",0.0055096,AENZ
2017-05-12,10.41,11.07,10.35,10.89,10.89,124558,373677,0.48,4.61,10.77,"May 12, 17",0.0461,AENZ
2017-05-11,9.45,10.455,9.3903,10.32,10.32,582686,1748060,0.87,9.21,10.06,"May 11, 17",0.0921,AENZ
2017-05-10,9.6,9.87,9.405,9.42,9.42,118578,355737,-0.18,-1.87,9.57,"May 10, 17",-0.0187,AENZ
2017-05-09,9.78,9.8679,9.4167,9.54,9.54,144898,434696,-0.24,-2.45,9.61,"May 09, 17",-0.0245,AENZ
2017-05-08,9.75,10.02,9.54,9.69,9.69,67953,203860,-0.06,-0.61538,9.75,"May 08, 17",-0.0061538,AENZ
2017-05-05,9.6,9.81,9.3,9.66,9.66,61118,183357,0.06,0.625,9.59,"May 05, 17",0.00625,AENZ
2017-05-04,9.72,9.8772,9.48,9.51,9.51,21633,64902,-0.21,-2.16,9.62,"May 04, 17",-0.0216,AENZ
2017-05-03,10.17,10.17,9.36,9.75,9.75,97797,293394,-0.42,-4.13,9.76,"May 03, 17",-0.0413,AENZ
2017-05-02,10.65,10.74,9.84,10.08,10.08,94736,284210,-0.57,-5.35,10.22,"May 02, 17",-0.0535,AENZ
2017-05-01,10.2,10.62,9.9432,10.59,10.59,69650,208952,0.39,3.82,10.38,"May 01, 17",0.0382,AENZ
2017-04-28,9.96,10.5,9.945,10.11,10.11,104620,313862,0.15,1.51,10.19,"April 28, 17",0.0151,AENZ
2017-04-27,10.68,10.71,9.9,9.9,9.9,183862,551588,-0.78,-7.3,10.17,"April 27, 17",-0.073,AENZ
2017-04-26,10.86,11.157,10.2666,10.62,10.62,113854,341564,-0.24,-2.21,10.68,"April 26, 17",-0.0221,AENZ
2017-04-25,11.46,11.67,10.8,10.95,10.95,68436,205309,-0.51,-4.45,11.14,"April 25, 17",-0.0445,AENZ
2017-04-24,11.61,11.85,11.4,11.4,11.4,61573,184720,-0.21,-1.81,11.55,"April 24, 17",-0.0181,AENZ
2017-04-21,11.7,12.0,11.25,11.52,11.52,110826,332479,-0.18,-1.54,11.59,"April 21, 17",-0.0154,AENZ
2017-04-20,11.91,12.18,11.67,11.76,11.76,77401,232204,-0.15,-1.26,11.87,"April 20, 17",-0.0126,AENZ
2017-04-19,11.82,12.237,11.64,11.88,11.88,117400,352202,0.06,0.50761,11.92,"April 19, 17",0.0050761,AENZ
2017-04-18,11.64,11.94,11.5626,11.8179,11.82,83853,251562,0.1779,1.53,11.77,"April 18, 17",0.0153,AENZ
2017-04-17,12.0,12.0,11.46,11.76,11.76,61591,184775,-0.24,-2.0,11.74,"April 17, 17",-0.02,AENZ
2017-04-13,12.0,12.2037,11.58,11.7,11.7,61840,185522,-0.3,-2.5,11.83,"April 13, 17",-0.025,AENZ
2017-04-12,12.45,13.26,12.0,12.09,12.09,64891,194674,-0.36,-2.89,12.45,"April 12, 17",-0.0289,AENZ
2017-04-11,11.97,12.57,11.7,12.54,12.54,118810,356432,0.57,4.76,12.27,"April 11, 17",0.0476,AENZ
2017-04-10,13.35,13.8,10.5,12.09,12.09,455979,1367939,-1.26,-9.44,12.13,"April 10, 17",-0.0944,AENZ
2017-04-07,12.6,13.95,12.33,13.5,13.5,417352,1252059,0.9,7.14,13.26,"April 07, 17",0.0714,AENZ
2017-04-06,11.01,13.26,11.01,12.63,12.63,540171,1620516,1.62,14.71,12.3,"April 06, 17",0.1471,AENZ
2017-04-05,11.07,11.4462,10.881,11.1,11.1,215765,647296,0.03,0.271,11.14,"April 05, 17",0.00271,AENZ
2017-04-04,10.41,11.1,10.1142,10.98,10.98,274602,823809,0.57,5.48,10.73,"April 04, 17",0.0548,AENZ
2017-04-03,9.45,10.95,9.336,10.32,10.32,339820,1019463,0.87,9.21,10.2,"April 03, 17",0.0921,AENZ
2017-03-31,9.09,9.45,8.9535,9.387,9.39,57087,171262,0.297,3.27,9.26,"March 31, 17",0.0327,AENZ
2017-03-30,9.03,9.2994,8.85,9.06,9.06,76751,230254,0.03,0.33223,9.07,"March 30, 17",0.0033223,AENZ
2017-03-29,9.27,9.96,8.733,9.09,9.09,201628,604885,-0.18,-1.94,9.26,"March 29, 17",-0.0194,AENZ
2017-03-28,8.22,9.33,8.01,9.06,9.06,467439,1402319,0.84,10.22,8.8,"March 28, 17",0.1022,AENZ
2017-03-27,7.89,8.55,7.6809,8.04,8.04,260047,780144,0.15,1.9,8.09,"March 27, 17",0.019,AENZ
2017-03-24,6.84,7.77,6.78,7.74,7.74,214080,642243,0.9,13.16,7.43,"March 24, 17",0.1316,AENZ
2017-03-23,6.63,7.02,6.6,6.78,6.78,115258,345777,0.15,2.26,6.8,"March 23, 17",0.0226,AENZ
2017-03-22,6.63,6.75,6.555,6.6,6.6,93690,281073,-0.03,-0.45249,6.64,"March 22, 17",-0.0045249,AENZ
2017-03-21,6.57,6.87,6.48,6.57,6.57,91716,275151,0.0,0.0,6.64,"March 21, 17",0.0,AENZ
2017-03-20,6.57,6.84,6.48,6.51,6.51,124526,373579,-0.06,-0.91324,6.61,"March 20, 17",-0.0091324,AENZ
2017-03-17,6.63,6.87,6.51,6.6,6.6,232726,698181,-0.03,-0.45249,6.66,"March 17, 17",-0.0045249,AENZ
2017-03-16,6.54,6.96,6.48,6.57,6.57,259391,778175,0.03,0.45872,6.67,"March 16, 17",0.0045872,AENZ
2017-03-15,6.9,7.02,6.5385,6.54,6.54,217480,652443,-0.36,-5.22,6.7,"March 15, 17",-0.0522,AENZ
2017-03-14,7.32,7.32,6.8058,6.8703,6.87,117487,352463,-0.4497,-6.14,7.0,"March 14, 17",-0.0614,AENZ
2017-03-13,7.8,7.8633,7.23,7.38,7.38,196233,588701,-0.42,-5.38,7.49,"March 13, 17",-0.0538,AENZ
2017-03-10,7.68,7.95,7.5,7.83,7.83,151099,453298,0.15,1.95,7.76,"March 10, 17",0.0195,AENZ
2017-03-09,7.68,8.16,7.56,7.68,7.68,127496,382490,0.0,0.0,7.8,"March 09, 17",0.0,AENZ
2017-03-08,7.8,8.175,7.62,7.68,7.68,71437,214314,-0.12,-1.54,7.83,"March 08, 17",-0.0154,AENZ
2017-03-07,8.37,8.37,7.56,7.77,7.77,124267,372804,-0.6,-7.17,7.9,"March 07, 17",-0.0717,AENZ
2017-03-06,8.79,8.97,8.28,8.34,8.34,71805,215416,-0.45,-5.12,8.53,"March 06, 17",-0.0512,AENZ
2017-03-03,8.85,8.88,8.46,8.67,8.67,80872,242618,-0.18,-2.03,8.67,"March 03, 17",-0.0203,AENZ
2017-03-02,8.82,8.97,8.22,8.82,8.82,165439,496320,0.0,0.0,8.67,"March 02, 17",0.0,AENZ
2017-03-01,8.97,9.5097,8.7,8.82,8.82,463674,1391025,-0.15,-1.67,9.01,"March 01, 17",-0.0167,AENZ
2017-02-28,7.5,9.69,7.3197,8.7,8.7,751368,2254105,1.2,16.0,8.57,"February 28, 17",0.16,AENZ
2017-02-27,9.93,10.11,6.6,7.32,7.32,1502932,4508799,-2.61,-26.28,8.01,"February 27, 17",-0.2628,AENZ
2017-02-24,15.12,15.3,9.09,9.96,9.96,648920,1946763,-5.16,-34.13,11.45,"February 24, 17",-0.3413,AENZ
2017-02-23,15.66,15.69,15.0,15.27,15.27,70719,212158,-0.39,-2.49,15.32,"February 23, 17",-0.0249,AENZ
2017-02-22,15.66,15.7179,15.6,15.63,15.63,89616,268851,-0.03,-0.19157,15.65,"February 22, 17",-0.0019157,AENZ
2017-02-21,15.45,15.6897,15.45,15.6,15.6,86619,259858,0.15,0.97087,15.58,"February 21, 17",0.0097087,AENZ
2017-02-17,14.91,15.45,14.88,15.33,15.33,42436,127311,0.42,2.82,15.22,"February 17, 17",0.0282,AENZ
2017-02-16,14.85,15.0,14.85,14.97,14.97,47753,143261,0.12,0.80808,14.94,"February 16, 17",0.0080808,AENZ
2017-02-15,14.64,14.97,14.64,14.91,14.91,39787,119364,0.27,1.84,14.84,"February 15, 17",0.0184,AENZ
2017-02-14,14.37,14.7,14.37,14.61,14.61,43732,131198,0.24,1.67,14.56,"February 14, 17",0.0167,AENZ
2017-02-13,14.19,14.61,14.19,14.4576,14.46,49543,148630,0.2676,1.89,14.42,"February 13, 17",0.0189,AENZ
2017-02-10,13.98,14.31,13.98,14.13,14.13,57257,171773,0.15,1.07,14.14,"February 10, 17",0.0107,AENZ
2017-02-09,14.1,14.115,13.86,14.07,14.07,58436,175311,-0.03,-0.21277,14.02,"February 09, 17",-0.0021277,AENZ
2017-02-08,13.98,14.19,13.95,14.04,14.04,38611,115834,0.06,0.42918,14.06,"February 08, 17",0.0042918,AENZ
2017-02-07,14.31,14.31,13.95,14.01,14.01,50550,151653,-0.3,-2.1,14.09,"February 07, 17",-0.021,AENZ
2017-02-06,13.53,14.46,13.53,14.37,14.37,68907,206722,0.84,6.21,14.12,"February 06, 17",0.0621,AENZ
2017-02-03,14.13,14.13,13.74,13.95,13.95,83875,251627,-0.18,-1.27,13.94,"February 03, 17",-0.0127,AENZ
2017-02-02,13.77,14.31,13.65,14.13,14.13,101440,304322,0.36,2.61,14.03,"February 02, 17",0.0261,AENZ
2017-02-01,13.65,13.77,13.44,13.71,13.71,99403,298212,0.06,0.43956,13.64,"February 01, 17",0.0043956,AENZ
2017-01-31,13.74,14.037,13.44,13.53,13.53,138196,414591,-0.21,-1.53,13.67,"January 31, 17",-0.0153,AENZ
2017-01-30,14.28,14.67,13.05,13.92,13.92,159720,479163,-0.36,-2.52,13.88,"January 30, 17",-0.0252,AENZ
2017-01-27,15.3,15.57,13.92,14.28,14.28,156284,468855,-1.02,-6.67,14.59,"January 27, 17",-0.0667,AENZ
2017-01-26,15.27,16.17,14.88,15.78,15.78,180735,542207,0.51,3.34,15.61,"January 26, 17",0.0334,AENZ
2017-01-25,15.84,16.95,13.83,16.14,16.139999,234682,704047,0.3,1.89,15.64,"January 25, 17",0.0189,AENZ
2017-01-24,13.62,16.17,13.62,15.87,15.87,302929,908790,2.25,16.52,15.22,"January 24, 17",0.1652,AENZ
2017-01-23,13.8,13.95,13.353,13.5,13.5,21517,64554,-0.3,-2.17,13.6,"January 23, 17",-0.0217,AENZ
2017-01-20,14.16,14.22,13.644,13.77,13.77,137253,411760,-0.39,-2.75,13.88,"January 20, 17",-0.0275,AENZ
2017-01-19,14.52,15.09,13.9893,14.04,14.04,96021,288065,-0.48,-3.31,14.37,"January 19, 17",-0.0331,AENZ
2017-01-18,14.7,14.7,14.46,14.55,14.55,23171,69515,-0.15,-1.02,14.57,"January 18, 17",-0.0102,AENZ
2017-01-17,13.83,15.06,13.83,14.58,14.58,156440,469323,0.75,5.42,14.49,"January 17, 17",0.0542,AENZ
2017-01-13,14.82,14.85,13.2,14.4,14.4,218897,656692,-0.42,-2.83,14.15,"January 13, 17",-0.0283,AENZ
2017-01-12,15.33,15.462,12.69,13.23,13.23,264774,794323,-2.1,-13.7,13.79,"January 12, 17",-0.137,AENZ
2017-01-11,17.34,17.34,14.8167,15.06,15.06,139823,419470,-2.28,-13.15,15.74,"January 11, 17",-0.1315,AENZ
2017-01-10,17.16,17.58,16.9737,17.28,17.280001,92313,276942,0.12,0.6993,17.28,"January 10, 17",0.006993,AENZ
2017-01-09,18.27,18.69,16.95,17.46,17.459999,113668,341005,-0.81,-4.43,17.7,"January 09, 17",-0.0443,AENZ
2017-01-06,18.84,19.17,18.33,18.54,18.540001,13532,40599,-0.3,-1.59,18.68,"January 06, 17",-0.0159,AENZ
2017-01-05,19.98,20.04,18.69,19.02,19.02,90617,271854,-0.96,-4.8,19.25,"January 05, 17",-0.048,AENZ
2017-01-04,20.52,20.7159,19.29,20.04,20.040001,42334,127004,-0.48,-2.34,20.02,"January 04, 17",-0.0234,AENZ
2017-01-03,21.45,21.63,20.4303,20.64,20.639999,62422,187269,-0.81,-3.78,20.9,"January 03, 17",-0.0378,AENZ
2016-12-30,21.36,21.6,20.781,21.45,21.450001,10361,31085,0.09,0.42135,21.28,"December 30, 16",0.0042135,AENZ
2016-12-29,21.24,21.63,21.24,21.51,21.51,18690,56073,0.27,1.27,21.46,"December 29, 16",0.0127,AENZ
2016-12-28,21.66,21.66,21.24,21.24,21.24,26701,80104,-0.42,-1.94,21.38,"December 28, 16",-0.0194,AENZ
2016-12-27,22.14,22.2,20.91,21.66,21.66,39339,118018,-0.48,-2.17,21.59,"December 27, 16",-0.0217,AENZ
2016-12-23,22.11,22.41,21.87,22.29,22.290001,14701,44105,0.18,0.81411,22.19,"December 23, 16",0.0081411,AENZ
2016-12-22,22.62,22.8,22.2,22.29,22.290001,36565,109698,-0.33,-1.46,22.43,"December 22, 16",-0.0146,AENZ
2016-12-21,20.94,23.91,20.94,22.65,22.65,185074,555224,1.71,8.17,22.5,"December 21, 16",0.0817,AENZ
2016-12-20,20.31,20.37,20.13,20.25,20.25,27801,83405,-0.06,-0.29542,20.25,"December 20, 16",-0.0029542,AENZ
2016-12-19,20.49,20.49,19.8303,20.22,20.219999,37210,111631,-0.27,-1.32,20.18,"December 19, 16",-0.0132,AENZ
2016-12-16,20.25,20.55,19.98,20.28,20.280001,57189,171570,0.03,0.14815,20.27,"December 16, 16",0.0014815,AENZ
2016-12-15,19.92,20.4,19.86,20.34,20.34,35056,105171,0.42,2.11,20.2,"December 15, 16",0.0211,AENZ
2016-12-14,20.07,20.07,19.8,20.01,20.01,39187,117562,-0.06,-0.29895,19.96,"December 14, 16",-0.0029895,AENZ
2016-12-13,20.07,20.1,19.92,20.0367,20.040001,12207,36622,-0.0333,-0.16592,20.02,"December 13, 16",-0.0016592,AENZ
2016-12-12,20.13,20.16,19.92,20.04,20.040001,23726,71179,-0.09,-0.44709,20.04,"December 12, 16",-0.0044709,AENZ
2016-12-09,19.71,20.1,19.71,20.07,20.07,22197,66593,0.36,1.83,19.96,"December 09, 16",0.0183,AENZ
2016-12-08,19.8,20.07,19.8,19.92,19.92,4741,14224,0.12,0.60606,19.93,"December 08, 16",0.0060606,AENZ
2016-12-07,19.95,20.01,19.77,19.83,19.83,29931,89796,-0.12,-0.6015,19.87,"December 07, 16",-0.006015,AENZ
2016-12-06,19.68,20.1,19.68,19.8,19.799999,125634,376903,0.12,0.60976,19.86,"December 06, 16",0.0060976,AENZ
2016-12-05,19.71,19.92,19.2,19.8,19.799999,92073,276222,0.09,0.45662,19.64,"December 05, 16",0.0045662,AENZ
2016-12-02,19.38,19.92,19.29,19.68,19.68,39471,118415,0.3,1.55,19.63,"December 02, 16",0.0155,AENZ
2016-12-01,19.41,20.19,19.0521,19.44,19.440001,90751,272255,0.03,0.15456,19.56,"December 01, 16",0.0015456,AENZ
2016-11-30,18.99,19.35,18.303,19.29,19.290001,124433,373301,0.3,1.58,18.98,"November 30, 16",0.0158,AENZ
2016-11-29,19.35,19.59,18.48,19.05,19.049999,87356,262071,-0.3,-1.55,19.04,"November 29, 16",-0.0155,AENZ
2016-11-28,19.62,20.025,19.23,19.53,19.530001,254760,764283,-0.09,-0.45872,19.6,"November 28, 16",-0.0045872,AENZ
2016-11-25,19.44,19.95,19.08,19.5,19.5,64587,193764,0.06,0.30864,19.51,"November 25, 16",0.0030864,AENZ
2016-11-23,20.85,21.465,19.26,19.98,19.98,202730,608192,-0.87,-4.17,20.24,"November 23, 16",-0.0417,AENZ
2016-11-22,21.57,22.17,21.0,21.21,21.209999,39700,119103,-0.36,-1.67,21.46,"November 22, 16",-0.0167,AENZ
2016-11-21,22.5,22.935,21.45,21.75,21.75,87764,263293,-0.75,-3.33,22.05,"November 21, 16",-0.0333,AENZ
2016-11-18,22.98,23.3343,20.613,20.7,20.700001,26275,78826,-2.28,-9.92,21.55,"November 18, 16",-0.0992,AENZ
2016-11-17,24.21,24.45,23.01,23.07,23.07,14099,42299,-1.14,-4.71,23.51,"November 17, 16",-0.0471,AENZ
2016-11-16,24.42,24.72,24.0,24.33,24.33,37683,113050,-0.09,-0.36855,24.35,"November 16, 16",-0.0036855,AENZ
2016-11-15,24.93,25.32,24.45,24.66,24.66,16950,50851,-0.27,-1.08,24.81,"November 15, 16",-0.0108,AENZ
2016-11-14,25.8,25.8,24.75,24.9,24.9,20901,62705,-0.9,-3.49,25.15,"November 14, 16",-0.0349,AENZ
2016-11-11,25.35,25.5,25.05,25.38,25.379999,19916,59750,0.03,0.11834,25.31,"November 11, 16",0.0011834,AENZ
2016-11-10,25.26,25.5,25.05,25.41,25.41,7210,21631,0.15,0.59382,25.32,"November 10, 16",0.0059382,AENZ
2016-11-09,25.05,25.53,24.9,25.29,25.290001,31998,95996,0.24,0.95808,25.24,"November 09, 16",0.0095808,AENZ
2016-11-08,25.38,25.5501,25.2,25.35,25.35,2317,6954,-0.03,-0.1182,25.37,"November 08, 16",-0.001182,AENZ
2016-11-07,25.95,25.95,25.2,25.41,25.41,12784,38355,-0.54,-2.08,25.52,"November 07, 16",-0.0208,AENZ
2016-11-04,25.02,25.8,24.96,25.59,25.59,14158,42477,0.57,2.28,25.45,"November 04, 16",0.0228,AENZ
2016-11-03,24.72,25.32,24.72,24.99,24.99,35966,107899,0.27,1.09,25.01,"November 03, 16",0.0109,AENZ
2016-11-02,24.54,25.17,24.1173,24.69,24.690001,20161,60485,0.15,0.61125,24.66,"November 02, 16",0.0061125,AENZ
2016-11-01,25.08,25.14,24.6,24.72,24.719999,25892,77678,-0.36,-1.44,24.82,"November 01, 16",-0.0144,AENZ
2016-10-31,25.44,25.77,24.75,25.02,25.02,24717,74153,-0.42,-1.65,25.18,"October 31, 16",-0.0165,AENZ
2016-10-28,24.6,25.38,24.0,25.14,25.139999,73554,220664,0.54,2.2,24.84,"October 28, 16",0.022,AENZ
2016-10-27,26.04,26.1,24.9,24.99,24.99,25329,75989,-1.05,-4.03,25.33,"October 27, 16",-0.0403,AENZ
2016-10-26,25.83,25.98,25.56,25.83,25.83,21080,63243,0.0,0.0,25.79,"October 26, 16",0.0,AENZ
2016-10-25,26.13,26.16,25.86,25.98,25.98,14598,43797,-0.15,-0.57405,26.0,"October 25, 16",-0.0057405,AENZ
2016-10-24,25.8,26.16,25.5,26.01,26.01,17347,52044,0.21,0.81395,25.89,"October 24, 16",0.0081395,AENZ
2016-10-21,25.65,25.98,25.62,25.83,25.83,14593,43781,0.18,0.70175,25.81,"October 21, 16",0.0070175,AENZ
2016-10-20,25.53,25.68,25.2,25.68,25.68,29856,89570,0.15,0.58754,25.52,"October 20, 16",0.0058754,AENZ
2016-10-19,25.74,25.875,25.35,25.53,25.530001,33765,101298,-0.21,-0.81585,25.58,"October 19, 16",-0.0081585,AENZ
2016-10-18,25.89,25.92,25.44,25.56,25.559999,26709,80129,-0.33,-1.27,25.64,"October 18, 16",-0.0127,AENZ
2016-10-17,25.2,25.77,24.96,25.5,25.5,27559,82679,0.3,1.19,25.41,"October 17, 16",0.0119,AENZ
2016-10-14,25.08,25.395,24.5946,25.11,25.110001,46520,139563,0.03,0.11962,25.03,"October 14, 16",0.0011962,AENZ
2016-10-13,24.75,25.11,24.63,24.84,24.84,14216,42651,0.09,0.36364,24.86,"October 13, 16",0.0036364,AENZ
2016-10-12,25.2,25.83,24.93,25.05,25.049999,38828,116486,-0.15,-0.59524,25.27,"October 12, 16",-0.0059524,AENZ
2016-10-11,25.02,26.1,24.78,25.32,25.32,32759,98278,0.3,1.2,25.4,"October 11, 16",0.012,AENZ
2016-10-10,25.32,25.44,24.87,25.14,25.139999,4448,13346,-0.18,-0.7109,25.15,"October 10, 16",-0.007109,AENZ
2016-10-07,25.17,25.29,24.81,24.84,24.84,20713,62141,-0.33,-1.31,24.98,"October 07, 16",-0.0131,AENZ
2016-10-06,24.96,25.26,24.72,25.2,25.200001,8501,25506,0.24,0.96154,25.06,"October 06, 16",0.0096154,AENZ
2016-10-05,25.11,25.35,24.81,25.23,25.23,18590,55771,0.12,0.4779,25.13,"October 05, 16",0.004779,AENZ
2016-10-04,24.96,25.2147,24.75,24.93,24.93,9090,27272,-0.03,-0.12019,24.96,"October 04, 16",-0.0012019,AENZ
2016-10-03,24.9,25.56,24.4092,25.11,25.110001,32018,96055,0.21,0.84337,25.03,"October 03, 16",0.0084337,AENZ
2016-09-30,25.29,25.5,24.18,25.02,25.02,33433,100302,-0.27,-1.07,24.9,"September 30, 16",-0.0107,AENZ
2016-09-29,24.84,25.26,24.84,24.99,24.99,3681,11045,0.15,0.60386,25.03,"September 29, 16",0.0060386,AENZ
2016-09-28,25.08,25.71,24.9,25.23,25.23,4516,13550,0.15,0.59809,25.28,"September 28, 16",0.0059809,AENZ
2016-09-27,24.84,25.29,24.45,25.23,25.23,6220,18661,0.39,1.57,24.99,"September 27, 16",0.0157,AENZ
2016-09-26,24.72,25.26,24.48,24.87,24.870001,3171,9515,0.15,0.6068,24.87,"September 26, 16",0.006068,AENZ
2016-09-23,25.71,25.71,24.78,25.14,25.139999,25371,76116,-0.57,-2.22,25.21,"September 23, 16",-0.0222,AENZ
2016-09-22,25.6554,26.1,25.6554,25.8,25.799999,23983,71952,0.1446,0.56362,25.85,"September 22, 16",0.0056362,AENZ
2016-09-21,25.62,25.95,25.2,25.89,25.889999,26568,79706,0.27,1.05,25.68,"September 21, 16",0.0105,AENZ
2016-09-20,25.23,25.755,24.93,25.56,25.559999,16037,48114,0.33,1.31,25.42,"September 20, 16",0.0131,AENZ
2016-09-19,24.9,25.68,24.84,25.17,25.17,15997,47992,0.27,1.08,25.23,"September 19, 16",0.0108,AENZ
2016-09-16,26.13,26.13,24.57,24.78,24.780001,24614,73843,-1.35,-5.17,25.16,"September 16, 16",-0.0517,AENZ
2016-09-15,25.41,26.3097,25.02,26.1,26.1,30017,90053,0.69,2.72,25.81,"September 15, 16",0.0272,AENZ
2016-09-14,25.47,25.8,24.93,25.44,25.440001,71929,215790,-0.03,-0.11779,25.39,"September 14, 16",-0.0011779,AENZ
2016-09-13,25.35,25.62,24.48,25.2,25.200001,51247,153743,-0.15,-0.59172,25.1,"September 13, 16",-0.0059172,AENZ
2016-09-12,24.24,25.8,23.7,25.59,25.59,53128,159386,1.35,5.57,25.03,"September 12, 16",0.0557,AENZ
2016-09-09,25.26,25.35,24.57,24.81,24.809999,12367,37104,-0.45,-1.78,24.91,"September 09, 16",-0.0178,AENZ
2016-09-08,26.01,26.1,25.38,25.62,25.620001,17540,52621,-0.39,-1.5,25.7,"September 08, 16",-0.015,AENZ
2016-09-07,25.29,25.98,25.2297,25.83,25.83,26455,79367,0.54,2.14,25.68,"September 07, 16",0.0214,AENZ
2016-09-06,24.84,25.47,24.27,25.47,25.469999,44437,133312,0.63,2.54,25.07,"September 06, 16",0.0254,AENZ
2016-09-02,24.57,24.84,24.42,24.5997,24.6,12371,37114,0.0297,0.12088,24.62,"September 02, 16",0.0012088,AENZ
2016-09-01,24.39,24.42,24.0303,24.3,24.299999,15096,45290,-0.09,-0.369,24.25,"September 01, 16",-0.00369,AENZ
2016-08-31,24.15,24.9,23.22,24.45,24.450001,38167,114502,0.3,1.24,24.19,"August 31, 16",0.0124,AENZ
2016-08-30,24.69,24.93,24.33,24.54,24.540001,29225,87677,-0.15,-0.60753,24.6,"August 30, 16",-0.0060753,AENZ
2016-08-29,23.91,24.9,23.91,24.69,24.690001,29196,87589,0.78,3.26,24.5,"August 29, 16",0.0326,AENZ
2016-08-26,24.24,24.96,23.61,24.03,24.030001,24576,73731,-0.21,-0.86634,24.2,"August 26, 16",-0.0086634,AENZ
2016-08-25,24.45,24.9,23.37,24.45,24.450001,45974,137925,0.0,0.0,24.24,"August 25, 16",0.0,AENZ
2016-08-24,25.26,25.77,24.48,24.72,24.719999,46636,139910,-0.54,-2.14,24.99,"August 24, 16",-0.0214,AENZ
2016-08-23,25.35,25.98,25.32,25.5,25.5,65261,195785,0.15,0.59172,25.6,"August 23, 16",0.0059172,AENZ
2016-08-22,26.19,26.55,24.84,25.35,25.35,50706,152121,-0.84,-3.21,25.58,"August 22, 16",-0.0321,AENZ
2016-08-19,26.07,26.49,25.56,26.13,26.129999,22691,68075,0.06,0.23015,26.06,"August 19, 16",0.0023015,AENZ
2016-08-18,26.34,26.4,25.92,26.16,26.16,12631,37895,-0.18,-0.68337,26.16,"August 18, 16",-0.0068337,AENZ
2016-08-17,26.16,26.55,25.65,26.28,26.280001,12544,37635,0.12,0.45872,26.16,"August 17, 16",0.0045872,AENZ
2016-08-16,26.34,26.52,25.83,26.22,26.219999,21931,65796,-0.12,-0.45558,26.19,"August 16, 16",-0.0045558,AENZ
2016-08-15,25.8,26.88,25.6374,26.37,26.370001,24104,72314,0.57,2.21,26.3,"August 15, 16",0.0221,AENZ
2016-08-12,25.92,26.67,25.35,25.74,25.74,124713,374142,-0.18,-0.69444,25.92,"August 12, 16",-0.0069444,AENZ
2016-08-11,25.5,25.8,25.2603,25.71,25.709999,21342,64028,0.21,0.82353,25.59,"August 11, 16",0.0082353,AENZ
2016-08-10,25.26,25.44,25.17,25.29,25.290001,31274,93824,0.03,0.11876,25.3,"August 10, 16",0.0011876,AENZ
2016-08-09,25.26,25.44,24.84,25.11,25.110001,43961,131886,-0.15,-0.59382,25.13,"August 09, 16",-0.0059382,AENZ
2016-08-08,24.69,25.497,24.69,25.17,25.17,44464,133393,0.48,1.94,25.12,"August 08, 16",0.0194,AENZ
2016-08-05,25.11,25.38,24.648,24.84,24.84,76824,230473,-0.27,-1.08,24.96,"August 05, 16",-0.0108,AENZ
2016-08-04,24.42,24.84,24.0,24.75,24.75,641566,1924701,0.33,1.35,24.53,"August 04, 16",0.0135,AENZ
2016-08-03,23.43,24.6588,23.43,24.15,24.15,48862,146587,0.72,3.07,24.08,"August 03, 16",0.0307,AENZ
2016-08-02,22.86,23.91,22.83,23.67,23.67,58336,175011,0.81,3.54,23.47,"August 02, 16",0.0354,AENZ
2016-08-01,24.45,24.45,22.23,23.25,23.25,66638,199915,-1.2,-4.91,23.31,"August 01, 16",-0.0491,AENZ
2016-07-29,23.76,24.57,23.1,24.45,24.450001,26280,78842,0.69,2.9,24.04,"July 29, 16",0.029,AENZ
2016-07-28,23.07,23.8833,23.07,23.49,23.49,23347,70043,0.42,1.82,23.48,"July 28, 16",0.0182,AENZ
2016-07-27,22.2,23.85,22.122,23.28,23.280001,26650,79951,1.08,4.86,23.08,"July 27, 16",0.0486,AENZ
2016-07-26,21.75,22.944,19.11,22.62,22.620001,38911,116735,0.87,4.0,21.56,"July 26, 16",0.04,AENZ
2016-07-25,23.13,23.13,22.05,22.11,22.110001,14625,43876,-1.02,-4.41,22.43,"July 25, 16",-0.0441,AENZ
2016-07-22,22.32,23.1,21.303,22.68,22.68,46432,139297,0.36,1.61,22.36,"July 22, 16",0.0161,AENZ
2016-07-21,22.77,23.052,22.14,22.59,22.59,34844,104533,-0.18,-0.79051,22.59,"July 21, 16",-0.0079051,AENZ
2016-07-20,23.07,23.79,22.8,23.13,23.129999,21698,65097,0.06,0.26008,23.24,"July 20, 16",0.0026008,AENZ
2016-07-19,23.13,23.4,22.56,23.28,23.280001,17208,51627,0.15,0.64851,23.08,"July 19, 16",0.0064851,AENZ
2016-07-18,23.07,24.39,23.07,23.46,23.459999,69247,207744,0.39,1.69,23.64,"July 18, 16",0.0169,AENZ
2016-07-15,22.38,23.1,22.2,22.95,22.950001,80775,242326,0.57,2.55,22.75,"July 15, 16",0.0255,AENZ
2016-07-14,22.05,22.71,21.9,22.38,22.379999,46776,140331,0.33,1.5,22.33,"July 14, 16",0.015,AENZ
2016-07-13,22.17,23.04,21.99,22.26,22.26,23929,71788,0.09,0.40595,22.43,"July 13, 16",0.0040595,AENZ
2016-07-12,21.33,23.4,21.33,22.14,22.139999,91422,274269,0.81,3.8,22.29,"July 12, 16",0.038,AENZ
2016-07-11,21.72,21.75,21.36,21.39,21.389999,24648,73947,-0.33,-1.52,21.5,"July 11, 16",-0.0152,AENZ
2016-07-08,21.69,21.69,21.09,21.54,21.540001,16319,48960,-0.15,-0.69156,21.44,"July 08, 16",-0.0069156,AENZ
2016-07-07,21.27,21.63,20.79,21.3,21.299999,19924,59774,0.03,0.14104,21.24,"July 07, 16",0.0014104,AENZ
2016-07-06,21.3,21.75,20.49,21.51,21.51,24452,73357,0.21,0.98592,21.25,"July 06, 16",0.0098592,AENZ
2016-07-05,21.57,22.05,21.0,21.63,21.629999,15044,45134,0.06,0.27816,21.56,"July 05, 16",0.0027816,AENZ
2016-07-01,21.54,22.29,21.33,21.72,21.719999,50106,150319,0.18,0.83565,21.78,"July 01, 16",0.0083565,AENZ
2016-06-30,21.3,21.51,20.88,21.42,21.42,26494,79483,0.12,0.56338,21.27,"June 30, 16",0.0056338,AENZ
2016-06-29,20.64,21.48,20.4,21.27,21.27,9396,28190,0.63,3.05,21.05,"June 29, 16",0.0305,AENZ
2016-06-28,20.16,20.58,20.1,20.25,20.25,18282,54848,0.09,0.44643,20.31,"June 28, 16",0.0044643,AENZ
2016-06-27,20.19,20.19,18.69,19.98,19.98,53052,159159,-0.21,-1.04,19.62,"June 27, 16",-0.0104,AENZ
2016-06-24,20.82,20.82,20.37,20.67,20.67,25283,75851,-0.15,-0.72046,20.62,"June 24, 16",-0.0072046,AENZ
2016-06-23,20.76,21.51,20.76,21.45,21.450001,61003,183011,0.69,3.32,21.24,"June 23, 16",0.0332,AENZ
2016-06-22,20.61,20.91,20.28,20.7,20.700001,10039,30120,0.09,0.43668,20.63,"June 22, 16",0.0043668,AENZ
2016-06-21,20.37,20.85,20.13,20.7,20.700001,23863,71591,0.33,1.62,20.56,"June 21, 16",0.0162,AENZ
2016-06-20,20.91,20.9697,20.4,20.52,20.52,20253,60760,-0.39,-1.87,20.63,"June 20, 16",-0.0187,AENZ
2016-06-17,20.22,20.73,19.83,20.64,20.639999,38992,116977,0.42,2.08,20.4,"June 17, 16",0.0208,AENZ
2016-06-16,20.43,20.49,19.83,20.28,20.280001,45531,136594,-0.15,-0.73421,20.2,"June 16, 16",-0.0073421,AENZ
2016-06-15,19.68,21.0384,19.68,20.52,20.52,41892,125677,0.84,4.27,20.41,"June 15, 16",0.0427,AENZ
2016-06-14,20.61,20.61,19.3503,19.62,19.620001,45357,136072,-0.99,-4.8,19.86,"June 14, 16",-0.048,AENZ
2016-06-13,21.36,21.39,20.4,20.64,20.639999,35751,107256,-0.72,-3.37,20.81,"June 13, 16",-0.0337,AENZ
2016-06-10,21.72,22.05,20.8803,21.39,21.389999,64133,192402,-0.33,-1.52,21.44,"June 10, 16",-0.0152,AENZ
2016-06-09,21.99,22.2,21.0573,21.93,21.93,73393,220182,-0.06,-0.27285,21.73,"June 09, 16",-0.0027285,AENZ
2016-06-08,22.65,22.95,21.72,21.99,21.99,32393,97181,-0.66,-2.91,22.22,"June 08, 16",-0.0291,AENZ
2016-06-07,21.57,22.92,20.643,22.62,22.620001,83564,250694,1.05,4.87,22.06,"June 07, 16",0.0487,AENZ
2016-06-06,21.03,22.3497,20.61,21.51,21.51,52919,158760,0.48,2.28,21.49,"June 06, 16",0.0228,AENZ
2016-06-03,19.38,20.49,19.35,20.34,20.34,40343,121031,0.96,4.95,20.06,"June 03, 16",0.0495,AENZ
2016-06-02,19.2,19.68,18.96,19.44,19.440001,15793,47382,0.24,1.25,19.36,"June 02, 16",0.0125,AENZ
2016-06-01,19.35,19.44,18.813,19.17,19.17,36650,109953,-0.18,-0.93023,19.14,"June 01, 16",-0.0093023,AENZ
2016-05-31,19.74,20.0418,18.12,19.35,19.35,94882,284648,-0.39,-1.98,19.17,"May 31, 16",-0.0198,AENZ
2016-05-27,20.1,20.1,19.65,19.71,19.709999,11315,33946,-0.39,-1.94,19.82,"May 27, 16",-0.0194,AENZ
2016-05-26,20.13,20.34,19.6791,20.01,20.01,22049,66149,-0.12,-0.59613,20.01,"May 26, 16",-0.0059613,AENZ
2016-05-25,20.91,20.91,19.8,20.34,20.34,42985,128958,-0.57,-2.73,20.35,"May 25, 16",-0.0273,AENZ
2016-05-24,21.3,21.33,20.3097,20.7,20.700001,36666,109999,-0.6,-2.82,20.78,"May 24, 16",-0.0282,AENZ
2016-05-23,20.31,21.6,19.05,20.97,20.969999,129960,389881,0.66,3.25,20.54,"May 23, 16",0.0325,AENZ
2016-05-20,19.23,20.07,19.23,19.71,19.709999,13101,39305,0.48,2.5,19.67,"May 20, 16",0.025,AENZ
2016-05-19,19.32,19.53,18.57,19.26,19.26,14494,43484,-0.06,-0.31056,19.12,"May 19, 16",-0.0031056,AENZ
2016-05-18,19.47,19.98,19.05,19.23,19.23,42997,128993,-0.24,-1.23,19.42,"May 18, 16",-0.0123,AENZ
2016-05-17,19.47,19.86,19.47,19.71,19.709999,16674,50024,0.24,1.23,19.68,"May 17, 16",0.0123,AENZ
2016-05-16,19.53,20.25,19.5,19.53,19.530001,47033,141102,0.0,0.0,19.76,"May 16, 16",0.0,AENZ
2016-05-13,19.92,20.3697,19.26,19.47,19.469999,49101,147305,-0.45,-2.26,19.7,"May 13, 16",-0.0226,AENZ
2016-05-12,19.71,19.9905,19.29,19.44,19.440001,32764,98293,-0.27,-1.37,19.57,"May 12, 16",-0.0137,AENZ
2016-05-11,20.04,20.31,19.5,19.59,19.59,41367,124104,-0.45,-2.25,19.8,"May 11, 16",-0.0225,AENZ
2016-05-10,19.05,20.4,18.36,20.22,20.219999,33446,100339,1.17,6.14,19.66,"May 10, 16",0.0614,AENZ
2016-05-09,20.01,20.1,19.11,19.14,19.139999,21307,63922,-0.87,-4.35,19.45,"May 09, 16",-0.0435,AENZ
2016-05-06,19.2,20.25,19.2,20.22,20.219999,77482,232449,1.02,5.31,19.89,"May 06, 16",0.0531,AENZ
2016-05-05,19.14,19.71,18.96,19.02,19.02,23338,70015,-0.12,-0.62696,19.23,"May 05, 16",-0.0062696,AENZ
2016-05-04,19.44,19.95,19.08,19.2,19.200001,32603,97811,-0.24,-1.23,19.41,"May 04, 16",-0.0123,AENZ
2016-05-03,20.58,20.7,19.5,19.56,19.559999,44100,132303,-1.02,-4.96,19.92,"May 03, 16",-0.0496,AENZ
2016-05-02,20.52,20.97,20.202,20.58,20.58,48905,146716,0.06,0.2924,20.58,"May 02, 16",0.002924,AENZ
2016-04-29,21.3,22.2,20.46,20.67,20.67,62112,186338,-0.63,-2.96,21.11,"April 29, 16",-0.0296,AENZ
2016-04-28,21.18,22.29,21.03,21.57,21.57,49854,149563,0.39,1.84,21.63,"April 28, 16",0.0184,AENZ
2016-04-27,20.79,21.63,20.598,21.06,21.059999,48233,144700,0.27,1.3,21.1,"April 27, 16",0.013,AENZ
2016-04-26,20.58,21.12,20.25,21.0,21.0,62934,188804,0.42,2.04,20.79,"April 26, 16",0.0204,AENZ
2016-04-25,20.7981362606,21.0952524929,20.0553456799,20.7090013909,20.697001,31260,93782,-0.08913487,-0.42857,20.62,"April 25, 16",-0.0042857,AENZ
2016-04-22,21.9271779433,22.016312813,19.6096713314,20.7981362606,20.786083,104045,312138,-1.12904,-5.15,20.81,"April 22, 16",-0.0515,AENZ
2016-04-21,21.7786198272,23.1450573795,21.4220803484,21.7786198272,21.765999,57030,171092,0.0,0.0,22.12,"April 21, 16",0.0,AENZ
2016-04-20,22.8482382634,22.8779498867,21.2452961902,21.9568895666,21.944166,102165,306498,-0.8913487,-3.9,22.03,"April 20, 16",-0.039,AENZ
2016-04-19,19.6690945779,23.8584334533,19.6690945779,22.6996801473,22.686525,280915,842747,3.03059,15.41,22.08,"April 19, 16",0.1541,AENZ
2016-04-18,18.5697645184,19.7285178244,18.005243677,19.4908248385,19.47953,96675,290027,0.92106032,4.96,19.07,"April 18, 16",0.0496,AENZ
2016-04-15,17.8566855609,18.6886110113,17.3812995892,18.4509180255,18.440226,272392,817177,0.59423246,3.33,18.17,"April 15, 16",0.0333,AENZ
2016-04-14,17.7972623144,18.4212064023,17.5595693286,18.005243677,17.99481,207873,623622,0.20798136,1.17,18.0,"April 14, 16",0.0117,AENZ
2016-04-13,16.8762019943,18.3320715326,16.8762019943,17.7972623144,17.786947,352743,1058231,0.92106032,5.46,17.67,"April 13, 16",0.0546,AENZ
2016-04-12,14.7369651218,16.9356252408,14.4101372663,16.8762019943,16.866423,253697,761092,2.13924,14.52,16.07,"April 12, 16",0.1452,AENZ
2016-04-11,12.2411887705,15.3906208329,12.2411887705,14.7369651218,14.728425,383603,1150811,2.49578,20.39,14.12,"April 11, 16",0.2039,AENZ
2016-04-08,11.6766679292,11.9440725382,10.8845560539,11.6766679292,11.669901,125298,375895,0.0,0.0,11.5,"April 08, 16",0.0,AENZ
2016-04-07,12.1223422776,12.2709003938,11.3201284504,11.7063795524,11.699595,15411,46236,-0.41596273,-3.43,11.77,"April 07, 16",-0.0343,AENZ
2016-04-06,12.7462863654,13.2810955836,12.2114771473,12.300612017,12.293484,30830,92491,-0.44567435,-3.5,12.6,"April 06, 16",-0.035,AENZ
2016-04-05,12.300612017,12.5383050028,12.1817655241,12.5383050028,12.531039,30662,91988,0.23769299,1.93,12.42,"April 05, 16",0.0193,AENZ
2016-04-04,12.3303236402,12.7165747422,12.1817655241,12.4491701331,12.441956,38001,114006,0.11884649,0.96386,12.45,"April 04, 16",0.0096386,AENZ
2016-04-01,11.7658027989,12.4788817564,11.2015790737,12.3897468867,12.382567,206243,618731,0.62394409,5.3,12.02,"April 01, 16",0.053,AENZ
2016-03-31,11.8846492918,12.1773087806,11.7955144221,12.0332074079,12.026234,38777,116332,0.14855812,1.25,12.0,"March 31, 16",0.0125,AENZ
2016-03-30,12.0332074079,12.2114771473,11.8846492918,12.0034957847,11.996539,41992,125977,-0.02971162,-0.24691,12.03,"March 30, 16",-0.0024691,AENZ
2016-03-29,11.2904168272,12.1520539008,10.9933005949,12.0629190312,12.055929,22180,66543,0.7725022,6.84,11.74,"March 29, 16",0.0684,AENZ
2016-03-28,11.8846492918,11.8846492918,11.2012819575,11.4389749433,11.432346,18317,54954,-0.44567435,-3.75,11.51,"March 28, 16",-0.0375,AENZ
2016-03-24,11.3201284504,12.1817655241,10.8893099136,11.528109813,11.52143,72454,217363,0.20798136,1.84,11.53,"March 24, 16",0.0184,AENZ
2016-03-23,11.9440725382,12.0332074079,11.4389749433,11.4389749433,11.432346,12937,38813,-0.50509759,-4.23,11.64,"March 23, 16",-0.0423,AENZ
2016-03-22,11.8252260453,12.0034957847,11.5878301757,11.8549376686,11.848068,19176,57529,0.02971162,0.25126,11.82,"March 22, 16",0.0025126,AENZ
2016-03-21,12.0034957847,12.300612017,11.8549376686,11.9440725382,11.937151,25130,75393,-0.05942325,-0.49505,12.03,"March 21, 16",-0.0049505,AENZ
2016-03-18,11.4389749433,12.1520539008,11.4389749433,11.8549376686,11.848068,96170,288513,0.41596273,3.64,11.82,"March 18, 16",0.0364,AENZ
2016-03-17,11.2904168272,11.8549376686,11.260705204,11.4092633201,11.402652,75157,225472,0.11884649,1.05,11.51,"March 17, 16",0.0105,AENZ
2016-03-16,11.0527238414,11.4389749433,10.874454102,11.260705204,11.254179,19086,57260,0.20798136,1.88,11.19,"March 16, 16",0.0188,AENZ
2016-03-15,11.2012819575,11.4983981898,10.9338773484,10.9635889717,10.957235,13540,40623,-0.23769299,-2.12,11.13,"March 15, 16",-0.0212,AENZ
2016-03-14,11.8549376686,12.0332074079,11.4686865666,11.4686865666,11.46204,17738,53216,-0.3862511,-3.26,11.66,"March 14, 16",-0.0326,AENZ
2016-03-11,11.3795516969,12.0866883297,11.3795516969,11.8846492918,11.877762,23109,69328,0.50509759,4.44,11.78,"March 11, 16",0.0444,AENZ
2016-03-10,12.0926306544,12.4488730169,11.6172446827,11.6172446827,11.610512,29222,87668,-0.47538597,-3.93,11.89,"March 10, 16",-0.0393,AENZ
2016-03-09,11.2904168272,12.2411887705,11.141858711,12.0034957847,11.996539,61284,183853,0.71307896,6.32,11.8,"March 09, 16",0.0632,AENZ
2016-03-08,11.260705204,11.3795516969,10.8447424788,11.3795516969,11.372957,14504,43514,0.11884649,1.06,11.2,"March 08, 16",0.0106,AENZ
2016-03-07,10.5476262465,11.4092633201,10.488203,11.141858711,11.135402,66012,198039,0.59423246,5.63,11.01,"March 07, 16",0.0563,AENZ
2016-03-04,10.874454102,11.0230122181,10.6070494929,10.9338773484,10.927541,48770,146312,0.05942325,0.54645,10.85,"March 04, 16",0.0054645,AENZ
2016-03-03,10.7556076091,10.9635889717,10.6961843626,10.8150308555,10.808764,51154,153463,0.05942325,0.55249,10.82,"March 03, 16",0.0055249,AENZ
2016-03-02,10.9635889717,10.9635889717,10.5773378697,10.6961843626,10.689986,20387,61163,-0.26740461,-2.44,10.75,"March 02, 16",-0.0244,AENZ
2016-03-01,11.2904168272,11.2904168272,10.8150308555,10.874454102,10.868152,55077,165233,-0.41596273,-3.68,10.99,"March 01, 16",-0.0368,AENZ
2016-02-29,11.1121470878,11.1121470878,10.7502595169,10.9041657252,10.897847,13592,40779,-0.20798136,-1.87,10.92,"February 29, 16",-0.0187,AENZ
2016-02-26,10.9933005949,11.2904168272,10.6664727394,10.9041657252,10.897847,23505,70517,-0.08913487,-0.81081,10.95,"February 26, 16",-0.0081081,AENZ
2016-02-25,10.9933005949,11.0824354646,10.672415064,10.9933005949,10.98693,21311,63934,0.0,0.0,10.92,"February 25, 16",0.0,AENZ
2016-02-24,10.9338773484,10.9933005949,10.6177456773,10.9933005949,10.98693,8910,26732,0.05942325,0.54348,10.87,"February 24, 16",0.0054348,AENZ
2016-02-23,11.4092633201,11.5578214363,10.9338773484,10.9338773484,10.927541,26280,78841,-0.47538597,-4.17,11.14,"February 23, 16",-0.0417,AENZ
2016-02-22,11.260705204,11.7360911756,11.1715703343,11.3498400737,11.343263,66816,200449,0.08913487,0.79156,11.42,"February 22, 16",0.0079156,AENZ
2016-02-19,11.3201284504,11.6469563059,11.0230122181,11.1715703343,11.165096,89325,267977,-0.14855812,-1.31,11.28,"February 19, 16",-0.0131,AENZ
2016-02-18,11.8846492918,11.8846492918,11.3795516969,11.4389749433,11.432346,65991,197976,-0.44567435,-3.75,11.57,"February 18, 16",-0.0375,AENZ
2016-02-17,12.4788817564,12.4788817564,11.2309935807,12.0332074079,12.026234,82158,246476,-0.44567435,-3.57,11.91,"February 17, 16",-0.0357,AENZ
2016-02-16,12.6274398725,12.6274398725,12.1817655241,12.4788817564,12.47165,91991,275975,-0.14855812,-1.18,12.43,"February 16, 16",-0.0118,AENZ
2016-02-12,11.7658027989,12.8057096119,11.4983981898,12.4491701331,12.441956,89044,267134,0.68336733,5.81,12.25,"February 12, 16",0.0581,AENZ
2016-02-11,11.5578214363,11.7360911756,11.0824354646,11.5875330595,11.580818,59063,177190,0.02971162,0.25707,11.47,"February 11, 16",0.0025707,AENZ
2016-02-10,11.1121470878,11.7360911756,10.9933005949,11.528109813,11.52143,159210,477632,0.41596273,3.74,11.42,"February 10, 16",0.0374,AENZ
2016-02-09,10.5773378697,11.4835423782,10.4139239419,11.1121470878,11.105708,144996,434990,0.53480922,5.06,11.0,"February 09, 16",0.0506,AENZ
2016-02-08,9.9831054051,11.8846492918,9.9831054051,10.7556076091,10.749374,174573,523721,0.7725022,7.74,10.87,"February 08, 16",0.0774,AENZ
2016-02-05,9.0323334618,9.9831054051,9.0323334618,9.5077194334,9.50221,74847,224542,0.47538597,5.26,9.51,"February 05, 16",0.0526,AENZ
2016-02-04,7.7250220397,8.9729102153,7.7051152521,8.9134869688,8.908321,147449,442350,1.18846,15.38,8.53,"February 04, 16",0.1538,AENZ
2016-02-03,6.8930965892,7.573195645,6.8930965892,7.5170406771,7.512685,42053,126161,0.62394409,9.05,7.33,"February 03, 16",0.0905,AENZ
2016-02-02,6.8930965892,7.0116459659,6.5662687337,6.8039617195,6.800019,27307,81924,-0.08913487,-1.29,6.79,"February 02, 16",-0.0129,AENZ
2016-02-01,6.8336733428,7.1812993346,6.7742500963,6.8930965892,6.889102,19937,59812,0.05942325,0.86957,6.95,"February 01, 16",0.0086957,AENZ
2016-01-29,6.863384966,6.863384966,6.477133864,6.5365571105,6.532769,11738,35215,-0.32682786,-4.76,6.63,"January 29, 16",-0.0476,AENZ
2016-01-28,6.9228082125,6.9228082125,6.7148268499,6.7742500963,6.770325,17001,51004,-0.14855812,-2.15,6.8,"January 28, 16",-0.0215,AENZ
2016-01-27,6.8039617195,7.1902128215,6.7742500963,6.8336733428,6.829713,27986,83960,0.02971162,0.43668,6.93,"January 27, 16",0.0043668,AENZ
2016-01-26,6.9822314589,7.0713663286,6.5365571105,6.5365571105,6.532769,8259,24780,-0.44567435,-6.38,6.71,"January 26, 16",-0.0638,AENZ
2016-01-25,7.0416547054,7.0419518216,6.7742500963,6.863384966,6.859407,27669,83009,-0.17826974,-2.53,6.89,"January 25, 16",-0.0253,AENZ
2016-01-22,6.8039617195,7.2199244448,6.7709818178,7.0416547054,7.037574,28187,84563,0.23769299,3.49,7.01,"January 22, 16",0.0349,AENZ
2016-01-21,6.9525198357,6.9822314589,6.8930965892,6.9525198357,6.948491,8619,25858,0.0,0.0,6.94,"January 21, 16",0.0,AENZ
2016-01-20,7.0119430822,7.0713663286,6.7445384731,6.8039617195,6.800019,18942,56829,-0.20798136,-2.97,6.87,"January 20, 16",-0.0297,AENZ
2016-01-19,7.4279058074,9.715700796,7.0713663286,7.1307895751,7.126657,31948,95847,-0.29711623,-4.0,7.97,"January 19, 16",-0.04,AENZ
2016-01-15,7.1307895751,7.3090593144,6.9822314589,7.2199244448,7.21574,22669,68009,0.08913487,1.25,7.17,"January 15, 16",0.0125,AENZ
2016-01-14,7.4873290538,7.6121178714,7.249636068,7.3387709377,7.334518,3276,9830,-0.14855812,-1.98,7.4,"January 14, 16",-0.0198,AENZ
2016-01-13,7.5170406771,7.6953104164,7.3536267493,7.4873290538,7.48299,8911,26734,-0.02971162,-0.39526,7.51,"January 13, 16",-0.0039526,AENZ
2016-01-12,7.5467523003,7.6655987932,6.8930965892,7.3684825609,7.364213,46284,138855,-0.17826974,-2.36,7.31,"January 12, 16",-0.0236,AENZ
2016-01-11,7.3684825609,7.7250220397,7.3387709377,7.3387709377,7.334518,17016,51049,-0.02971162,-0.40323,7.47,"January 11, 16",-0.0040323,AENZ
2016-01-08,7.4873290538,7.6061755467,7.3090593144,7.4576174306,7.453296,33184,99555,-0.02971162,-0.39683,7.46,"January 08, 16",-0.0039683,AENZ
2016-01-07,7.6655987932,7.6655987932,7.4279058074,7.5764639235,7.572073,11052,33159,-0.08913487,-1.16,7.56,"January 07, 16",-0.0116,AENZ
2016-01-06,8.0518498952,8.3192545042,7.5764639235,7.8438685326,7.839323,22173,66521,-0.20798136,-2.58,7.91,"January 06, 16",-0.0258,AENZ
2016-01-05,8.2301196346,8.3786777507,8.2004080113,8.3192545042,8.314433,12675,38028,0.08913487,1.08,8.3,"January 05, 16",0.0108,AENZ
2016-01-04,8.7649288527,8.8243520991,8.4381009972,8.4975242436,8.492599,4993,14980,-0.26740461,-3.05,8.59,"January 04, 16",-0.0305,AENZ
2015-12-31,8.5569474901,8.7352172295,8.2301196346,8.7352172295,8.730155,6477,19433,0.17826974,2.08,8.57,"December 31, 15",0.0208,AENZ
2015-12-30,8.8243520991,8.8540637224,8.4083893739,8.5569474901,8.551989,12686,38061,-0.26740461,-3.03,8.61,"December 30, 15",-0.0303,AENZ
2015-12-29,8.7946404759,8.8540637224,8.7500730411,8.7649288527,8.75985,10375,31128,-0.02971162,-0.33784,8.79,"December 29, 15",-0.0033784,AENZ
2015-12-28,8.9134869688,9.0026218385,8.4083893739,8.8837753456,8.878628,23679,71039,-0.02971162,-0.33333,8.76,"December 28, 15",-0.0033333,AENZ
2015-12-24,8.9134869688,9.062045085,8.8243520991,8.8243520991,8.819239,9989,29970,-0.08913487,-1.0,8.9,"December 24, 15",-0.01,AENZ
2015-12-23,8.9134869688,9.2106032011,8.6995632816,8.9431985921,8.938016,52220,156662,0.02971162,0.33333,8.95,"December 23, 15",0.0033333,AENZ
2015-12-22,8.9431985921,9.1808915779,8.6460823598,8.8243520991,8.819239,9047,27143,-0.11884649,-1.33,8.88,"December 22, 15",-0.0133,AENZ
2015-12-21,9.1660357663,9.2997380708,8.6460823598,8.7055056062,8.70046,28636,85911,-0.46053016,-5.02,8.88,"December 21, 15",-0.0502,AENZ
2015-12-18,9.0356017403,9.2700264476,8.9134869688,9.1214683314,9.116182,17110,51333,0.08586659,0.95031,9.1,"December 18, 15",0.0095031,AENZ
2015-12-17,9.0026218385,9.1214683314,8.6460823598,9.0026218385,8.997405,386913,1160742,0.0,0.0,8.92,"December 17, 15",0.0,AENZ
2015-12-16,8.8540637224,9.1511799547,8.8540637224,8.9431985921,8.938016,3019,9059,0.08913487,1.01,8.98,"December 16, 15",0.0101,AENZ
2015-12-15,9.0026218385,9.1511799547,8.8540637224,8.9729102153,8.96771,5244,15734,-0.02971162,-0.33003,8.99,"December 15, 15",-0.0033003,AENZ
2015-12-14,9.0029189548,9.2997380708,8.7946404759,8.8540637224,8.848932,6910,20731,-0.14885523,-1.65,8.98,"December 14, 15",-0.0165,AENZ
2015-12-11,9.1214683314,9.2997380708,8.8243520991,8.8243520991,8.819239,26356,79069,-0.29711623,-3.26,8.98,"December 11, 15",-0.0326,AENZ
2015-12-10,9.3591613173,9.3591613173,9.062045085,9.1214683314,9.116182,6436,19310,-0.23769299,-2.54,9.18,"December 10, 15",-0.0254,AENZ
2015-12-09,9.4185845637,9.4185845637,9.1511799547,9.1808915779,9.175571,102259,306779,-0.23769299,-2.52,9.25,"December 09, 15",-0.0252,AENZ
2015-12-08,9.2106032011,9.3591613173,9.0917567082,9.2403148244,9.23496,5581,16745,0.02971162,0.32258,9.23,"December 08, 15",0.0032258,AENZ
2015-12-07,9.2878534215,9.3888729405,9.2403148244,9.2997380708,9.294349,5478,16435,0.01188465,0.12796,9.31,"December 07, 15",0.0012796,AENZ
2015-12-04,9.5077194334,9.8048356657,9.2403148244,9.5077194334,9.50221,31460,94383,0.0,0.0,9.52,"December 04, 15",0.0,AENZ
2015-12-03,9.2106032011,9.6562775496,9.2106032011,9.2403148244,9.23496,22632,67898,0.02971162,0.32258,9.37,"December 03, 15",0.0032258,AENZ
2015-12-02,9.448296187,9.448296187,9.329449694,9.3591613173,9.353738,669,2010,-0.08913487,-0.9434,9.38,"December 02, 15",-0.009434,AENZ
2015-12-01,9.5077194334,9.5671426799,9.3443055057,9.448296187,9.442821,3787,11364,-0.05942325,-0.625,9.45,"December 01, 15",-0.00625,AENZ
2015-11-30,9.4780078102,9.5671426799,9.2700264476,9.5077194334,9.50221,9837,29514,0.02971162,0.31348,9.45,"November 30, 15",0.0031348,AENZ
2015-11-27,9.5671426799,9.5671426799,9.3888729405,9.4215557261,9.413127,568,1706,-0.14558695,-1.52,9.46,"November 27, 15",-0.0152,AENZ
2015-11-25,9.5374310567,9.6562775496,9.4185845637,9.4780078102,9.472515,13185,39556,-0.05942325,-0.62305,9.52,"November 25, 15",-0.0062305,AENZ
2015-11-24,9.6562775496,9.715700796,9.329449694,9.3591613173,9.353738,8171,24514,-0.29711623,-3.08,9.47,"November 24, 15",-0.0308,AENZ
2015-11-23,9.6265659263,9.6562775496,9.5968543031,9.6562775496,9.650681,1300,3901,0.02971162,0.30864,9.64,"November 23, 15",0.0030864,AENZ
2015-11-20,9.7454124193,9.7454124193,9.5077194334,9.5077194334,9.50221,9979,29940,-0.23769299,-2.44,9.59,"November 20, 15",-0.0244,AENZ
2015-11-19,9.7751240425,9.8048356657,9.6265659263,9.7751240425,9.769459,7246,21741,0.0,0.0,9.74,"November 19, 15",0.0,AENZ
2015-11-18,9.8642589122,9.8642589122,9.7454124193,9.7454124193,9.739765,2880,8643,-0.11884649,-1.2,9.79,"November 18, 15",-0.012,AENZ
2015-11-17,9.9533937819,10.1613751445,9.8939705354,9.9533937819,9.947626,16019,48059,0.0,0.0,10.0,"November 17, 15",0.0,AENZ
2015-11-16,9.6859891728,10.0425286516,9.6859891728,9.9533937819,9.947626,76127,228382,0.26740461,2.76,9.89,"November 16, 15",0.0276,AENZ
2015-11-13,10.1910867677,10.1910867677,9.6562775496,9.7751240425,9.769459,14793,44382,-0.41596273,-4.08,9.87,"November 13, 15",-0.0408,AENZ
2015-11-12,10.0425286516,10.3545006955,9.8939705354,9.9533937819,9.947626,5740,17223,-0.08913487,-0.88757,10.07,"November 12, 15",-0.0088757,AENZ
2015-11-11,10.4287797535,10.4552230982,9.8642589122,10.3099332606,10.303959,8500,25502,-0.11884649,-1.14,10.21,"November 11, 15",-0.0114,AENZ
2015-11-10,11.0824354646,11.141858711,10.2505100142,10.6664727394,10.660292,28862,86588,-0.41596273,-3.75,10.69,"November 10, 15",-0.0375,AENZ
2015-11-09,11.4983981898,11.4983981898,10.6070494929,10.874454102,10.868152,11758,35277,-0.62394409,-5.43,10.99,"November 09, 15",-0.0543,AENZ
2015-11-06,11.6766679292,11.6766679292,11.2904168272,11.3201284504,11.313569,2783,8350,-0.35653948,-3.05,11.43,"November 06, 15",-0.0305,AENZ
2015-11-05,11.6766679292,11.8252260453,11.3201284504,11.6172446827,11.610512,56858,170577,-0.05942325,-0.50891,11.59,"November 05, 15",-0.0050891,AENZ
2015-11-04,11.8252260453,12.0629190312,11.5578214363,11.7063795524,11.699595,14346,43040,-0.11884649,-1.01,11.78,"November 04, 15",-0.0101,AENZ
2015-11-03,11.9440725382,12.1223422776,11.5875330595,11.7360911756,11.72929,10981,32945,-0.20798136,-1.74,11.82,"November 03, 15",-0.0174,AENZ
2015-11-02,12.300612017,12.4684826882,11.4983981898,11.7658027989,11.758985,78684,236054,-0.53480922,-4.35,11.91,"November 02, 15",-0.0435,AENZ
2015-10-30,11.8549376686,12.2114771473,11.5815907348,12.2114771473,12.2044,21649,64948,0.35653948,3.01,12.0,"October 30, 15",0.0301,AENZ
2015-10-29,12.0629190312,12.300612017,11.7658027989,12.0629190312,12.055929,10392,31178,0.0,0.0,12.04,"October 29, 15",0.0,AENZ
2015-10-28,12.2414858868,12.4788817564,12.0034957847,12.2709003938,12.26379,35541,106625,0.02941451,0.24029,12.25,"October 28, 15",0.0024029,AENZ
2015-10-27,12.1817655241,12.5085933796,11.9737841615,12.0926306544,12.085623,9586,28759,-0.08913487,-0.73171,12.19,"October 27, 15",-0.0073171,AENZ
2015-10-26,12.1520539008,12.5680166261,11.9440725382,12.2114771473,12.2044,11020,33063,0.05942325,0.489,12.24,"October 26, 15",0.00489,AENZ
2015-10-23,11.9440725382,12.107486466,11.3795516969,12.0034957847,11.996539,14753,44261,0.05942325,0.49751,11.83,"October 23, 15",0.0049751,AENZ
2015-10-22,11.4983981898,11.8252260453,11.2904168272,11.4389749433,11.432346,7087,21262,-0.05942325,-0.5168,11.52,"October 22, 15",-0.005168,AENZ
2015-10-21,11.5875330595,11.6172446827,11.2904168272,11.2904168272,11.283874,13030,39093,-0.29711623,-2.56,11.4,"October 21, 15",-0.0256,AENZ
2015-10-20,11.9440725382,11.9440725382,11.3498400737,11.6172446827,11.610512,21948,65846,-0.32682786,-2.74,11.64,"October 20, 15",-0.0274,AENZ
2015-10-19,11.8549376686,12.2114771473,11.7360911756,11.8549376686,11.848068,8243,24730,0.0,0.0,11.93,"October 19, 15",0.0,AENZ
2015-10-16,12.3303236402,12.3303236402,11.6766679292,11.7063795524,11.699595,24762,74289,-0.62394409,-5.06,11.9,"October 16, 15",-0.0506,AENZ
2015-10-15,12.1342269269,12.4491701331,11.884946408,12.3897468867,12.382567,6259,18779,0.25551996,2.11,12.24,"October 15, 15",0.0211,AENZ
2015-10-14,12.1223422776,12.3303236402,11.8846492918,12.0629190312,12.055929,62402,187209,-0.05942325,-0.4902,12.09,"October 14, 15",-0.004902,AENZ
2015-10-13,11.914360915,12.3303236402,11.8549376686,12.1520539008,12.145012,23724,71174,0.23769299,2.0,12.11,"October 13, 15",0.02,AENZ
2015-10-12,12.4788817564,12.5680166261,11.8846492918,12.0926306544,12.085623,9430,28292,-0.3862511,-3.1,12.18,"October 12, 15",-0.031,AENZ
2015-10-09,12.3303236402,13.34051883,12.2709003938,12.5383050028,12.531039,36477,109433,0.20798136,1.69,12.72,"October 09, 15",0.0169,AENZ
2015-10-08,12.0866883297,12.2114771473,12.0034957847,12.1520539008,12.145012,12480,37442,0.06536557,0.54081,12.12,"October 08, 15",0.0054081,AENZ
2015-10-07,11.3795516969,11.8846492918,11.3795516969,11.6766679292,11.669901,15175,45527,0.29711623,2.61,11.65,"October 07, 15",0.0261,AENZ
2015-10-06,11.5875330595,11.7658027989,11.3201284504,11.4092633201,11.402652,8965,26896,-0.17826974,-1.54,11.5,"October 06, 15",-0.0154,AENZ
2015-10-05,11.6766679292,11.914360915,11.4983981898,11.4983981898,11.491735,10104,30314,-0.17826974,-1.53,11.64,"October 05, 15",-0.0153,AENZ
2015-10-02,11.8846492918,12.1817655241,11.6172446827,11.6172446827,11.610512,5382,16147,-0.26740461,-2.25,11.81,"October 02, 15",-0.0225,AENZ
2015-10-01,12.0332074079,12.7165747422,11.8252260453,11.9440725382,11.937151,24620,73861,-0.08913487,-0.74074,12.16,"October 01, 15",-0.0074074,AENZ
2015-09-30,11.7955144221,12.1817655241,11.6335860755,11.8252260453,11.818373,47199,141600,0.02971162,0.25189,11.88,"September 30, 15",0.0025189,AENZ
2015-09-29,10.5773378697,11.5875330595,10.3990681303,11.0230122181,11.016624,17709,53130,0.44567435,4.21,11.0,"September 29, 15",0.0421,AENZ
2015-09-28,10.9933005949,11.2309935807,10.5773378697,10.5773378697,10.571209,5334,16003,-0.41596273,-3.78,10.8,"September 28, 15",-0.0378,AENZ
2015-09-25,11.5875330595,11.7360911756,11.0527238414,11.2012819575,11.194791,10944,32833,-0.3862511,-3.33,11.33,"September 25, 15",-0.0333,AENZ
2015-09-24,11.3201284504,11.6469563059,11.0527238414,11.5875330595,11.580818,36226,108679,0.26740461,2.36,11.43,"September 24, 15",0.0236,AENZ
2015-09-23,11.3201284504,11.6469563059,11.3201284504,11.3201284504,11.313569,6231,18694,0.0,0.0,11.43,"September 23, 15",0.0,AENZ
2015-09-22,11.4092633201,11.4686865666,10.9933005949,11.2904168272,11.283874,22893,68680,-0.11884649,-1.04,11.25,"September 22, 15",-0.0104,AENZ
2015-09-21,11.0230122181,11.9440725382,11.0230122181,11.6172446827,11.610512,6019,18060,0.59423246,5.39,11.53,"September 21, 15",0.0539,AENZ
2015-09-18,11.914360915,12.0926306544,11.141858711,11.141858711,11.135402,35670,107011,-0.7725022,-6.48,11.46,"September 18, 15",-0.0648,AENZ
2015-09-17,12.2114771473,12.4788817564,11.528109813,12.2114771473,12.2044,13510,40531,0.0,0.0,12.07,"September 17, 15",0.0,AENZ
2015-09-16,12.6274398725,12.686863119,12.4491701331,12.4491701331,12.441956,9545,28637,-0.17826974,-1.41,12.53,"September 16, 15",-0.0141,AENZ
2015-09-15,12.6274398725,12.686863119,12.4491701331,12.5680166261,12.560733,15933,47800,-0.05942325,-0.47059,12.57,"September 15, 15",-0.0047059,AENZ
2015-09-14,12.4788817564,12.7165747422,12.3600352635,12.5977282493,12.590428,12413,37242,0.11884649,0.95238,12.56,"September 14, 15",0.0095238,AENZ
2015-09-11,12.8354212351,12.8354212351,12.5085933796,12.686863119,12.679511,12623,37870,-0.14855812,-1.16,12.68,"September 11, 15",-0.0116,AENZ
2015-09-10,12.6274398725,12.7759979887,12.6125840609,12.7165747422,12.709206,3697,11092,0.08913487,0.70588,12.7,"September 10, 15",0.0070588,AENZ
2015-09-09,12.3600352635,12.8651328584,12.3600352635,12.5977282493,12.590428,14466,43399,0.23769299,1.92,12.61,"September 09, 15",0.0192,AENZ
2015-09-08,12.4788817564,12.4788817564,11.4686865666,12.3897468867,12.382567,39171,117516,-0.08913487,-0.71429,12.11,"September 08, 15",-0.0071429,AENZ
2015-09-04,12.4488730169,12.4788817564,12.2709003938,12.4194585099,12.412261,26412,79238,-0.02941451,-0.23628,12.39,"September 04, 15",-0.0023628,AENZ
2015-09-03,12.686863119,12.7462863654,12.4194585099,12.7165747422,12.709206,28949,86850,0.02971162,0.23419,12.63,"September 03, 15",0.0023419,AENZ
2015-09-02,12.5977282493,12.7462863654,12.3897468867,12.5977282493,12.590428,27111,81336,0.0,0.0,12.58,"September 02, 15",0.0,AENZ
2015-09-01,12.7759979887,12.8057096119,12.3600352635,12.4788817564,12.47165,23019,69060,-0.29711623,-2.33,12.55,"September 01, 15",-0.0233,AENZ
2015-08-31,12.954267728,13.2216723371,12.8945473654,12.954267728,12.94676,9406,28219,0.0,0.0,13.02,"August 31, 15",0.0,AENZ
2015-08-28,13.3999420765,13.4890769462,13.0434025977,13.073114221,13.065538,32961,98886,-0.32682786,-2.44,13.2,"August 28, 15",-0.0244,AENZ
2015-08-27,12.2411887705,13.4890769462,12.1817655241,13.1919607139,13.184316,44117,132352,0.95077194,7.77,12.95,"August 27, 15",0.0777,AENZ
2015-08-26,12.1223422776,12.954267728,12.0034957847,12.4788817564,12.47165,31387,94162,0.35653948,2.94,12.48,"August 26, 15",0.0294,AENZ
2015-08-25,12.1520539008,12.4788817564,11.7658027989,11.9440725382,11.937151,88928,266786,-0.20798136,-1.71,12.06,"August 25, 15",-0.0171,AENZ
2015-08-24,12.1817655241,12.5977282493,12.1520539008,12.2709003938,12.26379,24069,72209,0.08913487,0.73171,12.34,"August 24, 15",0.0073171,AENZ
2015-08-21,12.0926306544,12.6274398725,12.0629190312,12.4788817564,12.47165,14230,42692,0.3862511,3.19,12.39,"August 21, 15",0.0319,AENZ
2015-08-20,12.3303236402,12.5383050028,12.0629190312,12.3897468867,12.382567,48303,144910,0.05942325,0.48193,12.33,"August 20, 15",0.0048193,AENZ
2015-08-19,12.8354212351,12.8354212351,12.300612017,12.5977282493,12.590428,69190,207571,-0.23769299,-1.85,12.58,"August 19, 15",-0.0185,AENZ
2015-08-18,12.8354212351,12.9839793513,12.4788817564,12.7165747422,12.709206,43679,131038,-0.11884649,-0.92593,12.73,"August 18, 15",-0.0092593,AENZ
2015-08-17,12.8354212351,13.1619519744,12.2114771473,12.6274398725,12.620122,127578,382735,-0.20798136,-1.62,12.67,"August 17, 15",-0.0162,AENZ
2015-08-14,14.3804256431,14.3804256431,11.8846492918,12.6571514957,12.649817,105977,317933,-1.72327,-11.98,12.97,"August 14, 15",-0.1198,AENZ
2015-08-13,15.0043697309,15.4500440793,14.4101372663,14.5289837592,14.520564,17817,53452,-0.47538597,-3.17,14.8,"August 13, 15",-0.0317,AENZ
2015-08-12,15.4500440793,15.539178949,14.8263971077,15.0340813541,15.02537,8285,24857,-0.41596273,-2.69,15.13,"August 12, 15",-0.0269,AENZ
2015-08-11,16.0442765439,16.311681153,15.5986021955,15.7768719348,15.76773,8898,26696,-0.26740461,-1.67,15.9,"August 11, 15",-0.0167,AENZ
2015-08-10,16.311681153,16.7276438782,16.1928346601,16.2819695297,16.272535,40796,122391,-0.02971162,-0.18215,16.4,"August 10, 15",-0.0018215,AENZ
2015-08-07,16.3413927762,16.5493741388,16.1631230368,16.1631230368,16.153755,26325,78976,-0.17826974,-1.09,16.29,"August 07, 15",-0.0109,AENZ
2015-08-06,16.2225462833,16.3413927762,16.2225462833,16.2522579065,16.24284,7822,23468,0.02971162,0.18315,16.27,"August 06, 15",0.0018315,AENZ
2015-08-05,16.5196625156,16.8167787479,16.2225462833,16.4305276459,16.421007,19923,59770,-0.08913487,-0.53957,16.49,"August 05, 15",-0.0053957,AENZ
2015-08-04,17.2624530963,17.2921647195,15.925430051,16.5493741388,16.539783,34419,103258,-0.71307896,-4.13,16.59,"August 04, 15",-0.0413,AENZ
2015-08-03,17.4704344589,17.7675506912,16.9950484872,17.0841833569,17.074284,13029,39088,-0.3862511,-2.21,17.28,"August 03, 15",-0.0221,AENZ
2015-07-31,17.5595693286,17.7229832564,17.3812995892,17.5595693286,17.549393,32104,96314,0.0,0.0,17.55,"July 31, 15",0.0,AENZ
2015-07-30,17.5298577054,18.3320715326,17.4704344589,17.5298577054,17.519699,27384,82154,0.0,0.0,17.78,"July 30, 15",0.0,AENZ
2015-07-29,17.6487041983,17.7675506912,17.4113083287,17.4704344589,17.46031,12519,37559,-0.17826974,-1.01,17.55,"July 29, 15",-0.0101,AENZ
2015-07-28,17.6528638255,17.6528638255,17.2327414731,17.4407228357,17.430616,19443,58331,-0.21214099,-1.2,17.44,"July 28, 15",-0.012,AENZ
2015-07-27,17.4110112125,17.5592722124,16.7573555014,17.2327414731,17.222755,56113,168341,-0.17826974,-1.02,17.18,"July 27, 15",-0.0102,AENZ
2015-07-24,16.579085762,17.5595693286,16.3413927762,17.4110112125,17.400921,32165,96498,0.83192545,5.02,17.1,"July 24, 15",0.0502,AENZ
2015-07-23,17.6487041983,18.0670438534,16.4899508923,16.4899508923,16.480394,25174,75524,-1.15875,-6.57,17.02,"July 23, 15",-0.0657,AENZ
2015-07-22,18.5103412719,18.6588993881,17.4407228357,17.737839068,17.72756,14568,43705,-0.7725022,-4.17,17.95,"July 22, 15",-0.0417,AENZ
2015-07-21,18.891541398,19.4908248385,18.5994761416,18.6588993881,18.648087,68154,204464,-0.23264201,-1.23,18.92,"July 21, 15",-0.0123,AENZ
2015-07-20,19.2828434759,19.2828434759,18.5697645184,18.777745881,18.766863,24253,72761,-0.50509759,-2.62,18.88,"July 20, 15",-0.0262,AENZ
2015-07-17,19.8473643173,19.8473643173,19.0748621133,19.4123861532,19.390448,102328,306985,-0.43497816,-2.19,19.44,"July 17, 15",-0.0219,AENZ
2015-07-16,20.0553456799,20.2336154193,19.6402743034,20.1147689263,20.103111,27368,82107,0.05942325,0.2963,20.0,"July 16, 15",0.002963,AENZ
2015-07-15,19.9067875637,20.0553456799,19.6096713314,20.0256340567,20.014029,10055,30168,0.11884649,0.59701,19.9,"July 15, 15",0.0059701,AENZ
2015-07-14,19.8770759405,20.2930386657,19.7285178244,19.9067875637,19.895252,8675,26028,0.02971162,0.14948,19.98,"July 14, 15",0.0014948,AENZ
2015-07-13,20.5604432748,20.5604432748,19.817652694,19.936499187,19.924946,11341,34026,-0.62394409,-3.03,20.1,"July 13, 15",-0.0303,AENZ
2015-07-10,20.4534814312,21.1843873626,20.3524619122,20.3821735354,20.370361,8607,25824,-0.0713079,-0.34863,20.64,"July 10, 15",-0.0034863,AENZ
2015-07-09,19.9959224334,20.5604432748,19.9959224334,20.3227502889,20.310974,13051,39154,0.32682786,1.63,20.29,"July 09, 15",0.0163,AENZ
2015-07-08,19.9067875637,20.3081915936,19.8770759405,20.0850573031,20.073418,17643,52931,0.17826974,0.89552,20.09,"July 08, 15",0.0089552,AENZ
2015-07-07,20.6531435393,20.8872711303,20.203903796,20.3821735354,20.370361,22389,67170,-0.27097,-1.31,20.49,"July 07, 15",-0.0131,AENZ
2015-07-06,21.3032338555,21.7786198272,20.203903796,20.7684246374,20.756388,14601,43804,-0.53480922,-2.51,20.92,"July 06, 15",-0.0251,AENZ
2015-07-02,21.3032338555,21.8677546969,21.1546757394,21.4220803484,21.409666,26138,78417,0.11884649,0.55788,21.48,"July 02, 15",0.0055788,AENZ
2015-07-01,21.0863390059,21.6003500878,20.7535688258,21.3923687252,21.379972,21396,64191,0.30602972,1.45,21.25,"July 01, 15",0.0145,AENZ
2015-06-30,21.7497995527,21.9271779433,20.5307316516,20.8575595071,20.845472,37760,113283,-0.89224005,-4.1,21.11,"June 30, 15",-0.041,AENZ
2015-06-29,21.9866011898,21.9866011898,21.2438106091,21.4220803484,21.409666,2969,8909,-0.56452084,-2.57,21.55,"June 29, 15",-0.0257,AENZ
2015-06-26,21.9565924503,21.9565924503,21.4815035949,21.630061711,21.617527,46250,138751,-0.32653074,-1.49,21.69,"June 26, 15",-0.0149,AENZ
2015-06-25,21.6894849575,21.8974663201,21.5706384646,21.5706384646,21.55814,7979,23940,-0.11884649,-0.54795,21.68,"June 25, 15",-0.0054795,AENZ
2015-06-24,21.5409268414,22.0757360595,21.5260710297,21.630061711,21.617527,31716,95149,0.08913487,0.41379,21.74,"June 24, 15",0.0041379,AENZ
2015-06-23,21.5409268414,22.1351593059,21.4815035949,21.6597733343,21.647223,139966,419900,0.11884649,0.55172,21.76,"June 23, 15",0.0055172,AENZ
2015-06-22,21.3329454787,21.9568895666,21.3329454787,21.6597733343,21.647223,32958,98876,0.32682786,1.53,21.65,"June 22, 15",0.0153,AENZ
2015-06-19,21.5210200538,21.748908204,21.2140989858,21.4517919717,21.43936,40062,120189,-0.06922808,-0.32168,21.47,"June 19, 15",-0.0032168,AENZ
2015-06-18,21.6894849575,21.9568895666,21.4399073224,21.5706384646,21.55814,59899,179698,-0.11884649,-0.54795,21.66,"June 18, 15",-0.0054795,AENZ
2015-06-17,21.748908204,21.9866011898,21.3923687252,21.7786198272,21.765999,18969,56908,0.02971162,0.13661,21.72,"June 17, 15",0.0013661,AENZ
2015-06-16,21.8677546969,21.9568895666,21.1843873626,21.9568895666,21.944166,7200,21602,0.08913487,0.40761,21.7,"June 16, 15",0.0040761,AENZ
2015-06-15,21.748908204,22.0460244363,21.5703413484,21.8677546969,21.855082,8916,26750,0.11884649,0.54645,21.83,"June 15, 15",0.0054645,AENZ
2015-06-12,21.6894849575,22.1945825524,21.630061711,21.9866011898,21.97386,25830,77492,0.29711623,1.37,21.94,"June 12, 15",0.0137,AENZ
2015-06-11,21.0952524929,21.7893160116,21.0358292465,21.630061711,21.617527,36134,108404,0.53480922,2.54,21.49,"June 11, 15",0.0254,AENZ
2015-06-10,21.748908204,21.8380430736,21.2438106091,21.2438106091,21.231501,21988,65967,-0.50509759,-2.32,21.44,"June 10, 15",-0.0232,AENZ
2015-06-09,21.6297645948,21.8677546969,21.5112152181,21.6597733343,21.647223,6863,20590,0.03000874,0.13874,21.68,"June 09, 15",0.0013874,AENZ
2015-06-08,21.5706384646,21.7934756388,21.0358292465,21.5706384646,21.55814,38938,116815,0.0,0.0,21.47,"June 08, 15",0.0,AENZ
2015-06-05,21.6894849575,22.2837174221,21.4220803484,21.4220803484,21.409666,32023,96071,-0.26740461,-1.23,21.71,"June 05, 15",-0.0123,AENZ
2015-06-04,22.0460244363,22.4622842777,21.8974663201,21.9271779433,21.914471,30993,92980,-0.11884649,-0.53908,22.1,"June 04, 15",-0.0053908,AENZ
2015-06-03,22.2540057989,22.5511220312,22.0757360595,22.2837174221,22.270803,2180,6541,0.02971162,0.13351,22.3,"June 03, 15",0.0013351,AENZ
2015-06-02,22.7293917705,22.8779498867,22.3134290453,22.4322755382,22.419275,12616,37850,-0.29711623,-1.31,22.54,"June 02, 15",-0.0131,AENZ
2015-06-01,23.2047777422,23.2047777422,22.1945825524,22.6105452776,22.597443,26497,79492,-0.59423246,-2.56,22.67,"June 01, 15",-0.0256,AENZ
2015-05-29,22.6996801473,23.2642009887,21.8974663201,22.9670847564,22.953775,33054,99164,0.26740461,1.18,22.71,"May 29, 15",0.0118,AENZ
2015-05-28,22.2837174221,22.8482382634,21.7786198272,22.8185266402,22.805304,16980,50943,0.53480922,2.4,22.48,"May 28, 15",0.024,AENZ
2015-05-27,22.7591033938,23.2939126119,22.016312813,22.6402569008,22.627138,18099,54298,-0.11884649,-0.52219,22.65,"May 27, 15",-0.0052219,AENZ
2015-05-26,23.0265080028,23.0265080028,22.0757360595,22.5808336544,22.567747,15528,46585,-0.44567435,-1.94,22.56,"May 26, 15",-0.0194,AENZ
2015-05-22,23.9475683229,23.9475683229,23.0562196261,23.2642009887,23.250719,9969,29910,-0.68336733,-2.85,23.42,"May 22, 15",-0.0285,AENZ
2015-05-21,24.1258380623,24.2417133929,23.5018939745,23.6504520906,23.636745,14405,43217,-0.47538597,-1.97,23.8,"May 21, 15",-0.0197,AENZ
2015-05-20,24.0367031926,24.214972932,23.7692985836,24.0664148159,24.052467,10270,30811,0.02971162,0.12361,24.02,"May 20, 15",0.0012361,AENZ
2015-05-19,24.9280518895,24.9577635127,23.82872183,24.214972932,24.200941,11479,34439,-0.71307896,-2.86,24.33,"May 19, 15",-0.0286,AENZ
2015-05-18,24.5643816212,24.9280518895,23.6682790646,24.6606472804,24.646357,17481,52444,0.09626566,0.39189,24.42,"May 18, 15",0.0039189,AENZ
2015-05-15,25.1063216289,25.4034378612,24.3338194249,24.5715124108,24.557272,7415,22248,-0.53480922,-2.13,24.77,"May 15, 15",-0.0213,AENZ
2015-05-14,25.8491122096,25.9382470793,24.7497821501,25.0171867592,25.002689,6158,18476,-0.83192545,-3.22,25.24,"May 14, 15",-0.0322,AENZ
2015-05-13,25.7599773399,25.8788238329,25.4925727309,25.7005540935,25.685661,7735,23207,-0.05942325,-0.23068,25.69,"May 13, 15",-0.0023068,AENZ
2015-05-12,25.4034378612,25.9976703258,25.3143029915,25.5222843541,25.507494,13876,41631,0.11884649,0.46784,25.61,"May 12, 15",0.0046784,AENZ
2015-05-11,24.2743961785,25.4331494844,24.2743961785,25.3440146147,25.329329,23128,69386,1.06962,4.41,25.02,"May 11, 15",0.0441,AENZ
2015-05-08,23.82872183,24.2446845552,23.82872183,24.1555496855,24.14155,12365,37098,0.32682786,1.37,24.08,"May 08, 15",0.0137,AENZ
2015-05-07,23.6798665976,23.9475683229,23.3830474816,23.82872183,23.814913,53455,160367,0.14885523,0.62862,23.72,"May 07, 15",0.0062862,AENZ
2015-05-06,24.2446845552,24.2446845552,23.9178566997,24.0069915694,23.993078,14655,43967,-0.23769299,-0.98039,24.06,"May 06, 15",-0.0098039,AENZ
2015-05-05,23.8584334533,24.1258380623,23.5910288442,23.9772799462,23.963385,33486,100461,0.11884649,0.49813,23.9,"May 05, 15",0.0049813,AENZ
2015-05-04,23.3533358583,24.0066944532,23.3533358583,23.8584334533,23.844608,13355,40068,0.5050976,2.16,23.74,"May 04, 15",0.0216,AENZ
2015-05-01,23.7395869603,23.7692985836,23.249345177,23.3830474816,23.369497,10813,32441,-0.35653948,-1.5,23.47,"May 01, 15",-0.015,AENZ
2015-04-30,23.7395869603,24.1555496855,23.2047777422,23.82872183,23.814913,23478,70436,0.08913487,0.37547,23.73,"April 30, 15",0.0037547,AENZ
2015-04-29,25.9976703258,25.9976703258,23.5910288442,23.7692985836,23.755524,25516,76550,-2.22837,-8.57,24.45,"April 29, 15",-0.0857,AENZ
2015-04-28,25.7005540935,26.2947865581,25.0766100057,26.2056516884,26.190464,30939,92818,0.50509759,1.97,25.86,"April 28, 15",0.0197,AENZ
2015-04-27,24.7200705269,25.7005540935,24.601224034,25.4628611076,25.448105,43606,130819,0.74279058,3.0,25.25,"April 27, 15",0.03,AENZ
2015-04-24,23.8584334533,24.7200705269,23.7692985836,24.6309356572,24.616663,38149,114448,0.7725022,3.24,24.37,"April 24, 15",0.0324,AENZ
2015-04-23,22.9373731331,23.9475683229,22.8185266402,23.82872183,23.814913,34376,103131,0.8913487,3.89,23.53,"April 23, 15",0.0389,AENZ
2015-04-22,22.9274204197,23.2158156451,22.783222807,22.9274204197,22.852814,30097,90292,0.0,0.0,22.98,"April 22, 15",0.0,AENZ
2015-04-21,22.6390251943,22.8985808972,22.3217904464,22.783222807,22.709085,31842,95527,0.14419761,0.63694,22.67,"April 21, 15",0.0063694,AENZ
2015-04-20,22.9850994648,23.1581366001,22.4656996639,22.4659880591,22.392883,72541,217626,-0.51911141,-2.26,22.7,"April 20, 15",-0.0226,AENZ
2015-04-17,23.0716180324,23.3600132578,22.4371485365,22.7255437619,22.651594,52292,156878,-0.34607427,-1.5,22.84,"April 17, 15",-0.015,AENZ
2015-04-16,21.9180371308,23.1001691597,21.9180371308,23.0139389873,22.939053,25498,76495,1.0959,5.0,22.68,"April 16, 15",0.05,AENZ
2015-04-15,22.6967042394,22.9562599423,21.9180371308,22.0910742661,22.01919,247896,743690,-0.60562997,-2.67,22.32,"April 15, 15",-0.0267,AENZ
2015-04-14,21.8891976083,22.6678647169,21.6296419054,22.4659880591,22.392883,28144,84433,0.57679045,2.64,22.25,"April 14, 15",0.0264,AENZ
2015-04-13,21.7449999956,21.831230168,21.0816909771,21.716160473,21.645496,91285,273857,-0.02883952,-0.13263,21.54,"April 13, 15",-0.0013263,AENZ
2015-04-10,21.34124668,21.8315185632,21.3152911097,21.6584814279,21.588005,21742,65228,0.31723475,1.49,21.6,"April 10, 15",0.0149,AENZ
2015-04-09,21.4566047702,21.6008023829,21.1393700222,21.2835676349,21.21431,29485,88457,-0.17303714,-0.80645,21.34,"April 09, 15",-0.0080645,AENZ
2015-04-08,21.6873209505,21.9468766533,21.1682095448,21.3124071575,21.243057,18203,54611,-0.37491379,-1.73,21.48,"April 08, 15",-0.0173,AENZ
2015-04-07,21.7449999956,21.9757161759,21.5431233378,21.5575430991,21.501768,19760,59281,-0.1874569,-0.86207,21.69,"April 07, 15",-0.0086207,AENZ
2015-04-06,21.8776617993,22.2641114013,21.5431233378,21.6873209505,21.616749,38989,116970,-0.19034085,-0.87002,21.83,"April 06, 15",-0.0087002,AENZ
2015-04-02,21.4277652476,22.0045556984,21.4277652476,21.6584814279,21.588005,17854,53565,0.23071618,1.08,21.7,"April 02, 15",0.0108,AENZ
2015-04-01,22.0045556984,22.2352718788,21.716160473,21.8026790406,21.731733,22550,67653,-0.20187666,-0.91743,21.92,"April 01, 15",-0.0091743,AENZ
2015-03-31,22.033395221,22.408309014,21.5142838152,21.7738395181,21.702986,18363,55090,-0.2595557,-1.18,21.9,"March 31, 15",-0.0118,AENZ
2015-03-30,22.5813461492,23.0139389873,22.4659880591,22.5813461492,22.507866,6084,18255,0.0,0.0,22.69,"March 30, 15",0.0,AENZ
2015-03-27,22.3091010565,22.6390251943,21.4566047702,22.408309014,22.33539,15800,47402,0.09920796,0.4447,22.17,"March 27, 15",0.004447,AENZ
2015-03-26,22.8697413746,23.1581366001,22.2064323562,22.3794694915,22.306648,11229,33688,-0.49027188,-2.14,22.58,"March 26, 15",-0.0214,AENZ
2015-03-25,23.100457555,23.100457555,22.6967042394,22.7543832845,22.68034,12935,38808,-0.34607427,-1.5,22.85,"March 25, 15",-0.015,AENZ
2015-03-24,23.6195689607,23.6195689607,22.8409018521,23.0427785099,22.967794,22666,68000,-0.57679045,-2.44,23.17,"March 24, 15",-0.0244,AENZ
2015-03-23,23.7637665734,23.9368037086,23.5042108705,23.5042108705,23.427729,9116,27351,-0.2595557,-1.09,23.65,"March 23, 15",-0.0109,AENZ
2015-03-20,23.5330503931,23.9368037086,23.5042108705,23.6484084832,23.571457,52026,156079,0.11535809,0.4902,23.7,"March 20, 15",0.004902,AENZ
2015-03-19,24.2543268518,24.4847546369,23.0716180324,23.4465318255,23.370235,81764,245294,-0.80779503,-3.33,23.67,"March 19, 15",-0.0333,AENZ
2015-03-18,24.917347475,25.2057427004,23.7926060959,24.1098408439,24.031385,79509,238528,-0.80750663,-3.24,24.37,"March 18, 15",-0.0324,AENZ
2015-03-17,25.0327055652,25.5226890532,24.7443103398,24.8308289074,24.750029,45825,137478,-0.20187666,-0.80645,25.03,"March 17, 15",-0.0080645,AENZ
2015-03-16,25.0038660426,25.0903846103,24.3405570242,25.0327055652,24.951248,5506,16521,0.02883952,0.11534,24.82,"March 16, 15",0.0011534,AENZ
2015-03-13,25.6671750611,25.6671750611,24.6289522496,25.0903846103,25.008739,15448,46347,-0.57679045,-2.25,25.13,"March 13, 15",-0.0225,AENZ
2015-03-12,25.6671750611,25.8402121963,24.8885079525,25.0038660426,24.922504,71001,213004,-0.66330902,-2.58,25.24,"March 12, 15",-0.0258,AENZ
2015-03-11,25.3787798357,25.7248541062,25.3787798357,25.4652984033,25.382433,37374,112125,0.08651857,0.34091,25.52,"March 11, 15",0.0034091,AENZ
2015-03-10,25.234582223,25.6671750611,25.234582223,25.4076193582,25.324942,17960,53882,0.17303714,0.68571,25.44,"March 10, 15",0.0068571,AENZ
2015-03-09,25.7248541062,25.8110842786,25.234582223,25.3499403131,25.267452,20987,62962,-0.37491379,-1.46,25.47,"March 09, 15",-0.0146,AENZ
2015-03-06,25.8690517189,26.5323607373,25.5518169709,25.6960145836,25.612398,10188,30565,-0.17303714,-0.6689,25.93,"March 06, 15",-0.006689,AENZ
2015-03-05,25.5229774484,25.9555702865,25.5229774484,25.8690517189,25.784874,28498,85495,0.34607427,1.36,25.78,"March 05, 15",0.0136,AENZ
2015-03-04,25.8402121963,25.9555702865,25.5229774484,25.6383355385,25.554909,47948,143847,-0.20187666,-0.78125,25.71,"March 04, 15",-0.0078125,AENZ
2015-03-03,25.4076193582,25.9267307639,25.4076193582,25.8402121963,25.756126,11782,35349,0.43259284,1.7,25.72,"March 03, 15",0.017,AENZ
2015-03-02,26.4170026471,26.5900397824,25.4941379258,25.5229774484,25.439924,29379,88138,-0.8940252,-3.38,25.87,"March 02, 15",-0.0338,AENZ
2015-02-27,26.1862864668,26.5323607373,26.0132493316,26.3881631246,26.302296,18843,56530,0.20187666,0.77093,26.31,"February 27, 15",0.0077093,AENZ
2015-02-26,26.6188793049,26.6188793049,26.1574469443,26.3304840795,26.244802,48982,146947,-0.28839523,-1.08,26.37,"February 26, 15",-0.0108,AENZ
2015-02-25,26.1862864668,26.5612002598,25.8978912414,26.3593236021,26.27355,76725,230178,0.17303714,0.66079,26.27,"February 25, 15",0.0066079,AENZ
2015-02-24,26.5035212148,26.7630769176,26.301644557,26.5035212148,26.417278,26855,80567,0.0,0.0,26.52,"February 24, 15",0.0,AENZ
2015-02-23,26.7053978725,26.8784350078,26.301644557,26.301644557,26.216059,31166,93499,-0.40375332,-1.51,26.49,"February 23, 15",-0.0151,AENZ
2015-02-20,27.2821883233,27.2821883233,26.4458421697,26.5323607373,26.446024,15866,47600,-0.74982759,-2.75,26.75,"February 20, 15",-0.0275,AENZ
2015-02-19,27.3975464135,27.6859416389,26.9072745303,26.9361140529,26.848463,7437,22312,-0.46143236,-1.68,27.18,"February 19, 15",-0.0168,AENZ
2015-02-18,27.2533488008,27.4840649811,26.0997678992,27.0226326205,26.9347,41749,125248,-0.23071618,-0.84656,26.87,"February 18, 15",-0.0084656,AENZ
2015-02-17,27.7724602065,27.7724602065,26.7053978725,27.1668302332,27.078428,8138,24415,-0.60562997,-2.18,27.21,"February 17, 15",-0.0218,AENZ
2015-02-13,27.6282625938,27.6859416389,27.4840649811,27.6282625938,27.538361,10356,31070,0.0,0.0,27.6,"February 13, 15",0.0,AENZ
2015-02-12,27.8878182967,27.8878182967,27.3975464135,27.4552254586,27.365885,20599,61800,-0.43259284,-1.55,27.58,"February 12, 15",-0.0155,AENZ
2015-02-11,28.1473739996,28.1473739996,27.368706891,27.5129045037,27.423376,7280,21841,-0.6344695,-2.25,27.68,"February 11, 15",-0.0225,AENZ
2015-02-10,28.7530039729,28.7818434955,27.8012997291,27.9743368643,27.883308,8696,26089,-0.77866711,-2.71,28.19,"February 10, 15",-0.0271,AENZ
2015-02-09,29.7335477393,29.7335477393,28.5222877926,28.6953249278,28.60195,19836,59509,-1.03822,-3.49,28.98,"February 09, 15",-0.0349,AENZ
2015-02-06,30.3391777126,30.3968567577,29.3297944237,29.3874734688,29.291845,7626,22879,-0.95170424,-3.14,29.7,"February 06, 15",-0.0314,AENZ
2015-02-05,30.1949800999,30.3680172352,29.8489058295,30.252659145,30.154217,14331,42994,0.05767905,0.19102,30.16,"February 05, 15",0.0019102,AENZ
2015-02-04,30.7140915057,30.7140915057,30.0796220098,30.3391777126,30.240454,380658,1141976,-0.37491379,-1.22,30.38,"February 04, 15",-0.0122,AENZ
2015-02-03,30.7140915057,30.7429310282,30.0796220098,30.5122148479,30.412928,21406,64221,-0.20187666,-0.65728,30.44,"February 03, 15",-0.0065728,AENZ
2015-02-02,30.3680172352,30.8006100733,30.0507824872,30.2814986676,30.182961,46521,139564,-0.08651857,-0.2849,30.38,"February 02, 15",-0.002849,AENZ
2015-01-30,28.4069297024,30.0219429647,28.3204111348,29.9354243971,29.838013,16897,50692,1.52849,5.38,29.43,"January 30, 15",0.0538,AENZ
2015-01-29,28.6376458828,29.185596811,28.0031763869,28.4069297024,28.314493,2644,7934,-0.23071618,-0.80564,28.53,"January 29, 15",-0.0080564,AENZ
2015-01-28,28.7818434955,29.0413991983,28.2627320897,28.5222877926,28.429476,6463,19391,-0.2595557,-0.9018,28.61,"January 28, 15",-0.009018,AENZ
2015-01-27,28.9837201532,29.5893501266,28.4934482701,28.4934482701,28.40073,10882,32647,-0.49027188,-1.69,28.86,"January 27, 15",-0.0169,AENZ
2015-01-26,29.2721153786,29.3009549012,28.8395225405,29.0702387209,28.975643,6805,20418,-0.20187666,-0.68966,29.07,"January 26, 15",-0.0068966,AENZ
2015-01-23,29.4739920364,29.5605106041,28.8683620631,28.9548806307,28.860661,32002,96008,-0.51911141,-1.76,29.13,"January 23, 15",-0.0176,AENZ
2015-01-22,29.185596811,29.3436373945,28.8683620631,29.1279177659,29.033134,49043,147130,-0.05767905,-0.19763,29.11,"January 22, 15",-0.0019763,AENZ
2015-01-21,28.9548806307,29.5893501266,28.7818434955,28.8683620631,28.774424,13764,41295,-0.08651857,-0.2988,29.08,"January 21, 15",-0.002988,AENZ
2015-01-20,29.1567572885,29.3009549012,28.5222877926,28.8395225405,28.745678,32539,97620,-0.31723475,-1.09,28.89,"January 20, 15",-0.0109,AENZ
2015-01-16,29.3297944237,29.4163129913,28.4069297024,29.2432758561,29.148117,10863,32592,-0.08651857,-0.29499,29.02,"January 16, 15",-0.0029499,AENZ
2015-01-15,30.569893893,30.569893893,29.3874734688,29.6181896491,29.521811,16492,49478,-0.95170424,-3.11,29.86,"January 15, 15",-0.0311,AENZ
2015-01-14,32.8193766511,32.8193766511,29.4163129913,30.2238196225,30.125471,14710,44133,-2.59556,-7.91,30.82,"January 14, 15",-0.0791,AENZ
2015-01-13,34.4055503909,34.520908481,32.2714257229,32.6751790384,32.568855,6426,19280,-1.73037,-5.03,33.16,"January 13, 15",-0.0503,AENZ
2015-01-12,34.838143229,34.838143229,33.6845623273,33.9729575528,33.862411,6530,19591,-0.86518568,-2.48,34.17,"January 12, 15",-0.0248,AENZ
2015-01-09,35.1553779769,35.2116150459,34.5497480036,34.7227851388,34.609795,3026,9080,-0.43259284,-1.23,34.83,"January 09, 15",-0.0123,AENZ
2015-01-08,35.6456498601,35.6744893826,35.0976989318,35.0976989318,34.983486,6460,19382,-0.54795093,-1.54,35.29,"January 08, 15",-0.0154,AENZ
2015-01-07,34.9535013191,35.4726127249,34.9535013191,35.2418965445,35.12722,8157,24474,0.28839523,0.82508,35.22,"January 07, 15",0.0082508,AENZ
2015-01-06,35.9340450855,35.9340450855,34.8958222741,35.0111803642,34.897251,14372,43117,-0.92286472,-2.57,35.28,"January 06, 15",-0.0257,AENZ
2015-01-05,36.6270588122,37.0299469421,35.3860941572,35.7321684277,35.615894,13909,41730,-0.89489038,-2.44,36.05,"January 05, 15",-0.0244,AENZ
2015-01-02,37.0876259871,37.0876259871,36.1936007884,36.5685145814,36.44952,5324,15973,-0.51911141,-1.4,36.62,"January 02, 15",-0.014,AENZ
2014-12-31,35.587970815,36.4981461464,35.1553779769,36.4531564912,36.334534,7298,21897,0.86518568,2.43,36.04,"December 31, 14",0.0243,AENZ
2014-12-30,35.3284151122,35.7033289052,34.8958222741,35.4437732023,35.328438,57063,171191,0.11535809,0.32653,35.35,"December 30, 14",0.0032653,AENZ
2014-12-29,35.2418965445,35.4149336798,34.5785875261,35.3284151122,35.213455,31976,95930,0.08651857,0.2455,35.11,"December 29, 14",0.002455,AENZ
2014-12-26,34.4343899134,35.1265384544,34.4343899134,34.9535013191,34.839764,2285,6856,0.51911141,1.51,34.84,"December 26, 14",0.0151,AENZ
2014-12-24,34.7227851388,34.7227851388,33.9585377915,34.4343899134,34.322338,3269,9810,-0.28839523,-0.83056,34.37,"December 24, 14",-0.0083056,AENZ
2014-12-23,35.2418965445,35.3572546347,34.6074270486,34.7227851388,34.609795,10374,31123,-0.51911141,-1.47,34.9,"December 23, 14",-0.0147,AENZ
2014-12-22,34.8669827515,34.8669827515,34.3478713458,34.8093037064,34.69603,9744,29235,-0.05767905,-0.16543,34.67,"December 22, 14",-0.0016543,AENZ
2014-12-19,35.4726127249,35.4726127249,34.5497480036,34.838143229,34.724781,11102,33308,-0.6344695,-1.79,34.95,"December 19, 14",-0.0179,AENZ
2014-12-18,34.4920689585,36.2945391173,33.7999204175,35.2707360671,35.155964,48961,146885,0.77866711,2.26,35.12,"December 18, 14",0.0226,AENZ
2014-12-17,33.9383501257,34.6362665712,33.8287599401,34.4343899134,34.322338,20795,62388,0.49603979,1.46,34.3,"December 17, 14",0.0146,AENZ
2014-12-16,34.0594761204,35.0400198868,33.5403647146,33.7422413724,33.632439,78099,234298,-0.31723475,-0.93141,34.11,"December 16, 14",-0.0093141,AENZ
2014-12-15,35.2707360671,35.2995755896,34.2030969426,34.2613527782,34.149868,84891,254674,-1.00938,-2.86,34.59,"December 15, 14",-0.0286,AENZ
2014-12-12,35.3860941572,35.4149336798,35.0400198868,35.0688594093,34.954742,23917,71753,-0.31723475,-0.8965,35.17,"December 12, 14",-0.008965,AENZ
2014-12-11,35.2707360671,35.587970815,35.0688594093,35.3284151122,35.213455,34164,102494,0.05767905,0.16353,35.33,"December 11, 14",0.0016353,AENZ
2014-12-10,35.4149336798,35.6889091439,34.9246617966,35.1265384544,35.012238,29632,88899,-0.28839523,-0.81433,35.25,"December 10, 14",-0.0081433,AENZ
2014-12-09,35.1553779769,35.905205563,35.0400198868,35.4149336798,35.299694,8784,26353,0.2595557,0.73831,35.45,"December 09, 14",0.0073831,AENZ
2014-12-08,35.7898474728,36.0782426982,35.0976989318,35.1553779769,35.040981,4508,13525,-0.6344695,-1.77,35.44,"December 08, 14",-0.0177,AENZ
2014-12-05,35.7321684277,35.7898474728,35.2995755896,35.6744893826,35.558403,10239,30719,-0.05767905,-0.16142,35.59,"December 05, 14",-0.0016142,AENZ
2014-12-04,36.0494031757,36.0494031757,35.247664449,35.5591312925,35.443424,5215,15647,-0.49027188,-1.36,35.62,"December 04, 14",-0.0136,AENZ
2014-12-03,35.8186869953,36.5108355363,35.8186869953,36.2512798335,36.133316,14139,42420,0.43259284,1.21,36.19,"December 03, 14",0.0121,AENZ
2014-12-02,35.7321684277,36.7271319554,35.2707360671,36.2512798335,36.133316,26752,80257,0.51911141,1.45,36.08,"December 02, 14",0.0145,AENZ
2014-12-01,37.0587864646,37.0587864646,35.9340450855,36.5396750589,36.420773,50592,151779,-0.51911141,-1.4,36.51,"December 01, 14",-0.014,AENZ
2014-11-28,37.722095483,37.722095483,37.2606631224,37.6355769154,37.513111,3666,11001,-0.08651857,-0.22936,37.54,"November 28, 14",-0.0022936,AENZ
2014-11-26,36.8280702843,38.0681697535,36.5685145814,37.9816511859,37.858055,35268,105806,1.15358,3.13,37.54,"November 26, 14",0.0313,AENZ
2014-11-25,36.0782426982,37.0299469421,35.3572546347,36.8569098068,36.736977,103127,309383,0.77866711,2.16,36.41,"November 25, 14",0.0216,AENZ
2014-11-24,36.0494031757,37.0299469421,35.905205563,36.1936007884,36.075829,241991,725975,0.14419761,0.4,36.38,"November 24, 14",0.004,AENZ
2014-11-21,35.6456498601,36.1936007884,35.6168103376,35.9340450855,35.817116,33493,100482,0.28839523,0.80906,35.91,"November 21, 14",0.0080906,AENZ
2014-11-20,34.9535013191,35.4726127249,34.7516246613,35.0111803642,34.897251,26191,78576,0.05767905,0.16502,35.08,"November 20, 14",0.0016502,AENZ
2014-11-19,34.9535013191,35.4149336798,34.5785875261,35.3284151122,35.213455,11312,33937,0.37491379,1.07,35.11,"November 19, 14",0.0107,AENZ
2014-11-18,35.0976989318,35.3284151122,34.6074270486,35.0688594093,34.954742,73844,221535,-0.02883952,-0.08216927,35.0,"November 18, 14",-0.0008216927,AENZ
2014-11-17,34.8958222741,35.587970815,34.5785875261,34.9823408417,34.868507,36011,108035,0.08651857,0.24793,35.05,"November 17, 14",0.0024793,AENZ
2014-11-14,35.3860941572,35.7321684277,34.7516246613,35.0688594093,34.954742,47188,141566,-0.31723475,-0.8965,35.18,"November 14, 14",-0.008965,AENZ
2014-11-13,35.7033289052,35.9773043693,35.3572546347,35.5302917699,35.414677,17649,52950,-0.17303714,-0.48465,35.62,"November 13, 14",-0.0048465,AENZ
2014-11-12,35.7033289052,35.9628846081,35.3860941572,35.587970815,35.472164,13498,40495,-0.11535809,-0.3231,35.65,"November 12, 14",-0.003231,AENZ
2014-11-11,36.4531564912,36.6261936265,35.587970815,35.905205563,35.788368,24939,74820,-0.54795093,-1.5,36.04,"November 11, 14",-0.015,AENZ
2014-11-10,37.4048607351,37.4048607351,35.6168103376,36.3377984011,36.219555,40831,122494,-1.06706,-2.85,36.45,"November 10, 14",-0.0285,AENZ
2014-11-07,37.8951326183,37.9239721408,37.1164655097,37.4625397802,37.340637,14434,43304,-0.43259284,-1.14,37.5,"November 07, 14",-0.0114,AENZ
2014-11-06,38.2700464113,38.2700464113,37.5778978703,37.9239721408,37.800568,5040,15121,-0.34607427,-0.9043,37.92,"November 06, 14",-0.009043,AENZ
2014-11-05,38.5296021142,38.5584416367,37.8662930957,38.2700464113,38.145515,13356,40069,-0.2595557,-0.67365,38.23,"November 05, 14",-0.0067365,AENZ
2014-11-04,38.8756763846,38.8756763846,38.4430835465,38.5296021142,38.404228,5459,16378,-0.34607427,-0.89021,38.62,"November 04, 14",-0.0089021,AENZ
2014-11-03,39.5101458805,39.5101458805,38.5296021142,38.9621949523,38.835411,18375,55126,-0.54795093,-1.39,39.0,"November 03, 14",-0.0139,AENZ
2014-10-31,39.4236273129,39.6255039707,38.9045159072,39.5678249256,39.439068,34702,104108,0.14419761,0.36576,39.37,"October 31, 14",0.0036576,AENZ
2014-10-30,39.16407161,39.5101458805,38.6737997269,38.9045159072,38.77792,10539,31618,-0.2595557,-0.66274,39.03,"October 30, 14",-0.0066274,AENZ
2014-10-29,39.1929111326,39.2217506551,38.6737997269,38.9333554297,38.806667,9599,28800,-0.2595557,-0.66225,38.94,"October 29, 14",-0.0066225,AENZ
2014-10-28,39.7120225383,40.2599734666,38.6737997269,38.9621949523,38.835411,35686,107061,-0.74982759,-1.89,39.3,"October 28, 14",-0.0189,AENZ
2014-10-27,39.6831830158,39.9138991961,38.7314787719,39.6543434932,39.525307,12081,36246,-0.02883952,-0.07267442,39.43,"October 27, 14",-0.0007267442,AENZ
2014-10-24,39.3082692228,39.5101458805,39.2505901777,39.481306358,39.352833,8461,25384,0.17303714,0.44021,39.41,"October 24, 14",0.0044021,AENZ
2014-10-23,39.0198739973,39.0775530424,38.4430835465,39.0198739973,38.892902,21330,63992,0.0,0.0,38.85,"October 23, 14",0.0,AENZ
2014-10-22,38.9621949523,39.4524668355,38.4430835465,38.9045159072,38.77792,10243,30732,-0.05767905,-0.14804,38.93,"October 22, 14",-0.0014804,AENZ
2014-10-21,38.8756763846,39.2217506551,38.3856928967,39.1352320875,39.007885,36666,110001,0.2595557,0.66766,38.91,"October 21, 14",0.0066766,AENZ
2014-10-20,39.0775530424,39.1352320875,38.414244024,38.7314787719,38.605446,16105,48318,-0.34607427,-0.88561,38.76,"October 20, 14",-0.0088561,AENZ
2014-10-17,39.3947877904,39.3947877904,38.6737997269,39.106392565,38.979137,13219,39659,-0.28839523,-0.73206,39.06,"October 17, 14",-0.0073206,AENZ
2014-10-16,36.9145888519,39.4236273129,36.2512798335,39.0198739973,38.892902,21095,63288,2.10529,5.7,38.23,"October 16, 14",0.057,AENZ
2014-10-15,39.9715782412,40.2888129891,39.2505901777,39.7120225383,39.582802,25649,76949,-0.2595557,-0.64935,39.75,"October 15, 14",-0.0064935,AENZ
2014-10-14,40.4906896469,41.298196278,39.8850596736,40.1446153764,40.013981,66149,198450,-0.34607427,-0.8547,40.44,"October 14, 14",-0.008547,AENZ
2014-10-13,41.5000729358,41.5865915035,40.3753315568,40.5195291695,40.38768,24727,74184,-0.98054377,-2.36,40.83,"October 13, 14",-0.0236,AENZ
2014-10-10,40.9809615301,41.0963196203,40.0869363313,40.7790848723,40.646389,39940,119821,-0.20187666,-0.49261,40.65,"October 10, 14",-0.0049261,AENZ
2014-10-09,41.0386405752,41.3847148457,40.3176525117,40.8079243949,40.675137,15522,46567,-0.23071618,-0.56219,40.84,"October 09, 14",-0.0056219,AENZ
2014-10-08,41.615431026,41.615431026,40.3464920342,41.0963196203,40.962589,30034,90103,-0.51911141,-1.25,41.02,"October 08, 14",-0.0125,AENZ
2014-10-07,42.1057029092,42.8266909727,41.7019495936,41.7307891162,41.594997,10665,31997,-0.37491379,-0.89041,42.09,"October 07, 14",-0.0089041,AENZ
2014-10-06,43.374641901,43.374641901,41.8749867289,41.990344819,41.853706,8309,24928,-1.3843,-3.19,42.41,"October 06, 14",-0.0319,AENZ
2014-10-03,42.8266909727,43.4611604686,42.8266909727,43.3458023784,43.204754,14328,42986,0.51911141,1.21,43.21,"October 03, 14",0.0121,AENZ
2014-10-02,42.9997281079,43.2016047657,42.2210609993,42.9420490629,42.802311,13656,40969,-0.05767905,-0.13414,42.79,"October 02, 14",-0.0013414,AENZ
2014-10-01,43.0285676305,43.2884117286,42.4806167022,42.5094562248,42.371132,13392,40179,-0.51911141,-1.21,42.76,"October 01, 14",-0.0121,AENZ
2014-09-30,43.4899999911,43.5188395137,42.8843700178,43.3169628559,43.17601,25171,75515,-0.17303714,-0.39788,43.24,"September 30, 14",-0.0039788,AENZ
2014-09-29,43.9514323518,44.0091113969,43.2592838108,43.5476790362,43.405972,12718,38155,-0.40375332,-0.91864,43.61,"September 29, 14",-0.0091864,AENZ
2014-09-26,44.124469487,44.7300994604,43.7062964102,44.3263461448,44.182106,28216,84651,0.20187666,0.45752,44.25,"September 26, 14",0.0045752,AENZ
2014-09-25,45.0473342083,45.0761737309,43.5765185588,44.0956299645,43.952141,26601,79805,-0.95170424,-2.11,44.25,"September 25, 14",-0.0211,AENZ
2014-09-24,45.7683222718,46.0567174972,44.8454575505,45.2492108661,45.101971,55909,167729,-0.51911141,-1.13,45.38,"September 24, 14",-0.0113,AENZ
2014-09-23,45.9701989296,45.9701989296,44.9896551632,45.566445614,45.418171,18151,54454,-0.40375332,-0.87829,45.51,"September 23, 14",-0.0087829,AENZ
2014-09-22,46.0855570198,46.2297546325,45.1626922985,45.8548408395,45.705627,17998,53997,-0.23071618,-0.50063,45.75,"September 22, 14",-0.0050063,AENZ
2014-09-19,46.1143965423,46.258594155,45.6818037042,46.258594155,46.108067,35266,105800,0.14419761,0.3127,46.07,"September 19, 14",0.003127,AENZ
2014-09-18,46.0278779747,46.575828903,46.0278779747,46.1720755874,46.021828,16766,50300,0.14419761,0.31328,46.26,"September 18, 14",0.0031328,AENZ
2014-09-17,46.1720755874,46.3739522452,45.566445614,46.1720755874,46.021828,11066,33200,0.0,0.0,46.04,"September 17, 14",0.0,AENZ
2014-09-16,46.258594155,46.4893103353,45.9701989296,46.2009151099,46.050579,48499,145500,-0.05767905,-0.12469,46.22,"September 16, 14",-0.0012469,AENZ
2014-09-15,47.1526193538,47.2102983989,46.4316312903,46.7777055608,46.625488,7466,22400,-0.37491379,-0.79511,46.81,"September 15, 14",-0.0079511,AENZ
2014-09-12,47.0084217411,47.5852121919,47.0084217411,47.325656489,47.171658,5833,17500,0.31723475,0.67485,47.31,"September 12, 14",0.0067485,AENZ
2014-09-11,46.8656661045,47.4410145792,46.2297546325,47.4410145792,47.286636,85399,256200,0.57534847,1.23,47.04,"September 11, 14",0.0123,AENZ
2014-09-10,46.4316312903,46.8930636509,46.4316312903,46.575828903,46.424271,71533,214600,0.14419761,0.31056,46.63,"September 10, 14",0.0031056,AENZ
2014-09-09,46.4604708128,46.8065450833,46.1432360649,46.5181498579,46.366779,49533,148600,0.05767905,0.12415,46.49,"September 09, 14",0.0012415,AENZ
2014-09-08,46.6046684255,46.950742696,46.0567174972,46.575828903,46.424271,44399,133200,-0.02883952,-0.06188119,46.53,"September 08, 14",-0.0006188119,AENZ
2014-09-05,46.5469893804,46.6623474706,46.1143965423,46.6046684255,46.453014,15999,48000,0.05767905,0.12392,46.46,"September 05, 14",0.0012392,AENZ
2014-09-04,46.1432360649,46.575828903,46.1432360649,46.3451127226,46.194302,25199,75600,0.20187666,0.4375,46.35,"September 04, 14",0.004375,AENZ
2014-09-03,46.4027917677,46.6046684255,46.0855570198,46.258594155,46.108067,26133,78400,-0.14419761,-0.31075,46.32,"September 03, 14",-0.0031075,AENZ
2014-09-02,47.1237798312,47.2679774439,45.7683222718,46.5181498579,46.366779,25366,76100,-0.60562997,-1.29,46.52,"September 02, 14",-0.0129,AENZ
2014-08-29,47.3544960116,47.4121750566,46.7200265157,47.2391379214,47.085419,5066,15200,-0.11535809,-0.24361,47.12,"August 29, 14",-0.0024361,AENZ
2014-08-28,47.8736074173,47.8736074173,46.9219031735,47.2391379214,47.085419,8833,26500,-0.6344695,-1.33,47.34,"August 28, 14",-0.0133,AENZ
2014-08-27,46.8642241284,47.7870888497,46.8642241284,47.3833355341,47.229153,8333,25000,0.51911141,1.11,47.34,"August 27, 14",0.0111,AENZ
2014-08-26,47.1814588763,47.8736074173,47.0949403087,47.2968169665,47.142914,5966,17900,0.11535809,0.2445,47.42,"August 26, 14",0.002445,AENZ
2014-08-25,47.700570282,47.7294098046,47.3544960116,47.5852121919,47.43037,24733,74200,-0.11535809,-0.24184,47.56,"August 25, 14",-0.0024184,AENZ
2014-08-22,47.642891237,47.9889655075,47.4989820195,47.700570282,47.545349,28566,85700,0.05767905,0.12107,47.73,"August 22, 14",0.0012107,AENZ
2014-08-21,48.3638793005,48.3638793005,47.6717307595,48.01780503,47.861553,147999,444000,-0.34607427,-0.71556,48.02,"August 21, 14",-0.0071556,AENZ
2014-08-20,48.5945954808,48.5945954808,47.5563726693,48.1331631202,47.976536,94533,283600,-0.46143236,-0.94955,48.09,"August 20, 14",-0.0094955,AENZ
2014-08-19,48.4503978681,48.709953571,47.7294098046,48.2773607329,48.120266,56099,168300,-0.17303714,-0.35714,48.24,"August 19, 14",-0.0035714,AENZ
2014-08-18,48.6811140484,48.7964721386,48.0754840751,48.4792373906,48.321484,20133,60400,-0.20187666,-0.41469,48.45,"August 18, 14",-0.0041469,AENZ
2014-08-15,47.7294098046,48.5080769132,47.7294098046,48.1620026427,48.005283,20399,61200,0.43259284,0.90634,48.13,"August 15, 14",0.0090634,AENZ
2014-08-14,47.7870888497,47.9889655075,46.575828903,47.8736074173,47.717827,37766,113300,0.08651857,0.18105,47.48,"August 14, 14",0.0018105,AENZ
2014-08-13,47.6717307595,47.9889655075,47.4410145792,47.8159283722,47.660336,44599,133800,0.14419761,0.30248,47.75,"August 13, 14",0.0030248,AENZ
2014-08-12,47.325656489,48.01780503,47.0949403087,47.700570282,47.545349,28166,84500,0.37491379,0.7922,47.6,"August 12, 14",0.007922,AENZ
2014-08-11,46.8930636509,47.4986936243,46.8065450833,47.2968169665,47.142914,33933,101800,0.40375332,0.86101,47.2,"August 11, 14",0.0086101,AENZ
2014-08-08,47.325656489,47.8015086109,46.7488660382,46.950742696,46.797962,29233,87700,-0.37491379,-0.7922,47.17,"August 08, 14",-0.007922,AENZ
2014-08-07,47.5852121919,47.5852121919,46.7200265157,47.2968169665,47.142914,22499,67500,-0.28839523,-0.60606,47.2,"August 07, 14",-0.0060606,AENZ
2014-08-06,46.4604708128,47.3544960116,46.2874336776,47.2679774439,47.114166,46766,140300,0.80750663,1.74,46.97,"August 06, 14",0.0174,AENZ
2014-08-05,46.8353846058,46.9795822185,46.3451127226,46.4893103353,46.338032,37566,112700,-0.34607427,-0.73892,46.6,"August 05, 14",-0.0073892,AENZ
2014-08-04,48.1043235976,48.392718823,46.8065450833,46.9219031735,46.769218,98566,295700,-1.18242,-2.46,47.37,"August 04, 14",-0.0246,AENZ
2014-08-01,47.9024469398,48.2196816878,47.700570282,48.1908421652,48.034027,40299,120900,0.28839523,0.60205,48.04,"August 01, 14",0.0060205,AENZ
2014-07-31,48.8022400431,48.8022400431,47.9601259849,48.1620026427,48.005283,26999,81000,-0.6402374,-1.31,48.31,"July 31, 14",-0.0131,AENZ
2014-07-30,48.1620026427,49.1425464091,47.8736074173,48.5945954808,48.436466,117833,353500,0.43259284,0.8982,48.54,"July 30, 14",0.008982,AENZ
2014-07-29,48.7964721386,49.459781157,47.8736074173,48.1620026427,48.005283,91833,275500,-0.6344695,-1.3,48.5,"July 29, 14",-0.013,AENZ
2014-07-28,51.0459548968,52.1706962758,48.5945954808,48.7387930935,48.580196,46599,139800,-2.30716,-4.52,49.83,"July 28, 14",-0.0452,AENZ
2014-07-25,52.5744495914,52.5744495914,50.2096087431,50.9305968066,50.764866,101399,304200,-1.64385,-3.13,51.24,"July 25, 14",-0.0313,AENZ
2014-07-24,52.1995357984,52.7763262492,51.7669429603,52.4879310238,52.317131,106333,319000,0.28839523,0.55249,52.34,"July 24, 14",0.0055249,AENZ
2014-07-23,52.978202907,52.9926226682,51.8534615279,52.6032891139,52.432117,31199,93600,-0.37491379,-0.70768,52.48,"July 23, 14",-0.0070768,AENZ
2014-07-22,52.660968159,53.0647214746,52.0841777082,52.3725729336,52.202152,33166,99500,-0.28839523,-0.54765,52.51,"July 22, 14",-0.0054765,AENZ
2014-07-21,52.4014124562,53.035881952,51.911140573,52.6898076816,52.518353,45766,137300,0.28839523,0.55036,52.55,"July 21, 14",0.0055036,AENZ
2014-07-18,53.0647214746,53.0647214746,51.6371651088,52.3725729336,52.202152,20433,61300,-0.69214854,-1.3,52.36,"July 18, 14",-0.013,AENZ
2014-07-17,52.3437334111,52.7763262492,51.911140573,52.1706962758,52.000931,44766,134300,-0.17303714,-0.33058,52.29,"July 17, 14",-0.0033058,AENZ
2014-07-16,51.0171153742,52.8628448168,51.0171153742,52.5456100689,52.374626,31833,95500,1.52849,3.0,52.14,"July 16, 14",0.03,AENZ
2014-07-15,52.3437334111,52.3437334111,51.6227453476,51.7957824828,51.627239,7666,23000,-0.54795093,-1.05,51.92,"July 15, 14",-0.0105,AENZ
2014-07-14,51.9976591406,52.2572148435,51.6515848701,51.911140573,51.742218,41599,124800,-0.08651857,-0.16639,51.94,"July 14, 14",-0.0016639,AENZ
2014-07-11,51.5650663025,52.1706962758,50.9882758517,51.9399800955,51.770966,26333,79000,0.37491379,0.72707,51.7,"July 11, 14",0.0072707,AENZ
2014-07-10,51.7957824828,52.3725729336,50.4403249234,52.0264986631,51.857201,728833,2186500,0.23071618,0.44543,51.61,"July 10, 14",0.0044543,AENZ
2014-07-09,52.3437334111,52.5456100689,51.8534615279,52.4014124562,52.230892,37499,112500,0.05767905,0.11019,52.27,"July 09, 14",0.0011019,AENZ
2014-07-08,52.0553381857,52.5744495914,51.911140573,52.2572148435,52.08717,9099,27300,0.20187666,0.38781,52.25,"July 08, 14",0.0038781,AENZ
2014-07-07,52.2572148435,52.3725729336,51.5650663025,52.2283753209,52.058426,28099,84300,-0.02883952,-0.05518764,52.06,"July 07, 14",-0.0005518764,AENZ
2014-07-03,52.2283753209,52.7763262492,52.2283753209,52.5744495914,52.40337,2266,6800,0.34607427,0.66262,52.53,"July 03, 14",0.0066262,AENZ
2014-07-02,52.0841777082,52.5167705463,51.0171153742,52.1418567533,51.972187,16466,49400,0.05767905,0.11074,51.89,"July 02, 14",0.0011074,AENZ
2014-07-01,51.9399800955,52.4879310238,51.5365151752,52.1130172308,51.943439,17766,53300,0.17303714,0.33315,52.05,"July 01, 14",0.0033315,AENZ
2014-06-30,50.8152387164,52.3437334111,50.1230901755,52.0264986631,51.857201,18966,56900,1.21126,2.38,51.5,"June 30, 14",0.0238,AENZ
2014-06-27,50.2672877882,50.4691644459,49.9212135177,50.4114854009,50.247444,4799,14400,0.14419761,0.28686,50.27,"June 27, 14",0.0028686,AENZ
2014-06-26,50.0077320853,50.2096087431,49.4889090748,50.2096087431,50.046227,15799,47400,0.20187666,0.40369,49.97,"June 26, 14",0.0040369,AENZ
2014-06-25,50.526843491,50.526843491,49.7481763824,50.2384482656,50.07497,20799,62400,-0.28839523,-0.57078,50.17,"June 25, 14",-0.0057078,AENZ
2014-06-24,49.459781157,50.0654111304,49.459781157,49.9212135177,49.75877,9699,29100,0.46143236,0.93294,49.82,"June 24, 14",0.0093294,AENZ
2014-06-23,49.5462997246,49.6616578148,49.0271883189,49.6616578148,49.500057,20966,62900,0.11535809,0.23283,49.45,"June 23, 14",0.0023283,AENZ
2014-06-20,49.4886206796,49.8058554275,49.2867440218,49.8058554275,49.643787,13566,40700,0.31723475,0.64103,49.63,"June 20, 14",0.0064103,AENZ
2014-06-19,49.459781157,49.4883322843,48.9435537035,49.2579044992,49.097618,12033,36100,-0.20187666,-0.40816,49.23,"June 19, 14",-0.0040816,AENZ
2014-06-18,48.3350397779,48.9406697513,48.1620026427,48.8829907062,48.723923,43266,129800,0.54795093,1.13,48.66,"June 18, 14",0.0113,AENZ
2014-06-17,47.8736074173,48.9406697513,47.0372612636,48.5945954808,48.436466,47533,142600,0.72098806,1.51,48.19,"June 17, 14",0.0151,AENZ
2014-06-16,46.7488660382,47.3833355341,46.575828903,47.2679774439,47.114166,4766,14300,0.51911141,1.11,47.08,"June 16, 14",0.0111,AENZ
2014-06-13,46.6046684255,47.0661007862,46.3739522452,46.9219031735,46.769218,9266,27800,0.31723475,0.68069,46.79,"June 13, 14",0.0068069,AENZ
2014-06-12,46.6046684255,46.950742696,46.3739522452,46.6623474706,46.510506,107066,321200,0.05767905,0.12376,46.66,"June 12, 14",0.0012376,AENZ
2014-06-11,47.2391379214,47.2391379214,46.6623474706,46.7200265157,46.567997,12366,37100,-0.51911141,-1.1,46.87,"June 11, 14",-0.011,AENZ
2014-06-10,47.4410145792,47.5563726693,47.0084217411,47.0949403087,46.941696,15899,47700,-0.34607427,-0.72948,47.22,"June 10, 14",-0.0072948,AENZ
2014-06-09,47.123491436,47.6140517144,46.6911869931,47.5563726693,47.401623,2499,7500,0.43288123,0.91861,47.29,"June 09, 14",0.0091861,AENZ
2014-06-06,46.6046684255,47.8447678948,46.3739522452,46.9795822185,46.82671,15033,45100,0.37491379,0.80446,47.07,"June 06, 14",0.0080446,AENZ
2014-06-05,47.9601259849,48.4792373906,45.9701989296,46.4316312903,46.28054,23733,71200,-1.52849,-3.19,46.96,"June 05, 14",-0.0319,AENZ
2014-06-04,47.6140517144,48.1908421652,46.9795822185,47.700570282,47.545349,10566,31700,0.08651857,0.18171,47.62,"June 04, 14",0.0018171,AENZ
2014-06-03,47.5852121919,47.7870888497,47.1237798312,47.325656489,47.171658,13233,39700,-0.2595557,-0.54545,47.41,"June 03, 14",-0.0054545,AENZ
2014-06-02,48.1620026427,48.1620026427,46.8642241284,47.4410145792,47.286636,27266,81800,-0.72098806,-1.5,47.49,"June 02, 14",-0.015,AENZ
2014-05-30,47.7870888497,48.3062002554,46.8353846058,48.1620026427,48.005283,21866,65600,0.37491379,0.78455,47.77,"May 30, 14",0.0078455,AENZ
2014-05-29,47.4410145792,48.2196816878,47.4156357993,48.0754840751,47.919044,9833,29500,0.6344695,1.34,47.9,"May 29, 14",0.0134,AENZ
2014-05-28,46.7488660382,47.7294098046,46.7488660382,47.700570282,47.545349,19199,57600,0.95170424,2.04,47.39,"May 28, 14",0.0204,AENZ
2014-05-27,48.3350397779,48.3638793005,46.633507948,46.633507948,46.481758,14633,43900,-1.70153,-3.52,47.21,"May 27, 14",-0.0352,AENZ
2014-05-23,47.642891237,48.3638793005,47.642891237,48.3638793005,48.206505,31099,93300,0.72098806,1.51,48.12,"May 23, 14",0.0151,AENZ
2014-05-22,47.8447678948,48.392718823,47.3544960116,47.4986936243,47.344131,9133,27400,-0.34607427,-0.72333,47.75,"May 22, 14",-0.0072333,AENZ
2014-05-21,47.8159283722,49.0502599369,47.325656489,47.5852121919,47.43037,7866,23600,-0.23071618,-0.48251,47.99,"May 21, 14",-0.0048251,AENZ
2014-05-20,48.1620026427,48.1620026427,47.700570282,47.9024469398,47.746574,15133,45400,-0.2595557,-0.53892,47.92,"May 20, 14",-0.0053892,AENZ
2014-05-19,48.2196816878,48.3062002554,48.01780503,48.0754840751,47.919044,10033,30100,-0.14419761,-0.29904,48.13,"May 19, 14",-0.0029904,AENZ
2014-05-16,48.7964721386,48.7964721386,48.0489517143,48.2773607329,48.120266,23866,71600,-0.51911141,-1.06,48.37,"May 16, 14",-0.0106,AENZ
2014-05-15,48.5369164357,49.5462997246,48.0466445525,48.6811140484,48.522705,100366,301100,0.14419761,0.29709,48.76,"May 15, 14",0.0029709,AENZ
2014-05-14,50.7863991939,50.7863991939,49.3155835443,49.6904973373,49.528801,31033,93100,-1.0959,-2.16,49.93,"May 14, 14",-0.0216,AENZ
2014-05-13,50.9594363291,50.9594363291,49.9500530402,50.0654111304,49.902496,9133,27400,-0.8940252,-1.75,50.32,"May 13, 14",-0.0175,AENZ
2014-05-12,50.9882758517,52.1983822175,50.6424899764,50.7863991939,50.621143,14299,42900,-0.20187666,-0.39593,51.21,"May 12, 14",-0.0039593,AENZ
2014-05-09,49.777015905,51.5650663025,49.777015905,51.1324734644,50.966084,364566,1093700,1.35546,2.72,50.82,"May 09, 14",0.0272,AENZ
2014-05-08,49.8635344726,49.9500530402,49.2579044992,49.9500530402,49.787514,5866,17600,0.08651857,0.17351,49.72,"May 08, 14",0.0017351,AENZ
2014-05-07,50.0654111304,50.0654111304,49.0271883189,49.6904973373,49.528801,12399,37200,-0.37491379,-0.74885,49.59,"May 07, 14",-0.0074885,AENZ
2014-05-06,50.0942506529,50.0942506529,49.459781157,49.6904973373,49.528801,5466,16400,-0.40375332,-0.80599,49.75,"May 06, 14",-0.0080599,AENZ
2014-05-05,50.0365716078,50.2384482656,49.83469495,49.9788925628,49.816261,3699,11100,-0.05767905,-0.11527,50.02,"May 05, 14",-0.0011527,AENZ
2014-05-02,49.7481763824,50.6422015812,49.7478879872,50.5556830136,50.391171,3266,9800,0.80750663,1.62,50.32,"May 02, 14",0.0162,AENZ
2014-05-01,50.5556830136,50.6998806263,50.3538063558,50.4114854009,50.247444,2699,8100,-0.14419761,-0.28523,50.49,"May 01, 14",-0.0028523,AENZ
2014-04-30,50.2672877882,51.1036339418,50.1807692205,50.4691644459,50.304935,12466,37400,0.20187666,0.40161,50.58,"April 30, 14",0.0040161,AENZ
2014-04-29,50.1230901755,50.7287201488,50.1230901755,50.4114854009,50.247444,25833,77500,0.28839523,0.57537,50.42,"April 29, 14",0.0057537,AENZ
2014-04-28,51.218992032,51.218992032,49.9500530402,50.2961273107,50.132462,91166,273500,-0.92286472,-1.8,50.49,"April 28, 14",-0.018,AENZ
2014-04-25,51.8534615279,51.911140573,51.1613129869,51.3343501222,51.167305,10266,30800,-0.51911141,-1.0,51.47,"April 25, 14",-0.01,AENZ
2014-04-24,52.1706962758,52.4302519787,51.5650663025,52.0264986631,51.857201,86299,258900,-0.14419761,-0.2764,52.01,"April 24, 14",-0.002764,AENZ
2014-04-23,51.7996361253,52.4524534572,51.4590357781,51.7428694007,51.523754,18366,55100,-0.05676672,-0.10959,51.88,"April 23, 14",-0.0010959,AENZ
2014-04-22,52.1686198346,52.3956867327,51.2035855178,51.5441858649,51.325912,20099,60300,-0.62443397,-1.2,51.71,"April 22, 14",-0.012,AENZ
2014-04-21,51.0616687065,51.3171189668,50.2953179255,51.0900520687,50.873699,15566,46700,0.02838336,0.05558644,50.9,"April 21, 14",0.0005558644,AENZ
2014-04-17,50.2953179255,51.5441858649,50.0682510274,50.7210683594,50.506279,11699,35100,0.42575043,0.8465,50.78,"April 17, 14",0.008465,AENZ
2014-04-16,49.159983435,50.35208465,48.6490829143,50.2669345632,50.05407,15899,47700,1.10695,2.25,49.76,"April 16, 14",0.0225,AENZ
2014-04-15,49.699267318,50.8961937045,48.280099205,49.3019002463,49.093124,40433,121300,-0.39736707,-0.79954,49.49,"April 15, 14",-0.0079954,AENZ
2014-04-14,48.8193830879,49.7844174048,48.393632654,49.5289671444,49.319225,35533,106600,0.70958406,1.45,49.24,"April 14, 14",0.0145,AENZ
2014-04-11,47.9962655824,48.932916537,47.740815322,48.6490829143,48.443069,45999,138000,0.65281733,1.36,48.44,"April 11, 14",0.0136,AENZ
2014-04-10,47.08799799,48.2517158427,46.7757810052,47.9678822201,47.764755,40966,122900,0.87988423,1.87,47.67,"April 10, 14",0.0187,AENZ
2014-04-09,46.8041643674,47.6556652352,46.8041643674,47.2582981636,47.058174,159166,477500,0.4541338,0.97029,47.24,"April 09, 14",0.0097029,AENZ
2014-04-08,46.6054808316,47.2299148013,46.4067972958,46.8893144542,46.690754,74233,222700,0.28383362,0.60901,46.84,"April 08, 14",0.0060901,AENZ
2014-04-07,48.2233324804,48.7342330011,46.2648804845,47.0312312655,46.832069,86833,260500,-1.1921,-2.47,47.34,"April 07, 14",-0.0247,AENZ
2014-04-04,48.9896832615,49.2025584784,47.7975820465,48.0246489446,47.821278,82766,248300,-0.96503432,-1.97,48.34,"April 04, 14",-0.0197,AENZ
2014-04-03,48.8193830879,48.9896832615,48.0530323069,48.6774662766,48.471333,48999,147000,-0.14191681,-0.2907,48.57,"April 03, 14",-0.002907,AENZ
2014-04-02,48.7909997257,49.2167501596,48.3084825672,48.932916537,48.725704,18299,54900,0.14191681,0.29087,48.82,"April 02, 14",0.0029087,AENZ
2014-04-01,49.3019002463,49.3019002463,48.0104572635,48.3652492917,48.160439,122233,366700,-0.93665095,-1.9,48.56,"April 01, 14",-0.019,AENZ
2014-03-31,49.3586669709,50.1534011142,48.9612998992,48.9896832615,48.782223,40199,120600,-0.36898371,-0.74756,49.37,"March 31, 14",-0.0074756,AENZ
2014-03-28,49.3586669709,49.6425005935,48.9896832615,49.0748333483,48.867016,106999,321000,-0.28383362,-0.57504,49.24,"March 28, 14",-0.0057504,AENZ
2014-03-27,49.3019002463,49.6708839557,48.1097990314,48.9612998992,48.753963,65566,196700,-0.34060035,-0.69085,48.91,"March 27, 14",-0.0069085,AENZ
2014-03-26,50.0966343896,50.3804680122,48.8193830879,49.4722004199,49.262703,52366,157100,-0.62443397,-1.25,49.56,"March 26, 14",-0.0125,AENZ
2014-03-25,49.7276506802,50.7494517216,49.1032167105,49.8411841293,49.630119,78099,234300,0.11353345,0.22831,49.9,"March 25, 14",0.0022831,AENZ
2014-03-24,50.8062184461,50.8629851707,48.6774662766,48.9896832615,48.782223,90566,271700,-1.81654,-3.58,49.51,"March 24, 14",-0.0358,AENZ
2014-03-21,53.2188042383,53.2188042383,49.6708839557,50.5223848235,50.308437,104833,314500,-2.69642,-5.07,51.14,"March 21, 14",-0.0507,AENZ
2014-03-20,54.5528222645,54.5528222645,52.1118531101,52.9633539779,52.739071,33566,100700,-1.58947,-2.91,53.21,"March 20, 14",-0.0291,AENZ
2014-03-19,53.843238208,54.0135383816,51.5441858649,52.1686198346,51.947701,73199,219600,-1.67462,-3.11,52.58,"March 19, 14",-0.0311,AENZ
2014-03-18,53.9000049325,55.0069560607,53.5594045854,54.0135383816,53.784809,49233,147700,0.11353345,0.21064,54.19,"March 18, 14",0.0021064,AENZ
2014-03-17,53.729704759,54.4392888155,53.6445546722,53.9851550193,53.756546,23499,70500,0.25545026,0.47544,54.02,"March 17, 14",0.0047544,AENZ
2014-03-14,54.9218059739,55.5178565814,52.9633539779,53.729704759,53.502178,43533,130600,-1.1921,-2.17,54.07,"March 14, 14",-0.0217,AENZ
2014-03-13,55.9436070153,56.0571404643,54.9218059739,54.9785726984,54.745754,9533,28600,-0.96503432,-1.73,55.32,"March 13, 14",-0.0173,AENZ
2014-03-12,56.0287571021,56.3409740869,55.8442652474,55.9719903775,55.734962,91366,274100,-0.05676672,-0.10132,56.05,"March 12, 14",-0.0010132,AENZ
2014-03-11,56.1139071888,56.5396576227,55.7733068417,56.0287571021,55.791492,139533,418600,-0.08515009,-0.15175,56.11,"March 11, 14",-0.0015175,AENZ
2014-03-10,56.7383411586,56.7667245208,54.7231224381,56.1706739134,55.932808,25366,76100,-0.56766725,-1.0,55.89,"March 10, 14",-0.01,AENZ
2014-03-07,56.3977408114,57.1640915925,56.0287571021,56.7383411586,56.49807,53899,161700,0.34060035,0.60393,56.64,"March 07, 14",0.0060393,AENZ
2014-03-06,54.6379723513,58.4697262565,54.6379723513,56.4261241737,56.187176,135233,405700,1.78815,3.27,56.51,"March 06, 14",0.0327,AENZ
2014-03-05,54.7571824728,54.7571824728,53.3039543251,53.4742544986,53.247807,15333,46000,-1.28293,-2.34,53.85,"March 05, 14",-0.0234,AENZ
2014-03-04,54.0419217438,54.9501893362,53.076887427,54.0135383816,53.784809,64366,193100,-0.02838336,-0.05252101,54.01,"March 04, 14",-0.0005252101,AENZ
2014-03-03,53.9851550193,53.9851550193,52.7930538044,53.6161713099,53.389126,8399,25200,-0.36898371,-0.68349,53.46,"March 03, 14",-0.0068349,AENZ
2014-02-28,53.7580881212,54.2406052797,52.9917373402,53.843238208,53.615231,14066,42200,0.08515009,0.15839,53.69,"February 28, 14",0.0015839,AENZ
2014-02-27,54.1554551929,54.3541387287,53.3749127307,53.956771657,53.728279,15466,46400,-0.19868354,-0.36688,53.9,"February 27, 14",-0.0036688,AENZ
2014-02-26,54.49605554,54.6947390758,53.4742544986,53.8148548457,53.586967,10799,32400,-0.68120069,-1.25,53.99,"February 26, 14",-0.0125,AENZ
2014-02-25,54.49605554,54.8366558871,53.956771657,54.382522091,54.152229,16633,49900,-0.11353345,-0.20833,54.39,"February 25, 14",-0.0020833,AENZ
2014-02-24,55.148872872,55.6597733927,54.4676721777,54.8650392494,54.632706,18999,57000,-0.28383362,-0.51467,55.0,"February 24, 14",-0.0051467,AENZ
2014-02-21,53.1620375138,55.0637227852,53.1336541515,54.5528222645,54.321808,41133,123400,1.39078,2.62,54.25,"February 21, 14",0.0262,AENZ
2014-02-20,52.7646704421,53.4458711364,52.5943702685,52.8782038912,52.654278,33999,102000,0.11353345,0.21517,52.97,"February 20, 14",0.0021517,AENZ
2014-02-19,54.7231224381,54.7231224381,53.3891044118,53.6161713099,53.389126,96533,289600,-1.10695,-2.02,53.91,"February 19, 14",-0.0202,AENZ
2014-02-18,56.3977408114,56.4261241737,54.4109054532,54.5244389023,54.293545,94099,282300,-1.8733,-3.32,55.12,"February 18, 14",-0.0332,AENZ
2014-02-14,55.3475564078,58.1007425471,55.3475564078,56.0855238266,55.848019,25233,75700,0.73796742,1.33,56.51,"February 14, 14",0.0133,AENZ
2014-02-13,55.2056395965,56.0003737398,54.9785726984,55.5746233059,55.339283,16499,49500,0.36898371,0.66838,55.52,"February 13, 14",0.0066838,AENZ
2014-02-12,53.9851550193,56.0287571021,53.9851550193,55.4610898568,55.226227,30266,90800,1.47593,2.73,55.16,"February 12, 14",0.0273,AENZ
2014-02-11,54.0986884683,54.6663557136,52.8782038912,54.0986884683,53.869598,37733,113200,0.0,0.0,53.88,"February 11, 14",0.0,AENZ
2014-02-10,55.0353394229,55.3333647267,54.2406052797,54.2406052797,54.010914,3866,11600,-0.79473414,-1.44,54.6,"February 10, 14",-0.0144,AENZ
2014-02-07,56.454507536,56.454507536,54.5244389023,55.2056395965,54.971855,30533,91600,-1.24887,-2.21,55.39,"February 07, 14",-0.0221,AENZ
2014-02-06,55.0637227852,56.2274406379,54.49605554,55.1772562342,54.943596,12266,36800,0.11353345,0.20619,55.3,"February 06, 14",0.0020619,AENZ
2014-02-05,55.7449234795,56.0287571021,54.6379723513,55.2056395965,54.971855,98233,294700,-0.53928388,-0.96741,55.29,"February 05, 14",-0.0096741,AENZ
2014-02-04,57.3627751283,57.3627751283,55.3475564078,55.7165401172,55.480595,55766,167300,-1.64624,-2.87,56.14,"February 04, 14",-0.0287,AENZ
2014-02-03,59.0657768639,59.6050607469,57.0789415057,57.7601421999,57.515541,18166,54500,-1.30563,-2.21,58.15,"February 03, 14",-0.0221,AENZ
2014-01-31,59.0373935017,59.8888943695,56.8518746076,59.832127645,59.578758,14533,43600,0.79473414,1.35,58.86,"January 31, 14",0.0135,AENZ
2014-01-30,56.6248077095,58.0155924603,56.5396576227,58.0155924603,57.769913,17566,52700,1.39078,2.46,57.52,"January 30, 14",0.0246,AENZ
2014-01-29,58.0439758225,58.3561928074,56.0287571021,56.5964243473,56.356754,22333,67000,-1.44755,-2.49,56.99,"January 29, 14",-0.0249,AENZ
2014-01-28,57.107324868,58.526492981,56.9086413321,58.4697262565,58.222122,27366,82100,1.3624,2.39,57.97,"January 28, 14",0.0239,AENZ
2014-01-27,56.9654080566,58.0865508659,56.9654080566,57.4479252151,57.204655,20033,60100,0.48251716,0.84704,57.5,"January 27, 14",0.0084704,AENZ
2014-01-24,57.0789415057,59.3930370308,57.0789415057,59.0941602262,58.843914,2499,7500,2.01522,3.53,58.52,"January 24, 14",0.0353,AENZ
2014-01-23,60.0308111808,61.6202794674,59.0373935017,59.4347605733,59.183075,19799,59400,-0.59605061,-0.99291,60.03,"January 23, 14",-0.0099291,AENZ
2014-01-22,61.5635127428,61.8189630032,61.0242288599,61.5635127428,61.302811,5999,18000,0.0,0.0,61.47,"January 22, 14",0.0,AENZ
2014-01-21,61.9324964522,62.131179988,60.1443446298,61.0526122221,60.794071,338699,1016100,-0.87988423,-1.42,61.11,"January 21, 14",-0.0142,AENZ
2014-01-17,61.4499792938,62.5001636974,61.4499792938,61.8757297277,61.613705,192833,578500,0.42575043,0.69284,61.94,"January 17, 14",0.0069284,AENZ
2014-01-16,61.7338129164,61.9324964522,61.0242288599,61.1945290335,60.93539,18066,54200,-0.53928388,-0.87356,61.38,"January 16, 14",-0.0087356,AENZ
2014-01-15,61.9324964522,62.670463871,61.0526122221,61.3364458448,61.076702,78966,236900,-0.59605061,-0.96242,61.69,"January 15, 14",-0.0096242,AENZ
2014-01-14,61.7338129164,62.8123806823,61.2796791202,62.3582468861,62.094177,48966,146900,0.62443397,1.01,62.15,"January 14, 14",0.0101,AENZ
2014-01-13,61.0809955844,62.0460299013,60.7687785995,61.251295758,60.991909,24366,73100,0.17030017,0.27881,61.36,"January 13, 14",0.0027881,AENZ
2014-01-10,61.5067460183,62.1595633503,61.3932125693,61.9608798145,61.69849,2133,6400,0.4541338,0.73835,61.84,"January 10, 14",0.0073835,AENZ
2014-01-09,61.3080624825,62.1595633503,61.1377623089,61.9324964522,61.670231,6199,18600,0.62443397,1.02,61.74,"January 09, 14",0.0102,AENZ
2014-01-08,60.6552451505,61.6770461919,60.6552451505,61.5067460183,61.246284,30833,92500,0.85150087,1.4,61.28,"January 08, 14",0.014,AENZ
2014-01-07,60.4849449769,61.4215959315,60.4849449769,60.8255453241,60.56797,17033,51100,0.34060035,0.56312,60.91,"January 07, 14",0.0056312,AENZ
2014-01-06,60.6552451505,60.7687785995,59.6904946673,60.598478426,60.341866,2933,8800,-0.05676672,-0.09358914,60.35,"January 06, 14",-0.0009358914,AENZ
2014-01-03,57.9304423735,61.3929287357,57.9020590112,60.8255453241,60.56797,14433,43300,2.8951,5.0,60.04,"January 03, 14",0.05,AENZ
2014-01-02,60.5814484086,61.2229123957,59.8605110072,60.5417117015,60.285339,5166,15500,-0.03973671,-0.0655922,60.54,"January 02, 14",-0.000655922,AENZ
2013-12-31,60.7687785995,60.9958454976,59.8775410246,60.2578780789,60.002705,9033,27100,-0.51090052,-0.84073,60.38,"December 31, 13",-0.0084073,AENZ
2013-12-30,59.4631439356,61.0242288599,59.4631439356,60.6552451505,60.398388,15666,47000,1.1921,2.0,60.38,"December 30, 13",0.02,AENZ
2013-12-27,60.0308111808,60.4281782524,58.6542181111,59.1225435884,58.872177,7166,21500,-0.90826759,-1.51,59.4,"December 27, 13",-0.0151,AENZ
2013-12-26,59.3212271243,60.7687785995,58.4441812304,59.6618274714,59.40918,6266,18800,0.34060035,0.57416,59.62,"December 26, 13",0.0057416,AENZ
2013-12-24,59.832127645,60.1159612676,57.7317588377,59.4631439356,59.211334,11766,35300,-0.36898371,-0.6167,59.1,"December 24, 13",-0.006167,AENZ
2013-12-23,61.251295758,61.7338129164,60.9958454976,61.1945290335,60.93539,5599,16800,-0.05676672,-0.09267841,61.31,"December 23, 13",-0.0009267841,AENZ
2013-12-20,60.9106954108,61.3080624825,60.1443446298,61.0526122221,60.794071,30366,91100,0.14191681,0.23299,60.84,"December 20, 13",0.0023299,AENZ
2013-12-19,61.1945290335,62.0204848752,60.3146448034,60.9390787731,60.681023,50633,151900,-0.25545026,-0.41744,61.09,"December 19, 13",-0.0041744,AENZ
2013-12-18,57.3060084038,61.2938708014,57.3060084038,60.8539286863,60.596226,108633,325900,3.54792,6.19,59.82,"December 18, 13",0.0619,AENZ
2013-12-17,59.6050607469,60.2578780789,58.0042391154,59.8888943695,59.635281,90499,271500,0.28383362,0.47619,59.38,"December 17, 13",0.0047619,AENZ
2013-12-16,56.1422905511,59.3779938488,55.1772562342,59.3779938488,59.126545,66999,201000,3.2357,5.76,57.98,"December 16, 13",0.0576,AENZ
2013-12-13,54.2973720042,55.915223653,54.2973720042,55.6313900304,55.395809,47066,141200,1.33402,2.46,55.28,"December 13, 13",0.0246,AENZ
2013-12-12,53.7013213967,56.0287571021,53.0485040647,54.609588989,54.378334,64666,194000,0.90826759,1.69,54.56,"December 12, 13",0.0169,AENZ
2013-12-11,53.4174877741,54.0703051061,53.3607210496,53.6729380344,53.445648,3766,11300,0.25545026,0.47821,53.7,"December 11, 13",0.0047821,AENZ
2013-12-10,52.537603544,54.5528222645,52.537603544,53.6445546722,53.417385,46366,139100,1.10695,2.11,53.58,"December 10, 13",0.0211,AENZ
2013-12-09,53.5877879477,54.0703051061,52.5659869063,52.9917373402,52.76733,36699,110100,-0.59605061,-1.11,53.21,"December 09, 13",-0.0111,AENZ
2013-12-06,53.3607210496,54.0135383816,53.076887427,53.2471876005,53.021702,8566,25700,-0.11353345,-0.21277,53.45,"December 06, 13",-0.0021277,AENZ
2013-12-05,53.6161713099,53.6161713099,52.6227536308,53.0201207025,52.795597,8166,24500,-0.59605061,-1.11,53.09,"December 05, 13",-0.0111,AENZ
2013-12-04,54.0277300627,54.0419217438,53.3607210496,53.9283882948,53.700016,16199,48600,-0.09934177,-0.18387,53.78,"December 04, 13",-0.0018387,AENZ
2013-12-03,55.8584569285,55.8584569285,53.5877879477,54.2973720042,54.06744,24566,73700,-1.56108,-2.79,54.58,"December 03, 13",-0.0279,AENZ
2013-12-02,55.6597733927,56.7667245208,55.6597733927,55.8300735662,55.593651,76299,228900,0.17030017,0.30597,56.09,"December 02, 13",0.0030597,AENZ
2013-11-29,56.0571404643,56.7667245208,55.6313900304,55.915223653,55.67844,25299,75900,-0.14191681,-0.25316,56.1,"November 29, 13",-0.0025316,AENZ
2013-11-27,56.3125907247,57.2492416793,56.3125907247,56.6248077095,56.385017,20399,61200,0.31221698,0.55444,56.73,"November 27, 13",0.0055444,AENZ
2013-11-26,56.7667245208,56.9086413321,56.1422905511,56.3977408114,56.158916,15599,46800,-0.36898371,-0.65,56.48,"November 26, 13",-0.0065,AENZ
2013-11-25,57.0789415057,57.0789415057,56.0003737398,56.7667245208,56.526333,9033,27100,-0.31221698,-0.54699,56.62,"November 25, 13",-0.0054699,AENZ
2013-11-22,56.8234912453,57.5614586641,56.454507536,56.7667245208,56.526333,26766,80300,-0.05676672,-0.0999001,56.93,"November 22, 13",-0.000999001,AENZ
2013-11-21,57.220858317,57.6182253886,56.0571404643,56.0855238266,55.848019,14766,44300,-1.13533,-1.98,56.59,"November 21, 13",-0.0198,AENZ
2013-11-20,56.6531910718,57.107324868,56.5396576227,56.7383411586,56.49807,5733,17200,0.08515009,0.1503,56.8,"November 20, 13",0.001503,AENZ
2013-11-19,58.4129595319,58.4413428942,55.5746233059,56.9370246944,56.695915,15733,47200,-1.47593,-2.53,56.98,"November 19, 13",-0.0253,AENZ
2013-11-18,59.3779938488,59.406377211,57.5046919396,58.2994260829,58.052544,30333,91000,-1.07857,-1.82,58.4,"November 18, 13",-0.0182,AENZ
2013-11-15,59.4347605733,59.6902108336,59.0657768639,59.6334441091,59.380913,1633,4900,0.19868354,0.33429,59.46,"November 15, 13",0.0033429,AENZ
2013-11-14,59.179310313,60.0875779053,59.179310313,59.2644603997,59.013496,3399,10200,0.08515009,0.14388,59.51,"November 14, 13",0.0014388,AENZ
2013-11-13,59.2360770375,59.4319222371,59.179310313,59.179310313,58.928703,2799,8400,-0.05676672,-0.09583134,59.26,"November 13, 13",-0.0009583134,AENZ
2013-11-12,58.5832597055,60.5133283392,58.4697262565,59.3212271243,59.070019,23733,71200,0.73796742,1.26,59.43,"November 12, 13",0.0126,AENZ
2013-11-11,59.292843762,59.3779938488,58.64002643,58.8954766904,58.646072,766,2300,-0.39736707,-0.67018,58.97,"November 11, 13",-0.0067018,AENZ
2013-11-08,60.4849449769,60.4849449769,58.1007425471,59.1509269507,58.900444,9599,28800,-1.33402,-2.21,59.25,"November 08, 13",-0.0221,AENZ
2013-11-07,58.4413428942,60.1727279921,58.4413428942,60.0308111808,59.7766,3466,10400,1.58947,2.72,59.55,"November 07, 13",0.0272,AENZ
2013-11-06,60.6836285128,61.0242288599,59.9740444563,60.8823120486,60.624493,1266,3800,0.19868354,0.32741,60.63,"November 06, 13",0.0032741,AENZ
2013-11-05,62.6241989905,62.6241989905,60.8823120486,61.1377623089,60.87886,31133,93400,-1.48644,-2.37,61.55,"November 05, 13",-0.0237,AENZ
2013-11-04,62.3582468861,62.7556139578,61.9324964522,62.6420805087,62.376812,20533,61600,0.28383362,0.45517,62.44,"November 04, 13",0.0045517,AENZ
2013-11-01,61.7338129164,62.8384933756,61.3080624825,62.2730967993,62.009392,63666,191000,0.53928388,0.87356,62.14,"November 01, 13",0.0087356,AENZ
2013-10-31,60.5133283392,61.7338129164,60.4849449769,61.4783626561,61.218025,36866,110600,0.96503432,1.59,61.23,"October 31, 13",0.0159,AENZ
2013-10-30,61.1661456712,61.3364458448,60.0024278185,60.5133283392,60.257072,26366,79100,-0.65281733,-1.07,60.62,"October 30, 13",-0.0107,AENZ
2013-10-29,60.3430281656,61.0526122221,59.8037442827,61.0526122221,60.794071,11633,34900,0.70958406,1.18,60.64,"October 29, 13",0.0118,AENZ
2013-10-28,61.0242288599,61.0242288599,60.0024278185,60.4849449769,60.228813,46966,140900,-0.53928388,-0.88372,60.5,"October 28, 13",-0.0088372,AENZ
2013-10-25,60.7403952373,61.1621720005,59.292843762,61.0809955844,60.822334,22699,68100,0.34060035,0.56075,60.51,"October 25, 13",0.0056075,AENZ
2013-10-24,59.0828068813,60.4281782524,58.7535598791,60.4281782524,60.172283,29533,88600,1.34537,2.28,59.87,"October 24, 13",0.0228,AENZ
2013-10-23,58.1291259093,58.8670933281,58.1291259093,58.8670933281,58.617809,3199,9600,0.73796742,1.27,58.62,"October 23, 13",0.0127,AENZ
2013-10-22,57.6749921132,58.9522434149,57.2123433083,58.1858926338,57.939491,89099,267300,0.51090052,0.88583,58.12,"October 22, 13",0.0088583,AENZ
2013-10-21,58.1291259093,58.200084315,57.4195418528,57.7601421999,57.515541,27199,81600,-0.36898371,-0.63477,57.79,"October 21, 13",-0.0063477,AENZ
2013-10-18,55.7449234795,59.2076936752,55.7449234795,57.8169089245,57.572071,116266,348800,2.07199,3.72,57.59,"October 18, 13",0.0372,AENZ
2013-10-17,55.5178565814,56.0855238266,54.1270718306,55.1772562342,54.943596,73699,221100,-0.34060035,-0.6135,55.13,"October 17, 13",-0.006135,AENZ
2013-10-16,55.3191730455,56.2842073624,54.8366558871,56.0287571021,55.791492,22433,67300,0.70958406,1.28,55.72,"October 16, 13",0.0128,AENZ
2013-10-15,54.9218059739,55.5462399436,53.9283882948,55.2340229588,55.000126,26466,79400,0.31221698,0.56848,54.9,"October 15, 13",0.0056848,AENZ
2013-10-14,55.2340229588,55.2340229588,54.9218059739,55.2056395965,54.971855,1899,5700,-0.02838336,-0.05138746,55.12,"October 14, 13",-0.0005138746,AENZ
2013-10-11,56.0855238266,56.0855238266,54.9785726984,55.7165401172,55.480595,4366,13100,-0.36898371,-0.65789,55.59,"October 11, 13",-0.0065789,AENZ
2013-10-10,55.4610898568,56.4828908982,55.0921061475,55.8868402908,55.650177,132799,398400,0.42575043,0.76766,55.82,"October 10, 13",0.0076766,AENZ
2013-10-09,55.2340229588,56.0571404643,54.6947390758,55.7165401172,55.480595,15199,45600,0.48251716,0.87359,55.49,"October 09, 13",0.0087359,AENZ
2013-10-08,55.6030066682,55.9719903775,54.7798891626,55.2907896833,55.056648,13733,41200,-0.31221698,-0.56151,55.35,"October 08, 13",-0.0056151,AENZ
2013-10-07,55.6313900304,56.1990572756,53.9283882948,55.7449234795,55.508858,8199,24600,0.11353345,0.20408,55.29,"October 07, 13",0.0020408,AENZ
2013-10-04,52.424070095,56.3409740869,51.9699362988,56.2274406379,55.989334,45799,137400,3.80337,7.26,54.85,"October 04, 13",0.0726,AENZ
2013-10-03,55.6597733927,55.801690204,52.2253865592,52.5659869063,52.343391,25666,77000,-3.09379,-5.56,53.53,"October 03, 13",-0.0556,AENZ
2013-10-02,55.262406321,55.8868402908,55.262406321,55.5178565814,55.282757,11566,34700,0.25545026,0.46225,55.56,"October 02, 13",0.0046225,AENZ
2013-10-01,56.454507536,56.681574434,55.4327064946,55.5178565814,55.282757,6199,18600,-0.93665095,-1.66,55.88,"October 01, 13",-0.0166,AENZ
2013-09-30,57.0221747812,57.0221747812,56.1139071888,56.6531910718,56.41328,14666,44000,-0.36898371,-0.64709,56.6,"September 30, 13",-0.0064709,AENZ
2013-09-27,58.0155924603,58.0155924603,56.7667245208,57.1640915925,56.92202,152799,458400,-0.85150087,-1.47,57.32,"September 27, 13",-0.0147,AENZ
2013-09-26,56.7667245208,58.3221327727,56.7667245208,58.0155924603,57.769913,48566,145700,1.24887,2.2,57.7,"September 26, 13",0.022,AENZ
2013-09-25,58.8954766904,59.0657768639,56.6531910718,56.7099577963,56.469807,60266,180800,-2.18552,-3.71,57.48,"September 25, 13",-0.0371,AENZ
2013-09-24,59.3212271243,59.8037442827,58.0723591848,58.9238600526,58.674332,12333,37000,-0.39736707,-0.66986,58.93,"September 24, 13",-0.0066986,AENZ
2013-09-23,61.0242288599,61.1377623089,59.0373935017,59.5766773846,59.324387,23099,69300,-1.44755,-2.37,59.92,"September 23, 13",-0.0237,AENZ
2013-09-20,59.1225435884,61.5918961051,58.6116430678,61.5918961051,61.331074,66033,198100,2.46935,4.18,60.6,"September 20, 13",0.0418,AENZ
2013-09-19,59.6050607469,62.8407640446,57.9020590112,58.7251765168,58.476494,19066,57200,-0.87988423,-1.48,59.82,"September 19, 13",-0.0148,AENZ
2013-09-18,59.1225435884,59.7185941959,57.3627751283,58.9522434149,58.702599,26466,79400,-0.17030017,-0.28805,58.68,"September 18, 13",-0.0028805,AENZ
2013-09-17,59.3496104865,59.6050607469,58.8103266036,58.8670933281,58.617809,27866,83600,-0.48251716,-0.81301,59.09,"September 17, 13",-0.0081301,AENZ
2013-09-16,59.7185941959,59.7185941959,59.1509269507,59.1509269507,58.900444,45133,135400,-0.56766725,-0.95057,59.34,"September 16, 13",-0.0095057,AENZ
2013-09-13,59.6050607469,59.7753609204,58.8954766904,59.0090101394,58.759125,71433,214300,-0.59605061,-1.0,59.23,"September 13, 13",-0.01,AENZ
2013-09-12,59.832127645,59.8988285463,58.64002643,59.2360770375,58.985229,19333,58000,-0.59605061,-0.9962,59.26,"September 12, 13",-0.009962,AENZ
2013-09-11,60.7403952373,60.7403952373,59.6050607469,59.7185941959,59.465706,6599,19800,-1.0218,-1.68,60.02,"September 11, 13",-0.0168,AENZ
2013-09-10,59.0941602262,61.1093789467,58.4129595319,60.6268617882,60.370125,100133,300400,1.5327,2.59,60.05,"September 10, 13",0.0259,AENZ
2013-09-09,58.8387099658,59.4631439356,58.4839179376,59.0090101394,58.759125,38666,116000,0.17030017,0.28944,58.99,"September 09, 13",0.0028944,AENZ
2013-09-06,59.0657768639,59.2099643442,58.6116430678,58.8387099658,58.589542,20266,60800,-0.2270669,-0.38443,58.89,"September 06, 13",-0.0038443,AENZ
2013-09-05,57.5330753019,58.9806267771,57.4706319049,58.6116430678,58.363441,35566,106700,1.07857,1.87,58.35,"September 05, 13",0.0187,AENZ
2013-09-04,58.3561928074,58.6967931545,57.3911584906,57.5330753019,57.28944,48666,146000,-0.82311751,-1.41,57.87,"September 04, 13",-0.0141,AENZ
2013-09-03,56.2274406379,57.9020590112,55.6313900304,57.3911584906,57.148125,29033,87100,1.16372,2.07,56.97,"September 03, 13",0.0207,AENZ
2013-08-30,54.8366558871,55.8868402908,54.8366558871,55.6313900304,55.395809,15466,46400,0.79473414,1.45,55.45,"August 30, 13",0.0145,AENZ
2013-08-29,53.8148548457,55.0600329481,53.8148548457,55.0353394229,54.80228,31233,93700,1.22048,2.27,54.64,"August 29, 13",0.0227,AENZ
2013-08-28,54.609588989,54.9218059739,54.0135383816,54.0986884683,53.869598,21066,63200,-0.51090052,-0.93555,54.34,"August 28, 13",-0.0093555,AENZ
2013-08-27,56.1990572756,56.2271568043,53.190420876,54.7798891626,54.547916,56399,169200,-1.41917,-2.53,54.73,"August 27, 13",-0.0253,AENZ
2013-08-26,56.568040985,56.7667245208,56.1990572756,56.2274406379,55.989334,13899,41700,-0.34060035,-0.60211,56.4,"August 26, 13",-0.0060211,AENZ
2013-08-23,57.8452922867,57.8452922867,55.4951498916,56.7951078831,56.554596,15866,47600,-1.05018,-1.82,56.71,"August 23, 13",-0.0182,AENZ
2013-08-22,58.0439758225,58.4694424228,56.3125907247,57.9020590112,57.656864,52333,157000,-0.14191681,-0.2445,57.56,"August 22, 13",-0.002445,AENZ
2013-08-21,58.4981096187,58.7535598791,58.1858926338,58.2426593584,57.996021,54466,163400,-0.25545026,-0.43668,58.39,"August 21, 13",-0.0043668,AENZ
2013-08-20,59.2076936752,59.3496104865,58.6967931545,59.0373935017,58.787388,25399,76200,-0.17030017,-0.28763,59.03,"August 20, 13",-0.0028763,AENZ
2013-08-19,59.6050607469,59.8605110072,57.6182253886,59.2076936752,58.95697,62499,187500,-0.39736707,-0.66667,58.9,"August 19, 13",-0.0066667,AENZ
2013-08-16,59.8037442827,60.1727279921,59.5199106601,59.9740444563,59.72007,80766,242300,0.17030017,0.28477,59.89,"August 16, 13",0.0028477,AENZ
2013-08-15,59.9740444563,60.3680055244,59.6050607469,59.8888943695,59.635281,30699,92100,-0.08515009,-0.14198,59.95,"August 15, 13",-0.0014198,AENZ
2013-08-14,60.1159612676,60.1159612676,58.9241438862,59.9740444563,59.72007,12533,37600,-0.14191681,-0.23607,59.67,"August 14, 13",-0.0023607,AENZ
2013-08-13,59.6050607469,60.4565616147,58.4924329463,59.832127645,59.578758,68733,206200,0.2270669,0.38095,59.59,"August 13, 13",0.0038095,AENZ
2013-08-12,58.1575092716,59.2076936752,58.1575092716,59.179310313,58.928703,89399,268200,1.0218,1.76,58.85,"August 12, 13",0.0176,AENZ
2013-08-09,59.6050607469,59.6050607469,57.6182253886,58.7251765168,58.476494,29566,88700,-0.87988423,-1.48,58.65,"August 09, 13",-0.0148,AENZ
2013-08-08,58.8954766904,59.4915272978,58.7819432413,58.8103266036,58.561279,44099,132300,-0.08515009,-0.14458,59.03,"August 08, 13",-0.0014458,AENZ
2013-08-07,57.6466087509,59.179310313,57.6466087509,58.8103266036,58.561279,55066,165200,1.16372,2.02,58.55,"August 07, 13",0.0202,AENZ
2013-08-06,58.7535598791,59.1225435884,57.9020590112,58.3278094451,58.080811,98499,295500,-0.42575043,-0.72464,58.45,"August 06, 13",-0.0072464,AENZ
2013-08-05,58.7788210715,59.5766773846,58.5548763432,59.4631439356,59.211334,5999,18000,0.68432286,1.16,59.2,"August 05, 13",0.0116,AENZ
2013-08-02,60.598478426,60.598478426,58.7535598791,59.6050607469,59.35265,47633,142900,-0.99341768,-1.64,59.65,"August 02, 13",-0.0164,AENZ
2013-08-01,59.6050607469,60.1727279921,58.9806267771,59.6050607469,59.35265,56799,170400,0.0,0.0,59.59,"August 01, 13",0.0,AENZ
2013-07-31,59.3212271243,59.406377211,56.3438124231,59.3212271243,59.070019,211699,635100,0.0,0.0,58.36,"July 31, 13",0.0,AENZ
2013-07-30,59.0373935017,59.6334441091,58.4981096187,59.3779938488,59.126545,145766,437300,0.34060035,0.57692,59.17,"July 30, 13",0.0057692,AENZ
2013-07-29,59.5482940223,59.6050607469,58.2710427206,59.6050607469,59.35265,47799,143400,0.05676672,0.09532888,59.16,"July 29, 13",0.0009532888,AENZ
2013-07-26,59.6050607469,60.1727279921,59.0373935017,59.5482940223,59.296127,114166,342500,-0.05676672,-0.0952381,59.59,"July 26, 13",-0.000952381,AENZ
2013-07-25,59.9740444563,60.1159612676,56.9086413321,59.6050607469,59.35265,310366,931100,-0.36898371,-0.61524,58.88,"July 25, 13",-0.0061524,AENZ
2013-07-24,60.598478426,62.2730967993,59.9172777317,59.9740444563,59.72007,2886066,8658200,-0.62443397,-1.03,60.72,"July 24, 13",-0.0103,AENZ
