Quarters,Year,Quarter,FillingDate,Date,NetIncome,Revenue,OperatingIncome,EPSDiluted,GrossProfit,GrossProfitRatio,TotalAssets,CommonStockEquity,CurrentAssets,CurrentLiability,TotalLiability,Inventory,RetainedEarnings,MarketCap,EnterpriseValue,bookValuePerShare,currentRatio,debtToAssets,debtToEquity,roic,shareholdersEquityPerShare,roe,priceToSalesRatio,peRatio,pbRatio,payoutRatio,inventoryTurnover,dividendYield,assetTurnover,quickRatio,returnOnAssets,priceToFreeCashFlowsRatio,grossProfitMargin,epsdilutedGrowth,fiveYNetIncomeGrowthPerShare,fiveYRevenueGrowthPerShare,fiveYShareholdersEquityGrowthPerShare,grossProfitGrowth,netIncomeGrowth,operatingIncomeGrowth,threeYNetIncomeGrowthPerShare,threeYRevenueGrowthPerShare,threeYShareholdersEquityGrowthPerShare,Industry,Sector,Symbol
2023Q1,2023,Q1,2023-04-25,2023-03-31,-39507000.0,110258000.0,33074000.0,-0.6,93791000.0,0.8506502929,5634976000.0,758625000.0,256173000.0,81711000.0,4348801000.0,0.0,92376000.0,200498630.0,4406338630.0,11.615933485430798,3.135110327862834,0.7572507850965114,5.624768495633548,0.006555820960545255,11.615933485430798,-0.05207711319822046,1.8184497270039361,-1.268753828435467,0.2642921469764376,-0.01660465234009163,0.0,0.0032718428051104393,0.01956672042613846,2.108210644833621,-0.007011032522587496,171.80688089117396,0.8506502929492644,0.07692307692307698,-2.932694081239399,1.5547247191832259,-0.3089449230536978,0.017531868727963112,0.06388171457005426,0.12138061978707533,-4.064412869202276,0.7091843120612868,-0.23976434662527513,REIT—Industrial,Real Estate,ILPT
2022Q4,2022,Q4,2023-02-14,2022-12-31,-42203000.0,106339000.0,29494000.0,-0.65,92175000.0,0.8668033365,5676166000.0,790724000.0,247791000.0,78371000.0,4345395000.0,0.0,117185000.0,213553890.0,4432316890.0,12.107798551456964,3.161769021704457,0.7517440469500011,5.396350686206565,0.005796256528345874,12.107798551456964,-0.05337260535913922,2.008236771081165,-1.2650397483591214,0.2700738690111847,-0.015543918678766913,0.0,0.0030718241657878486,0.018734300582470633,3.568028990315295,-0.007435124342734163,158.89426339285714,0.8668033364993089,0.5149253731343284,-3.7509731482458943,1.6866128626579349,0.39985006589145433,0.030279659311917378,0.5164143873680833,0.1737036889649409,-4.602063642118404,0.7034795190031597,-0.2087230367465214,REIT—Industrial,Real Estate,ILPT
2022Q3,2022,Q3,2022-10-25,2022-09-30,-87271000.0,103215000.0,25129000.0,-1.34,89466000.0,0.8667926174,5719635000.0,812421000.0,227016000.0,91221000.0,4358125000.0,0.0,148228000.0,358875000.0,4599398000.0,12.450896551724139,2.4886374847896864,0.746009841537091,5.252084818093082,0.004925979200291879,12.450896551724139,-0.10742090615579854,3.4769655573317833,-1.0280476905272085,0.44173525795123464,-0.007493898316737519,0.0,0.0018223615464994776,0.018045731939188427,1.3892415123710549,-0.01525814147231423,367.69979508196724,0.8667926173521291,0.4273504273504273,-4.795862042199294,1.6319444076661307,0.46073188518232144,-0.04769710581498079,0.4293439525014549,-0.35404349390776824,-8.966507060514788,0.6881548177320507,-0.1943958562029922,REIT—Industrial,Real Estate,ILPT
2022Q2,2022,Q2,2022-07-26,2022-06-30,-152931000.0,107222000.0,38902000.0,-2.34,93947000.0,0.8761914532,5955838000.0,853588000.0,527131000.0,1465560000.0,4520904000.0,143716000.0,193855000.0,918311680.0,5061772680.0,13.08762515140829,0.35967889407461995,0.7447024247469458,5.1960981175930305,0.007321877564254886,13.08762515140829,-0.17916254680243865,8.564582641622055,-1.5011862866259946,1.0758254333472355,-0.14112900589154587,0.09236967352278104,0.023502913520603373,0.018002840238434962,0.35874955648352846,-0.025677494921789345,37.803049563642354,0.8761914532465352,-11.999999999999998,-8.064324286995479,1.768001048733232,0.0,0.5167664960687127,-12.282178217821782,0.48412940637875784,-12.62734402026705,0.7793775286177107,-0.16199421490438246,REIT—Industrial,Real Estate,ILPT
2022Q1,2022,Q1,2022-04-27,2022-03-31,-11514000.0,71375000.0,26212000.0,-0.18,61939000.0,0.8677968476,6103793000.0,1014250000.0,1230836000.0,1442062000.0,4499824000.0,0.0,337394000.0,1478356040.0,5617649040.0,15.553119057842116,0.8535250218090484,0.7232171864281767,4.352347054473749,0.00483449131562723,15.553119057842116,-0.011352230712349027,20.71251894921191,-32.09909762028835,1.4575854473749077,-1.8745874587458746,0.0,0.014600001228391503,0.011693548585281316,0.24445412194482624,-0.0018863680337783408,26.101379614753085,0.8677968476357268,-1.4186046511627908,-1.5637929224642195,0.8038276999255602,0.0,0.27145643025762084,-1.4150086505190311,-0.6382555892906431,-1.6840354302840805,0.5477849982328412,-0.011989131279926525,REIT—Industrial,Real Estate,ILPT
2021Q4,2021,Q4,2022-02-15,2021-12-31,27744000.0,56496000.0,72460000.0,0.43,48715000.0,0.8622734353,1908558000.0,1038042000.0,105274000.0,208860000.0,870516000.0,0.0,343908000.0,1633560600.0,2444722600.0,15.9179598846838,0.5040409843914584,0.44041574843415815,0.809754325932862,0.03818549087962073,15.9179598846838,0.02672724225031357,28.91462404418012,14.719944852941177,1.5736941279832608,0.777933967704729,0.0,0.013212243243378911,0.02960140587815513,0.5040409843914584,0.014536629224786463,75.17536125172572,0.8622734352874539,0.5357142857142856,0.2625579166309014,0.4796062732346966,-0.21209319897467072,0.02852377332995524,0.5154858797181406,1.8387855044074437,0.5128031441325308,0.3390088681359927,0.006667503027992352,REIT—Industrial,Real Estate,ILPT
2021Q3,2021,Q3,2021-10-27,2021-09-30,18307000.0,54981000.0,25525000.0,0.28,47364000.0,0.861461232061985,2048095000.0,996029000.0,118317000.0,32109000.0,1052066000.0,0.0,280701000.0,1656172980.0,2979103980.0,15.281674798244806,3.684854713631692,0.6674612261638254,1.3724740946297749,0.010697938146842886,15.281674798244806,0.018379986928091452,30.122642003601243,22.616662751952806,1.6627758629517815,1.1773638498934833,0.0,0.013014341050292946,0.026844946157282744,5.655018842069202,0.008938550213735203,62.94124501197127,0.861461232061985,-0.034482758620689495,-0.20285535095749604,0.403543946963871,0.792837129764138,0.014413912745496991,-0.02782645637512612,-0.02895077227421441,0.006679704037435225,0.35661759454881126,-0.03642521944529684,REIT—Industrial,Real Estate,ILPT
2021Q2,2021,Q2,2021-07-28,2021-06-30,18831000.0,54180000.0,26286000.0,0.29,46691000.0,0.8617755629383537,1934687000.0,999076000.0,103019000.0,269485000.0,935611000.0,0.0,262394000.0,1702916440.0,2575769440.0,15.335953089982501,0.3822810174963356,0.46693082653679896,0.9042004812446701,0.013685627614057798,15.335953089982501,0.018848415936325164,31.430720561092656,22.607886463809674,1.704491390044401,1.1443364664648719,0.0,0.012654173448463507,0.028004529931715053,0.3822810174963356,0.009733357385458215,51.67399302078592,0.8617755629383537,-0.03333333333333337,-0.12914032582630422,0.40029986067419976,0.0,-0.005939961677666596,-0.026167451000672286,0.0284037558685446,0.00352328916727054,0.37158103743653,-0.03607342204290138,REIT—Industrial,Real Estate,ILPT
2021Q1,2021,Q1,2021-04-26,2021-03-31,19337000.0,54217000.0,25560000.0,0.3,46970000.0,0.8663334378515963,1909019000.0,1001216000.0,97967000.0,241466000.0,907803000.0,0.0,243563000.0,1506665070.0,2357286070.0,15.370453952317352,0.405717575145155,0.4592767279948497,0.8757031449757096,0.01345864709798326,15.370453952317352,0.01931351476604449,27.789532250032277,19.479043672751718,1.5048351904084634,1.1144438123804106,0.0,0.01430311250263471,0.028400450702690754,0.405717575145155,0.010129286298355333,50.81158336705787,0.8663334378515963,-0.5161290322580645,-0.05208602824829412,0.3717369786258607,0.0,-0.09104983067247219,-0.5203522262185291,-0.0434489727180869,-0.05155946161234789,0.259509448067861,-0.08558100371006627,REIT—Industrial,Real Estate,ILPT
2020Q4,2020,Q4,2021-02-18,2020-12-31,40315000.0,60081000.0,26721000.0,0.62,51675000.0,0.8600888800119838,1915745000.0,1003190000.0,95010000.0,245806000.0,912555000.0,0.0,224226000.0,1517087310.0,2375462310.0,15.400758378237308,0.38652433219693577,0.45998240893229525,0.8784068820462724,0.01404428353303219,15.400758378237308,0.04018680409493715,25.25070005492585,9.407709971474638,1.512263190422552,0.5345156889495225,0.0,0.014204192374399335,0.03136168957768388,0.38652433219693577,0.021044032478226487,70.13162490754438,0.8600888800119838,1.8181818181818183,0.8366877546856369,0.5752592884073546,-0.23769362688012347,-0.07838416265382557,1.861452196749237,-0.006321817708527016,1.6346828142563037,0.5218376255234297,0.7805675027488493,REIT—Industrial,Real Estate,ILPT
2020Q3,2020,Q3,2020-10-28,2020-09-30,14089000.0,65106000.0,26891000.0,0.22,56070000.0,0.8612109482996959,2498994000.0,983744000.0,132644000.0,350574000.0,1421571000.0,0.0,183911000.0,1423999440.0,2769193440.0,15.108489986484827,0.3783623429005003,0.5539425064646013,1.407174020883482,0.011270022944078667,15.108489986484827,0.014321815431657017,21.872015482444013,25.267929590460643,1.4475304957387287,1.5273617715948613,0.0,0.015111663246159703,0.02605288368039299,0.3129210951182917,0.005637868678356171,47.41449205873539,0.8612109482996959,-0.04347826086956525,-0.3858985579428108,0.6636975969046796,0.7725191891631401,-0.0019224607497596924,-0.049389379933877604,-0.03151336166534611,-0.3858985579428108,0.6636975969046796,0.7725191891631401,REIT—Industrial,Real Estate,ILPT
2020Q2,2020,Q2,2020-07-29,2020-06-30,14821000.0,65110000.0,27766000.0,0.23,56178000.0,0.8628167716172631,2505600000.0,988257000.0,115274000.0,347813000.0,1418989000.0,0.0,169822000.0,1337578950.0,2688901950.0,15.183164590022892,0.3314252198738978,0.5525937899106003,1.4010313106813308,0.01152178842449693,15.183164590022892,0.014997111075357929,20.543371985870067,22.562225052290668,1.3534727808657059,1.4513865461169961,0.0,0.016082041362866843,0.025985791826309067,0.2920276125389218,0.005915150063856961,39.982631374424585,0.8628167716172631,0.15,-0.3139868190460741,0.6842629526090059,0.0,0.012818432581534967,0.15374435621983495,0.022124056690594515,-0.3139868190460741,0.6842629526090059,0.0,REIT—Industrial,Real Estate,ILPT
2020Q1,2020,Q1,2020-04-30,2020-03-31,12846000.0,64278000.0,27165000.0,0.2,55467000.0,0.8629235508260992,2512320000.0,994306000.0,97719000.0,286320000.0,1417498000.0,0.0,155001000.0,1141415500.0,2483369500.0,15.279385324625432,0.3412929589270746,0.542058336517641,1.3696226312624082,0.011390708706614287,15.279385324625432,0.012919563997401202,17.757483120196646,22.21344192744823,1.1479519383368901,1.674451191032228,0.0,0.018845021817208547,0.02558511654566297,0.30181964235820063,0.005113202139854796,38.76432331465444,0.8629235508260992,0.11111111111111122,-0.3696603077589253,0.6278884015089471,0.0,0.03719286435543588,0.10039403803323625,0.03909268255364725,-0.3696603077589253,0.6278884015089471,0.0,REIT—Industrial,Real Estate,ILPT
2019Q4,2019,Q4,2020-02-24,2019-12-31,11674000.0,62199000.0,26143000.0,0.18,53478000.0,0.859788742584286,2454901000.0,995690000.0,98836000.0,328973000.0,1459211000.0,0.0,142155000.0,1458891820.0,2837084820.0,15.301593643865932,0.30043802986871265,0.5729795213737744,1.4126967228755938,0.010766711897804475,15.301593643865932,0.01172453273609256,23.455229505297513,31.242329535720405,1.4652068615733813,1.8424704471475073,0.0,0.01474338241200091,0.02533666327073882,0.28178908299465305,0.004755385247714673,53.750343379264606,0.859788742584286,0.058823529411764594,-0.46759520095544094,0.6324951702552446,-0.2426020805512661,0.021118154739173604,0.06885185863394983,0.02489415085463384,-0.46759520095544094,0.6324951702552446,-0.2426020805512661,REIT—Industrial,Real Estate,ILPT
2019Q3,2019,Q3,2019-10-30,2019-09-30,10922000.0,60958000.0,25508000.0,0.17,52372000.0,0.8591489222087338,2467657000.0,1005448000.0,84764000.0,675554000.0,1462209000.0,0.0,130481000.0,1382418750.0,2758722750.0,15.455353162708477,0.12547331523460745,0.5671939009351786,1.392056078484417,0.010465853884703578,15.455353162708477,0.010862819360126034,22.678216969060664,31.64298548800586,1.3749281414851888,1.966581212232192,0.0,0.01553726032723442,0.02470278486839946,0.12547331523460745,0.00442606083422453,56.13655283034191,0.8591489222087338,-0.15,-0.5235224153615439,0.5590657799987876,0.8132129736790301,-0.004239946763000285,-0.1672766087221714,-0.04934406678592725,-0.5235224153615439,0.5590657799987876,0.8132129736790301,REIT—Industrial,Real Estate,ILPT
2019Q2,2019,Q2,2019-07-30,2019-06-30,13116000.0,60090000.0,26832000.0,0.2,52595000.0,0.8752704276917956,2428592000.0,1015752000.0,75969000.0,629850000.0,1412840000.0,0.0,119559000.0,1356713540.0,2698848540.0,15.617583296176141,0.12061443200762086,0.5589596770474414,1.3364334995156297,0.0111662587589205,15.617583296176141,0.012912600713560003,22.578025295390248,25.85989516620921,1.3356740031031196,1.6373132052455017,0.0,0.015828691442115336,0.024742731590979464,0.12061443200762086,0.005400660135584734,37.47620407712281,0.8752704276917956,-0.23076923076923075,-0.3924386966892866,0.5556007672433194,0.0,0.30114788976300033,-0.21863457643274156,0.13574603174603175,-0.3924386966892866,0.5556007672433194,0.0,REIT—Industrial,Real Estate,ILPT
2019Q1,2019,Q1,2019-04-29,2019-03-31,16786000.0,45987000.0,23625000.0,0.26,40422000.0,0.8789875399569443,1818149000.0,1023724000.0,76101000.0,67916000.0,794425000.0,0.0,106443000.0,1309744480.0,2037410480.0,15.741850166072087,1.1205165204075622,0.40909298412836353,0.7265552043324177,0.013226447989999264,15.741850166072087,0.016396997628266994,28.480754995977122,19.506500655307995,1.279392179923495,1.2792803526748482,0.0,0.01639556442337516,0.025293306544183124,1.1205165204075622,0.00923246664602296,46.23171478997529,0.8789875399569443,-0.07142857142857148,-0.1757840347099039,0.16542523799174416,0.0,0.09720148747319562,-0.08213035870516186,0.03143418467583497,-0.1757840347099039,0.16542523799174416,0.0,REIT—Industrial,Real Estate,ILPT
2018Q4,2018,Q4,2019-02-21,2018-12-31,18288000.0,42074000.0,22905000.0,0.28,36841000.0,0.8756239007463041,1534611000.0,1028273000.0,67938000.0,426693000.0,506338000.0,0.0,89657000.0,1279120430.0,1731707430.0,15.812529794399422,0.15921986064922555,0.3011805597640053,0.449486663561136,0.015174461484286974,15.812529794399422,0.01778516016660945,30.401683462470885,17.48578890529309,1.2439502252806405,1.1742125984251968,0.0,0.016788098678089287,0.02741671993749556,0.15921986064922555,0.011917026529850236,48.205028452986625,0.8756239007463041,0.0,-0.1654182359894054,0.10500110077271314,-0.2173117750842703,0.038096311533151114,0.008047624297210891,0.034926802819446955,-0.1654182359894054,0.10500110077271314,-0.2173117750842703,REIT—Industrial,Real Estate,ILPT
2018Q3,2018,Q3,2018-10-26,2018-09-30,18142000.0,40431000.0,22132000.0,0.28,35489000.0,0.8777670599292622,1506629000.0,1031207000.0,68139000.0,393781000.0,475422000.0,0.0,71369000.0,1481851380.0,1900002380.0,15.859355295130879,0.17303780527755275,0.2849082289004128,0.41626075075130403,0.01495387367075578,15.859355295130879,0.017592975998029493,36.651366031015804,20.420176661889535,1.4370067115525786,1.1827251681181787,0.0,0.014479859646923566,0.026835405398409295,0.17303780527755275,0.012041451478764845,60.666968803733724,0.8777670599292622,-0.034482758620689495,-0.20814470993560363,0.03459070013806413,0.8606102670433649,0.018686491761869223,-0.031186585496101676,-0.004677100197877316,-0.20814470993560363,0.03459070013806413,0.8606102670433649,REIT—Industrial,Real Estate,ILPT
2018Q2,2018,Q2,2018-07-27,2018-06-30,18726000.0,39420000.0,22236000.0,0.29,34838000.0,0.8837645865043126,1461350000.0,1034317000.0,72589000.0,346729000.0,427033000.0,0.0,53227000.0,1452995850.0,1821741850.0,15.909876790081679,0.20935370274767903,0.2629835426147056,0.3715601696578515,0.015456894725125877,15.909876790081679,0.018104700976586483,36.85935692541857,19.39810757769946,1.4047877488236198,0.9372530171953434,0.0,0.012079181093325213,0.026975057310021554,0.20935370274767903,0.0128141786704075,61.284569150955335,0.8837645865043126,-0.06451612903225812,-0.13219784376270907,0.02093848081433451,0.0,-0.03281510272071072,-0.026310316139767056,-0.034392912975508075,-0.13219784376270907,0.02093848081433451,0.0,REIT—Industrial,Real Estate,ILPT
2018Q1,2018,Q1,2018-04-27,2018-03-31,19232000.0,40605000.0,23028000.0,0.31,36020000.0,0.887082871567541,1433235000.0,1032828000.0,76767000.0,317021000.0,400407000.0,0.0,34501000.0,1249791300.0,1581313300.0,16.808983643909187,0.24215115087013164,0.24515798176851666,0.34020088533618376,0.01639506444466208,16.808983643909187,0.018620719035502522,30.77924639822682,16.246247140183026,1.2100672135147381,0.47769342762063227,0.0,0.007350827294125027,0.028331013406733718,0.24215115087013164,0.01341859499663349,56.56956049427421,0.887082871567541,0.3196672997576789,-0.0005551920385450804,0.08910415934565738,0.0,0.03553357865685373,0.2595454843146244,0.43575035850115346,-0.0005551920385450804,0.08910415934565738,0.0,REIT—Industrial,Real Estate,ILPT
2017Q4,2017,Q4,2018-03-28,2017-12-31,15269000.0,39395000.0,16039000.0,0.23490769230769232,34784000.0,0.8829546896814316,1411683000.0,562208000.0,51672000.0,773990000.0,849475000.0,0.0,15269000.0,1517750000.0,2317177000.0,8.649353846153845,0.06676055246191812,0.5662935659067935,1.4219417012920486,0.011597129706231564,8.649353846153845,0.02715898742102567,38.52646274907983,24.850186652695005,2.699623626842735,2.446001702796516,0.0,0.024607478174929993,0.02790640674995732,0.06676055246191812,0.010816167652369547,61.417529944966006,0.8829546896814316,-0.3333190702881411,-0.30288088389718293,0.03510339210173676,-0.5718744883622643,0.008611940731290051,-0.33331877919923153,-0.31687891307125515,-0.30288088389718293,0.03510339210173676,-0.5718744883622643,REIT—Industrial,Real Estate,ILPT
2017Q3,2017,Q3,2017-09-30,2017-09-30,22903000.0,39066000.0,23479000.0,0.352354,34487000.0,0.8827881021860441,1417238000.0,554043000.0,50760000.0,22573000.0,863195000.0,0.0,0.0,1517750000.0,2352676000.0,8.523738461538462,2.248704204137687,0.574370007013642,1.4692343374070245,0.01689579016409906,8.523738461538462,0.04133794669366818,38.85091895766139,16.56715277474567,2.739408313073173,1.7244465790507795,0.0,0.02602207214626915,0.02756488324473377,2.248704204137687,0.01616030617299282,58.750096771696214,0.8827881021860441,0.06155343257321721,0.0,0.0,0.0,0.006449541819879764,0.061552723059096176,0.06019145669646889,0.0,0.0,0.0,REIT—Industrial,Real Estate,ILPT
2017Q2,2017,Q2,2017-06-30,2017-06-30,21575000.0,38605000.0,22146000.0,0.331923,34266000.0,0.887605232482839,,,,,,,,1517750000.0,,,0.0,0.0,0.0,0.0,,0.0,39.31485558865432,17.586906141367322,0.0,1.699513325608343,0.0,0.02415878767913029,0.0,0.0,0.0,52.49368796043302,0.887605232482839,0.05988459905035316,0.0,0.0,0.0,-0.02378849605424347,0.05988406366673217,0.0585030111843992,0.0,0.0,0.0,REIT—Industrial,Real Estate,ILPT
2017Q1,2017,Q1,2017-03-31,2017-03-31,20356000.0,39440000.0,20922000.0,0.313169,35101000.0,0.8899847870182556,,,,,,,,1517750000.0,,,0.0,0.0,0.0,0.0,,0.0,38.482505070993916,18.64008154843781,0.0,1.983542935743761,0.0,0.02660319551968374,0.0,0.0,0.0,63.250125020836805,0.8899847870182556,-0.07063027895722047,0.0,0.0,0.0,0.03919827101281938,-0.070629594119527,-0.06938884440886042,0.0,0.0,0.0,REIT—Industrial,Real Estate,ILPT
2016Q4,2016,Q4,2016-12-31,2016-12-31,21903000.0,38059000.0,22482000.0,0.33696923076923074,33777000.0,0.8874904753146431,1422335000.0,1313185000.0,47050000.0,16768000.0,109150000.0,0.0,0.0,1517750000.0,1604491000.0,20.202846153846153,2.805939885496183,0.045185557551491035,0.04894131443779818,0.016051359061451356,20.202846153846153,0.016679294996516103,39.878872277253734,17.323540154316763,1.1557777464713654,1.6662557640505866,0.0,0.02404612090265195,0.026758112540294657,2.805939885496183,0.015399325756590395,53.370490189183485,0.8874904753146431,0.0,0.0,0.0,0.0,0.0,0.0,0.0,0.0,0.0,0.0,REIT—Industrial,Real Estate,ILPT
