Year,Date,FillingDate,NetIncome,Revenue,OperatingIncome,EPSDiluted,GrossProfit,GrossProfitRatio,TotalAssets,CommonStockEquity,CurrentAssets,CurrentLiability,TotalLiability,Inventory,RetainedEarnings,EnterpriseValue,bookValuePerShare,currentRatio,debtToAssets,debtToEquity,roic,shareholdersEquityPerShare,roe,priceToSalesRatio,peRatio,pbRatio,payoutRatio,inventoryTurnover,dividendYield,assetTurnover,quickRatio,returnOnAssets,priceToFreeCashFlowsRatio,grossProfitMargin,epsdilutedGrowth,fiveYNetIncomeGrowthPerShare,fiveYRevenueGrowthPerShare,fiveYShareholdersEquityGrowthPerShare,grossProfitGrowth,netIncomeGrowth,operatingIncomeGrowth,threeYNetIncomeGrowthPerShare,threeYRevenueGrowthPerShare,threeYShareholdersEquityGrowthPerShare,Industry,Sector,Price,MarketCap,AvgVolume,Symbol
2022,2022-12-31,2022-12-31,-135906000.0,681491000.0,85688000.0,-0.47,146796000.0,0.2154041653,1876224000.0,1244756000.0,252712000.0,135080000.0,587528000.0,92033000.0,138485000.0,1252331750.0,4.273385493732856,1.8708320994965946,0.12819418150498021,0.19322742770470677,0.06178250186131556,4.273385493732856,-0.10918284386658912,1.602814637317294,-8.037200344355657,0.87752439032228,0.0,5.809818217378549,0.0,0.36322475354755085,1.1064110156944034,-0.07243591383544822,-19.16759524101988,0.21540416527877845,-3.043478260869565,-2.112080493393714,0.3790796952633434,0.19831072189339227,-0.2855842746390107,-3.348186671734886,-0.3739872442083884,-4.140986342099419,0.45727827310311203,0.07733464226762414,Silver,Basic Materials,3.195,929371211,2825442,FSM
2021,2021-12-31,2021-12-31,57877000.0,599853000.0,136879000.0,0.23,205477000.0,0.3425455903,2021922000.0,1375148000.0,281082000.0,166773000.0,592352000.0,85819000.0,266617000.0,1007989200.0,5.777981327574182,1.685416704142757,0.09243383275912721,0.13590828041781686,0.04766614444165673,5.777981327574182,0.0420878334550172,1.5473661046956504,16.03732398016483,0.674976220741331,0.0,4.595439238397091,0.0,0.2966746491704428,1.1135675439069874,0.028624744179053394,-180.19650553290623,0.34254559033629906,0.9166666666666669,0.8640830777984317,0.6409319594173912,0.8691585461666747,0.8642273251013872,1.6853338282373684,1.3914008176386317,0.1431877095463686,0.5295485735874106,0.5315670540116532,Silver,Basic Materials,3.195,929371211,2825442,FSM
2020,2020-12-31,2020-12-31,21553000.0,278966000.0,57238000.0,0.12,110221000.0,0.3951054967,1055338000.0,725770000.0,248067000.0,96441000.0,329568000.0,35274000.0,208740000.0,1488157320.0,4.147423039778734,2.572215136715712,0.16877341666840387,0.24541245849235985,0.02266162620964808,4.147423039778734,0.02969673588051311,5.168881942602324,66.90216303994804,1.9867758656323629,0.0,4.783835119351363,0.0,0.26433806041287244,2.1724370340415384,0.020422840833931876,-68.84751336898395,0.39510549672719975,-0.14285714285714296,2.497775686717514,0.32908303683865514,1.0253093277133465,0.30314136744658965,-0.09425953941838965,0.07430695020552187,-0.7064400521877144,-0.06033728432578765,0.16298927491637805,Silver,Basic Materials,3.195,929371211,2825442,FSM
2019,2019-12-31,2019-12-31,23796000.0,257187000.0,53279000.0,0.14,84581000.0,0.3288696552,936065000.0,635426000.0,152146000.0,89774000.0,300639000.0,14471000.0,187187000.0,740597440.0,3.9666277552702054,1.6947668590014926,0.182053596705357,0.268188585295534,0.03475062719519082,3.9666277552702054,0.037448892553971665,2.541292678090261,27.466273323247606,1.0285815185403178,0.0,11.927717503973463,0.0,0.2747533558032829,1.4888943346625971,0.025421311554218992,-4.0563747626081454,0.3288696551536431,-0.33333333333333326,0.2071315674432592,0.16981102314024876,0.8441237485702949,-0.12415735572791003,-0.2999117387466902,-0.13488455168382424,0.13865717011613166,0.045260463690307895,0.28319143795814705,Silver,Basic Materials,3.195,929371211,2825442,FSM
2018,2018-12-31,2018-12-31,33990000.0,263296000.0,61586000.0,0.21,96571000.0,0.3667773153,786517000.0,602804000.0,218920000.0,61328000.0,183713000.0,14386000.0,163391000.0,569182400.0,3.7725944237569236,3.5696582311505347,0.0992578672806818,0.12950809881818967,0.04507532497434446,3.7725944237569236,0.05638648715005209,2.208986843704424,17.111426890261843,0.9648532524668051,0.0,11.589392464896427,0.0,0.33476199497277237,3.1478769893034175,0.043215849117056594,-40.27542413960252,0.36677731526494894,-0.5,2.398322966391193,0.5057961665807782,0.9125374599467021,-0.11855604235122308,-0.48736897669858986,-0.4417866886618869,3.5868716519631794,0.37381979824717915,0.8422694291928045,Silver,Basic Materials,3.195,929371211,2825442,FSM
2017,2017-12-31,2017-12-31,66305000.0,268111000.0,110327000.0,0.42,109560000.0,0.4086367214,706648000.0,563584000.0,272455000.0,60603000.0,143064000.0,17753000.0,129401000.0,700034880.0,3.5661747956161887,4.495734534593997,0.05770482616521946,0.07235301215080626,0.11515810540988908,3.5661747956161887,0.11764883318192142,3.1417281648272546,12.703896840358947,1.4945986401317284,0.0,8.930941249366304,0.0,0.379412380704396,4.098493473920433,0.09383030872513613,36.39840463227033,0.40863672135794504,2.2307692307692304,0.6479897840747342,0.3020965141100377,0.6662986350271319,0.35920402947671387,2.712901780714526,1.2728621165612575,2.409450834701398,0.23614334509745363,0.6579492803202664,Silver,Basic Materials,3.195,929371211,2825442,FSM
2016,2016-12-31,2016-12-31,17858000.0,210255000.0,48541000.0,0.13,80606000.0,0.3833725714,562915000.0,423151000.0,166912000.0,58110000.0,139764000.0,13572000.0,63096000.0,733735200.0,3.0912205598737654,2.8723455515401826,0.07603634651768029,0.10115065307656132,0.03923445541906559,3.0912205598737654,0.0422024289201727,3.678472331216856,43.30928435435099,1.8277569945480456,0.0,9.552681992337165,0.0,0.37351109847845587,2.5662880743417658,0.031724150182531996,62.017256033998876,0.3833725714013935,2.5815085158150852,-0.1765368350524517,0.7199805828026002,0.6693555443081199,0.8467283724340176,2.683446455505279,0.9001409222578878,1.8575506361244305,0.40358554508546557,0.5671112379550401,Silver,Basic Materials,3.195,929371211,2825442,FSM
2015,2015-12-31,2015-12-31,-10608000.0,154729000.0,25546000.0,-0.0822,43648000.0,0.2820932081,379654000.0,264168000.0,128043000.0,34151000.0,115486000.0,10434000.0,45238000.0,259404355.75,2.0477973329937393,3.7493192000234252,0.10896763895546999,0.15660488779867357,0.2740125247900968,2.0477973329937393,-0.040156264195511944,1.8758756002430055,-27.361647412330317,1.098741542313982,0.0,10.646060954571594,0.0,0.4075526663751732,3.359989458581008,-0.02794123069953168,-122.88414722692633,0.2820932081251737,-1.685,-1.686294804611188,0.7511610361464534,0.07475813195447556,-0.2755879375300815,-1.679912831688245,-0.24308148148148148,-1.3230015010247673,-0.07941677637475202,-0.043164708310356965,Silver,Basic Materials,3.195,929371211,2825442,FSM
2014,2014-12-31,2014-12-31,15602000.0,174006000.0,33750000.0,0.12,60253000.0,0.3462696689,350310000.0,272713000.0,114372000.0,32021000.0,77597000.0,14937000.0,55846000.0,534013490.54999995,2.150955302400632,3.571781018706474,0.0,0.0,0.058725890317243984,2.150955302400632,0.05721032734046415,3.3152907977311123,36.97477826881169,2.115339168099797,0.0,7.615518511079869,0.0,0.49672004795752334,2.957215577277412,0.04453769518426536,27.14859478328392,0.3462696688619933,1.8000000000000003,24.501069964695695,1.4498892041483156,0.7543457418250682,0.4423219628964692,1.8168586387434555,0.5643830536757207,-0.22324768701061887,0.5368531035828941,0.1615829702452792,Silver,Basic Materials,3.195,929371211,2825442,FSM
2013,2013-12-31,2013-12-31,-19100000.0,137394000.0,21574000.0,-0.15,41775000.0,0.3040525787,302215000.0,247660000.0,83221000.0,16816000.0,54555000.0,15488000.0,40244000.0,328885953.39,1.9725597551757532,4.9489176974310185,0.0008404612610227818,0.0010255996123718,0.1665598631140317,1.9725597551757532,-0.07712186061535976,2.6226469379303317,-18.865756721989527,1.454962260316563,0.0,6.173747417355372,0.0,0.4546233641612759,3.6873810656517603,-0.06320003970683123,-23.168260360702114,0.30405257871522773,-1.6,-13.576420641664551,3.2675713989110156,0.8624267573066157,-0.40880529846310604,-1.607062263611226,-0.5223609635139922,-2.269632708329286,0.5976795231454616,0.03527072893582661,Silver,Basic Materials,3.195,929371211,2825442,FSM
2012,2012-12-31,2012-12-31,31463000.0,161020000.0,45168000.0,0.25,70662000.0,0.4388398957,316263000.0,264493000.0,105953000.0,18508000.0,51770000.0,12858000.0,59344000.0,457303827.87,2.1401774691834405,5.724713637346013,0.002137461543082814,0.0025558332356621916,0.11819913985171339,2.1401774691834405,0.11895588919177445,3.2005206053285304,16.379487902297935,1.9484365479237638,0.0,7.027375952714263,0.0,0.5091332214011756,4.762210935811541,0.09948365758877896,57.19096968926867,0.43883989566513476,0.5625,7.265937770081776,1.9174411588512714,0.5015597131847104,0.15888739462721815,0.6107612757896892,0.18660186523052674,51.75799954410861,1.3257985895184663,0.7455552077820886,Silver,Basic Materials,3.195,929371211,2825442,FSM
2011,2011-12-31,2011-12-31,19533000.0,110104000.0,38065000.0,0.16,60974000.0,0.5537855119,271606000.0,228311000.0,87477000.0,23574000.0,43295000.0,11291000.0,27881000.0,642435895.87,1.8517448667024081,3.71074064647493,0.015743393003100077,0.018728839171130607,0.08188457344803046,1.8517448667024081,0.08555435349150939,6.147732106644627,34.65365770081401,2.964771280709208,0.0,4.351253210521654,0.0,0.4053813244184591,3.2288114023924663,0.07191667341664028,-16.442136996453556,0.5537855118796774,0.3333333333333334,0.0,0.0,0.0,0.35717942439958156,0.50775762253956,0.2641559562950417,16.179815352727918,2.4825402030826957,0.7483572694833054,Silver,Basic Materials,3.195,929371211,2825442,FSM
2010,2010-12-31,2010-12-31,12955000.0,74056000.0,30111000.0,0.12,44927000.0,0.6066625257,243183000.0,206008000.0,111837000.0,14752000.0,37175000.0,4034000.0,3597000.0,451847965.08,1.905356444495811,7.581141540130152,0.017472438451700982,0.020625412605335715,0.06741580091254698,1.905356444495811,0.06288590734340414,6.993315397536999,39.97660865148591,2.513965307560871,0.0,7.220872583044125,0.0,0.3045278658458856,7.2464750542299345,0.053272638301197044,-33.845050652202325,0.6066625256562601,24.0,0.0,0.0,0.0,0.6202171012297595,28.243792325056432,2.5254654021777307,3.949034862956332,0.5336952634935556,0.3368080533075385,Silver,Basic Materials,3.195,929371211,2825442,FSM
2009,2009-12-31,2009-12-31,443000.0,51428000.0,8541000.0,0.0048,27729000.0,0.5391809909,139738000.0,112557000.0,48362000.0,12225000.0,27181000.0,2329000.0,-9357000.0,154416733.19,1.2260726327314282,3.9559918200408997,0.01783337388541413,0.02213989356503816,0.0050998344303968,1.2260726327314282,0.00393578364739643,3.5523009487049855,412.3876595711061,1.6230686069280453,0.0,10.175611850579648,0.0,0.36803160199802487,3.0591411042944787,0.0031702185518613403,-419.9718004367816,0.5391809908998989,1.4615384615384615,1.0332886320441221,0.0,-0.3262253553527703,7.170991041162009,1.5029207089554593,2.8641314562410503,0.0,0.0,0.0,Silver,Basic Materials,3.195,929371211,2825442,FSM
2008,2008-12-31,2008-12-31,-880854.5603939999,21642563.681183,-4581758.42235,-0.0104,3393590.7970419973,0.1568017009,115917830.731306,89391947.411668,39780608.052588,5562037.797864,17476581.758422,1735414.954807,-9837304.847987,19918741.319317997,1.059134136382581,7.152164278327095,0.012121469887716984,0.015718356466587036,0.07327428295363397,1.059134136382581,-0.009853846860920105,2.222867541881265,-54.61577256122893,0.5381754590091923,0.0,10.515624999999218,0.0,0.18670607916524767,6.247008420741156,-0.007598956561185086,-3.0964728255557716,0.1568017008998123,0.7438423645320197,0.8873539020892675,0.0,5.443661006787805,-0.7457887317465604,0.6972196212571381,-16.92040479174369,0.0,0.0,0.0,Silver,Basic Materials,3.195,929371211,2825442,FSM
TTM,,,,,,,,,,,,,,,,1140635211.0,4.325021878294664,1.9026069211312946,0.15209970509629975,0.2357956604899375,0.04111772347283238,4.325021878294664,-0.11502650115176337,1.377223699828842,-6.100730187760687,0.7387245868129049,0.0,6.132374869249772,0.0,0.34675978477528174,1.1789419981604967,-0.0781076010542332,-20.960108502480832,0.18334358305609685,,,,,,,,,,,Silver,Basic Materials,3.195,929371211,2825442,FSM
