Quarters,Year,Quarter,FillingDate,Date,NetIncome,Revenue,OperatingIncome,EPSDiluted,GrossProfit,GrossProfitRatio,TotalAssets,CommonStockEquity,CurrentAssets,CurrentLiability,TotalLiability,Inventory,RetainedEarnings,MarketCap,EnterpriseValue,bookValuePerShare,currentRatio,debtToAssets,debtToEquity,roic,shareholdersEquityPerShare,roe,priceToSalesRatio,peRatio,pbRatio,payoutRatio,inventoryTurnover,dividendYield,assetTurnover,quickRatio,returnOnAssets,priceToFreeCashFlowsRatio,grossProfitMargin,epsdilutedGrowth,fiveYNetIncomeGrowthPerShare,fiveYRevenueGrowthPerShare,fiveYShareholdersEquityGrowthPerShare,grossProfitGrowth,netIncomeGrowth,operatingIncomeGrowth,threeYNetIncomeGrowthPerShare,threeYRevenueGrowthPerShare,threeYShareholdersEquityGrowthPerShare,Industry,Sector,Symbol
2023Q1,2023,Q1,2023-04-27,2023-03-31,-193604000.0,740990000.0,-212460000.0,-1.38,337597000.0,0.4556026397,4055404000.0,2550642000.0,2595353000.0,831297000.0,1504762000.0,109238000.0,-781630000.0,9236718059.999998,8192314059.999998,18.175639372065017,3.122052647850287,0.15819755565660043,0.251526870489861,-0.057293103206026805,18.175639372065017,-0.07590402729979354,12.465374782385725,-11.927333706948202,3.621330653223776,0.0,3.692790054742855,0.0,0.18271669111141578,2.807028053752149,-0.04773975663090533,-44.48107707495605,0.455602639711737,0.1882352941176471,-19.6894882943282,2.846350427655638,8.34616184874612,-0.07349530843055407,0.1837839433045106,0.14981312375449182,-2.035978100261609,0.9783193948132665,2.2317004403447984,Entertainment,Communication Services,ROKU
2022Q4,2022,Q4,2023-02-16,2022-12-31,-237197000.0,867056000.0,-249898000.0,-1.7,364377000.0,0.4202462125,4412601000.0,2646556000.0,2964879000.0,1083273000.0,1766045000.0,106747000.0,-588026000.0,5684080600.0,4386760600.0,18.950264216872647,2.73696381244617,0.15062227470827297,0.25113241510854106,-0.06388219379117795,18.950264216872647,-0.08962478028048528,6.555609556937499,-5.990885845942403,2.147727310512228,0.0,4.709069107328543,0.0,0.19649544565665467,2.513446748880476,-0.05375446363720626,-97.95916587677725,0.4202462124707055,-0.9318181818181818,-24.61090519087618,2.1820886643071757,11.007886148546257,0.021273196613105297,-0.9413257163435175,-0.7001136139439006,-11.820929160379517,0.7911927387343684,2.2191458332688625,Entertainment,Communication Services,ROKU
2022Q3,2022,Q3,2022-11-03,2022-09-30,-122183000.0,761373000.0,-146989000.0,-0.88,356787000.0,0.468609998,4392204000.0,2777927000.0,2970944000.0,943420000.0,1614277000.0,119252000.0,-350831000.0,7815404400.0,6447438400.0,20.04695787718931,3.14912128214369,0.14813747266748084,0.23422141762544516,-0.037373725483590824,20.04695787718931,-0.04398351720545572,10.264882521444811,-15.991186171562328,2.813394448450229,0.0,3.3926978163888237,0.0,0.17334645658534986,2.9019980496491486,-0.02781815234447216,-262.9678465679677,0.4686099979904725,-0.07317073170731714,0.8996917920233592,-0.7683981208085205,1.4119298084352991,0.004612148703783483,-0.08780192484041274,-0.33006071683874294,-3.0899147350925498,1.4569967256785807,4.043585801081826,Entertainment,Communication Services,ROKU
2022Q2,2022,Q2,2022-07-29,2022-06-30,-112321000.0,764406000.0,-110513000.0,-0.82,355149000.0,0.4646078131,4313534000.0,2795892000.0,2962815000.0,824614000.0,1517642000.0,76077000.0,-228648000.0,11240776860.0,9863273860.0,20.430489079204087,3.5929719844678845,0.15599946586719846,0.24067775150113094,-0.027881480508628435,20.430489079204087,-0.04017358324284343,14.705244150359887,-25.01931263966667,4.0204617560334945,0.0,5.379510233053354,0.0,0.17721107565165825,3.353105816782155,-0.026039205904022086,-75.3453774381661,0.46460781312548566,-3.3157894736842097,-4.012978718608564,4.312240474401138,10.073157217569829,-0.026474272697618192,-3.269786360526116,-3.7046828437633037,-9.075730938506572,1.5588541061408503,4.081079779072268,Entertainment,Communication Services,ROKU
2022Q1,2022,Q1,2022-04-29,2022-03-31,-26306000.0,733699000.0,-23490000.0,-0.19,364807000.0,0.4972161609,4226248000.0,2813165000.0,3102787000.0,855454000.0,1413083000.0,72863000.0,-116327000.0,16978970530.0,15276641530.0,20.75539143715093,3.6270646931337045,0.12606051514250938,0.18938206610703603,-0.006754487655606578,20.75539143715093,-0.00935103344453667,23.141602387355032,-161.3602460465293,6.035540229599046,0.0,5.062816518672029,0.0,0.1736052877161965,3.402634156833681,-0.006224433587427903,195.08434094721602,0.4972161608507031,-2.117647058823529,-0.9116298172044234,3.6353473127636704,0.0,-0.039081349896218566,-2.110566977667075,-2.005134788189987,-1.211209569094136,1.904253281500424,5.375945564499281,Entertainment,Communication Services,ROKU
2021Q4,2021,Q4,2022-02-18,2021-12-31,23687000.0,865329000.0,23370000.0,0.17,379644000.0,0.4387279289,4082145000.0,2766606000.0,3054507000.0,729619000.0,1315539000.0,50276000.0,-90021000.0,30741050200.0,29116715200.0,20.537342904439875,4.186441142568929,0.12780241760153058,0.18857329160711717,0.006578033097757287,20.537342904439875,0.008561754004726368,35.525274433192465,324.4506501456495,11.111466612882355,0.0,9.660374731482218,0.0,0.21197899633648487,3.9725336100074147,0.00580258663031323,-820.8996528519547,0.43872792891489826,-0.6458333333333333,3.6637092998454337,2.731478729852814,10.069015409421867,0.04321016489933199,-0.6563864510045695,-0.6605467274787207,1.8360442571333526,1.5467573641642594,8.177086547772852,Entertainment,Communication Services,ROKU
2021Q3,2021,Q3,2021-11-04,2021-09-30,68935000.0,679953000.0,68846000.0,0.48,363919000.0,0.5352119925936057,3912303000.0,2683631000.0,2961781000.0,668064000.0,1228672000.0,75945000.0,-113708000.0,41890194750.0,40230774750.0,20.074286569173804,4.43337913732816,0.1329971119312589,0.19388842951955765,0.01904087037013646,20.074286569173804,0.025687212586231117,61.60748573798483,151.91918020599115,15.609521111508998,0.0,4.161353611165976,0.0,0.1737986551655125,4.1547755903626,0.017620056524251828,442.6922278232198,0.5352119925936057,-0.07692307692307698,4.468308758710582,3.895307706320356,0.0,0.07583676751432304,-0.0616875604012686,-0.0034450813502402873,6.785136794598128,2.1355043581249182,8.670356621083727,Entertainment,Communication Services,ROKU
2021Q2,2021,Q2,2021-08-05,2021-06-30,73467000.0,645119000.0,69084000.0,0.52,338266000.0,0.5243466709242791,3638558000.0,2561028000.0,2799232000.0,611348000.0,1077530000.0,47996000.0,-182643000.0,60944771250.0,59324758250.0,19.298654911269356,4.578786550377199,0.12731966894577468,0.18088829954221508,0.021398472408683016,19.298654911269356,0.02868652744132434,94.47058798454239,207.38825339948548,23.796995288610667,0.0,6.393303608634053,0.0,0.17730073287274795,4.368631286926595,0.020191240595862428,1571.5516052088706,0.5243466709242791,-0.03703703703703707,4.381283205520733,3.6232546373826837,9.570510936803984,0.03517754023459854,-0.0370792702107581,-0.08867371975833048,107.04052620789157,2.1823372842530757,8.354924203487933,Entertainment,Communication Services,ROKU
2021Q1,2021,Q1,2021-05-07,2021-03-31,76296000.0,574183000.0,75806000.0,0.54,326771000.0,0.5691060167228915,3487145000.0,2441312000.0,2749391000.0,628116000.0,1045833000.0,41246000.0,-256110000.0,42243898980.0,40595781980.0,18.82653423199716,4.377202618624585,0.12313712220168647,0.17588780131339216,0.023888404982609225,18.82653423199716,0.03125204807906568,73.57218688118596,138.42108033186537,17.30376903075068,0.0,5.99844833438394,0.0,0.16465704752741855,4.097470849333563,0.021879216379014924,458.763916726396,0.5691060167228915,0.10204081632653071,6.795115809814989,2.7916308883510275,0.0,0.06977391327121896,0.13356907259382522,0.16354315359702845,9.823565120369171,2.2254753987719678,8.680860869942183,Entertainment,Communication Services,ROKU
2020Q4,2020,Q4,2021-02-26,2020-12-31,67306000.0,649886000.0,65151000.0,0.49,305458000.0,0.47001781850970786,2270542000.0,1328015000.0,1697640000.0,520321000.0,942527000.0,53895000.0,-332406000.0,42291047500.0,41636557500.0,10.426025515210991,3.2626782313225875,0.1930486201092074,0.3300602779336077,0.031204770298577628,10.426025515210991,0.05068165645719363,65.07456307721662,157.08498313671885,31.845308599676958,0.0,6.390722701549309,0.0,0.2862250511111444,3.1070569898197458,0.02964314247435194,1039.7307314074985,0.47001781850970786,4.444444444444445,13.015030787606898,1.9638468331118815,5.603993150254744,0.42189885673853944,4.198578821348575,4.442857142857143,6.34579573834078,1.6150736898530076,5.606479251989697,Entertainment,Communication Services,ROKU
2020Q3,2020,Q3,2020-11-06,2020-09-30,12947000.0,451663000.0,11970000.0,0.09,214824000.0,0.47562895344537853,2104010000.0,1216375000.0,1533095000.0,465674000.0,887635000.0,62609000.0,-399712000.0,23729705600.0,23121388600.0,9.677810752106422,3.2922065651077794,0.20872571898422537,0.36104079745144385,0.006253465656161242,9.677810752106422,0.010643921488027952,52.538520091307014,458.20857341469065,19.50854432226904,0.0,3.782826750147742,0.0,0.2146677059519679,3.089618488470475,0.006153487863650838,2593.9774376912987,0.47562895344537853,1.2571428571428571,1.6928503502715022,2.458660518360593,0.0,0.46301996785529437,1.300060257717623,1.2835888080741074,1.0117186295691498,-0.8485249470985966,1.1988620295214196,Entertainment,Communication Services,ROKU
2020Q2,2020,Q2,2020-08-07,2020-06-30,-43148000.0,356073000.0,-42209000.0,-0.35,146836000.0,0.41237611388675915,1846422000.0,1015553000.0,1276286000.0,412626000.0,830869000.0,45001000.0,-412659000.0,14288209420.0,13833429420.0,8.282520756194236,3.093081870749783,0.23344879989514855,0.4244436282498304,-0.0239632710746347,8.282520756194236,-0.04248719663080115,40.12719139052947,-82.7860469778437,14.069388224937546,0.0,4.649607786493633,0.0,0.1928448642834628,2.8901329533281954,-0.02336843906755877,930.0403189481221,0.41237611388675915,0.2222222222222223,-1.1493004882193567,1.7618128788645468,4.678258150717908,0.04064464461626778,0.20991723430747822,0.23485905918607813,-1.1493004882193567,1.7618128788645468,4.678258150717908,Entertainment,Communication Services,ROKU
2020Q1,2020,Q1,2020-05-11,2020-03-31,-54612000.0,320766000.0,-55165000.0,-0.45,141101000.0,0.4398876439522892,1541709000.0,675913000.0,968604000.0,372080000.0,865796000.0,43978000.0,-369511000.0,10513346400.0,10424765400.0,5.624172075220502,2.603214362502688,0.32412926174783957,0.7393155628017215,-0.03647892792579225,5.624172075220502,-0.0807973807279931,32.775750547127814,-48.127455504284775,15.554289383396977,0.0,4.085338123607258,0.0,0.20805871925246594,2.3749059342076975,-0.03542302730281785,16848.311538461538,0.4398876439522892,-2.4615384615384617,-3.4757842031023793,1.2855185937816722,0.0,-0.12710412194473142,-2.4747089139148692,-2.1733202945237,-3.4757842031023793,1.2855185937816722,0.0,Entertainment,Communication Services,ROKU
2019Q4,2019,Q4,2020-03-02,2019-12-31,-15717000.0,411230000.0,-17384000.0,-0.13,161647000.0,0.3930817304185006,1470234000.0,698426000.0,925663000.0,358301000.0,771808000.0,49714000.0,-313833000.0,15886431600.0,15790150600.0,5.886736792421024,2.5834786952869235,0.28512332050544337,0.6002038870259698,-0.01182256969843542,5.886736792421024,-0.022503457775054192,38.63149964739927,-252.6950372208437,22.746048400260015,0.0,5.020376553888241,0.0,0.27970377504533295,2.3671494079000617,-0.01069013503972837,-278.05565162600203,0.3930817304185006,0.40909090909090906,-4.513567853144311,1.0134543216056244,3.599504080449251,0.36437451994901965,0.3751937984496124,0.3452107424008437,-4.513567853144311,1.0134543216056244,3.599504080449251,Entertainment,Communication Services,ROKU
2019Q3,2019,Q3,2019-11-08,2019-09-30,-25155000.0,260928000.0,-26549000.0,-0.22,118477000.0,0.4540601238655874,897305000.0,463777000.0,686891000.0,277431000.0,433528000.0,73531000.0,-298116000.0,11873458560.0,11646193560.0,3.974743102990204,2.4758985117020087,0.17690083082118122,0.34226363101231844,-0.03385374015211566,3.974743102990204,-0.05423942972592431,45.50473142016188,-118.00296720333931,25.601654588304296,0.0,1.9372917544981028,0.0,0.290790756766094,2.1033662424170334,-0.028033946094137445,-2564.461892008639,0.4540601238655874,-1.7500000000000002,-0.4500561922735172,1.152307527816539,0.0,0.03737008466933429,-1.695274831243973,-1.5562295397650683,-0.4500561922735172,1.152307527816539,0.0,Entertainment,Communication Services,ROKU
2019Q2,2019,Q2,2019-08-09,2019-06-30,-9333000.0,250101000.0,-10386000.0,-0.08,114209000.0,0.4566515127888333,820825000.0,460682000.0,649951000.0,238268000.0,360143000.0,39443000.0,-272961000.0,10468443640.0,10214393640.0,4.020895157630137,2.7278148975103664,0.1479718575823105,0.2636504139514893,-0.014177888303807298,4.020895157630137,-0.02025909412566586,41.85686438678774,-280.4147551698275,22.72379567684433,0.0,3.445275460791522,0.0,0.3046946669509335,2.4784402437591284,-0.011370267718453994,1577.047851762579,0.4566515127888333,0.11111111111111106,0.5024699697517341,1.0760231939963247,2.7856750163498627,0.13200384573450555,0.04099876695437731,0.0329608938547486,0.5024699697517341,1.0760231939963247,2.7856750163498627,Entertainment,Communication Services,ROKU
2019Q1,2019,Q1,2019-05-10,2019-03-31,-9732000.0,206662000.0,-10740000.0,-0.09,100891000.0,0.48819328178378224,628132000.0,360934000.0,520368000.0,188862000.0,267198000.0,33398000.0,-263628000.0,7662709470.0,7500367470.0,3.255264843024252,2.755281634209105,0.11806117185559722,0.2054613862922307,-0.02079285820963776,3.255264843024252,-0.026963378346179633,37.0784637233744,-196.84313270653516,21.230223448054215,0.0,3.166986047068687,0.0,0.3290104627689721,2.319661975410617,-0.015493558678749053,-485.75020412044375,0.48819328178378224,-2.8000000000000003,0.13548229714492468,0.5960547732837238,0.0,-0.10152193853470003,-2.435821776335202,-2.957353745215965,0.13548229714492468,0.5960547732837238,0.0,Entertainment,Communication Services,ROKU
2018Q4,2018,Q4,2019-03-01,2018-12-31,6778000.0,275739000.0,5487000.0,0.05,112291000.0,0.40723655340738885,464997000.0,244651000.0,432935000.0,194004000.0,220346000.0,35585000.0,-253896000.0,3349626080.0,3194062080.0,2.2378935621375384,2.2315776994288776,0.0,0.0,0.022692354089972007,2.2378935621375384,0.027704771286444774,12.147813983513394,123.54773089406905,13.691446509517641,0.0,4.593171280033722,0.0,0.5929909225220807,1.962784272489227,0.014576438127557812,183.490883593536,0.40723655340738885,1.5555555555555558,0.6444416507658692,0.46518815744244696,1.9882238074373162,0.4215310217361032,1.7114516636926629,1.4670184696569921,0.6444416507658692,0.46518815744244696,1.9882238074373162,Entertainment,Communication Services,ROKU
2018Q3,2018,Q3,2018-11-09,2018-09-30,-9527000.0,173381000.0,-11749000.0,-0.09,78993000.0,0.4556035551761727,428358000.0,221876000.0,397796000.0,185798000.0,206482000.0,68803000.0,-260674000.0,8174488320.0,8036818320.0,2.075857939448374,2.1410133585937414,0.0,0.0,-0.05201394353906635,2.075857939448374,-0.04293839802412158,47.14754396387147,-214.50845806654775,36.84259820800808,0.0,1.3718587852273882,0.0,0.40475723577008016,1.6879729598811613,-0.022240742556459785,-3751.486149609913,0.4556035551761727,-21.930232558139533,0.40047938677109324,0.5612504870660833,0.0,0.015961004218541002,-19.11216730038023,-88.00757575757575,0.40047938677109324,0.5612504870660833,0.0,Entertainment,Communication Services,ROKU
2018Q2,2018,Q2,2018-08-10,2018-06-30,526000.0,156810000.0,-132000.0,0.0043,77752000.0,0.49583572476245136,381668000.0,211765000.0,353780000.0,150177000.0,169903000.0,39431000.0,-251147000.0,4375028240.0,4200861240.0,2.0629408097260646,2.3557535441512347,0.0,0.0,-0.0019062376625252103,2.0629408097260646,0.0024838854390480014,27.900186467699765,2079.3860456273765,20.65982688357377,0.0,2.0049707083259363,0.0,0.4108544598970833,1.9828535661253055,0.00137816112432795,-1795.2516372589248,0.49583572476245136,1.0614285714285714,1.031296434071549,0.4527858691344857,1.9161496929722333,0.23196856382304473,1.0792885137172143,0.9808751086641553,1.031296434071549,0.4527858691344857,1.9161496929722333,Entertainment,Communication Services,ROKU
2018Q1,2018,Q1,2018-05-11,2018-03-31,-6634000.0,136576000.0,-6902000.0,-0.07,63112000.0,0.462101686972821,360480000.0,193476000.0,336811000.0,145724000.0,167004000.0,38062000.0,-251673000.0,3094076800.0,2933326800.0,1.9447169507880346,2.3112939529521563,0.0,0.0,-0.03638111635047946,1.9447169507880346,-0.034288490562136904,22.654615745079663,-116.59921615917999,15.992044491306418,0.0,1.9301140244863644,0.0,0.37887261429205504,1.8311602755894705,-0.018403240124278738,-171.47399689647528,0.462101686972821,-2.166666666666667,0.3432228661817224,0.17552621538971022,0.0,-0.14087747240032125,-1.9557700619507277,-1.7269854645038971,0.3432228661817224,0.17552621538971022,0.0,Entertainment,Communication Services,ROKU
2017Q4,2017,Q4,2018-03-01,2017-12-31,6941000.0,188261000.0,9494000.0,0.06,73461000.0,0.3902082746824887,371897000.0,152279000.0,344917000.0,163258000.0,219618000.0,32740000.0,-283338000.0,4996355760.0,4819105760.0,1.578151556605729,2.112711168824805,0.0,0.0,0.06084704721473184,1.578151556605729,0.04558080890996132,26.53951567239099,179.95806656101428,32.81053697489477,0.0,3.5064141722663407,0.0,0.5062181195330965,1.8241250045939557,0.018663769807231573,1410.6029813664595,0.3902082746824887,1.006825938566553,0.9078982436792504,0.13337029262776845,1.6968905788765085,0.4723118548952801,1.1501243646588082,2.2029903699949314,0.9078982436792504,0.13337029262776845,1.6968905788765085,Entertainment,Communication Services,ROKU
2017Q3,2017,Q3,2017-11-09,2017-09-30,-46235000.0,124782000.0,-7892000.0,-8.79,49895000.0,0.3998573512205286,225502000.0,-255973000.0,197511000.0,145491000.0,481475000.0,35450000.0,-290279000.0,139594985.84,95719985.84,-48.66595586596895,1.357547889560179,0.10218534647142818,-0.09002121317482703,0.03392397991023922,-48.66595586596895,0.18062451899223747,1.1187109185619721,-0.7548122950145993,-0.5453504308657553,0.0,2.1124682651622004,0.0,0.5533520766999849,1.0441264408107718,-0.2050314409628296,-126.21608122965642,0.3998573512205286,-53.93749999999999,-58.12383749167106,21.833202247579802,0.0,0.3256901453357069,-1.9804035325211113,0.4102966449973847,-58.12383749167106,21.833202247579802,0.0,Entertainment,Communication Services,ROKU
2017Q2,2017,Q2,2017-06-30,2017-06-30,-15513000.0,99627000.0,-13383000.0,-0.16,37637000.0,0.3777791161030644,184996000.0,-213350000.0,164904000.0,102849000.0,398346000.0,27082000.0,-244044000.0,2226589632.5,2179231632.5,-2.2517508061737552,1.60336026602106,0.12330536876473004,-0.10691820951488165,0.07041006271800612,-2.2517508061737552,0.07271150691352238,22.349259061298643,-35.882640889898795,-10.436323564565267,0.0,2.2889742264234547,0.0,0.5385359683452615,1.2300459897519664,-0.0838558671538844,2348.723241033755,0.3777791161030644,-0.6,0.0,0.0,0.0,-0.030973223480947477,-0.7826936336474374,-0.7081046585832802,0.0,0.0,0.0,Entertainment,Communication Services,ROKU
2017Q1,2017,Q1,2017-03-31,2017-03-31,-8702000.0,100093000.0,-7835000.0,-0.1,38840000.0,0.388039123615038,,,,,,,,2014188901.0,,,0.0,0.0,0.0,0.0,,0.0,20.12317445775429,-57.8656889508159,0.0,0.0,0.0,0.0,0.0,0.0,0.0,81.61549904777341,0.388039123615038,-3.6525198938992043,0.0,0.0,0.0,-0.13037637417997,-3.696622249767586,-3.3187333530630365,0.0,0.0,0.0,Entertainment,Communication Services,ROKU
2016Q4,2016,Q4,2016-12-31,2016-12-31,3227000.0,147340000.0,3379000.0,0.0377,44663000.0,0.30312881770055655,179078000.0,-193824000.0,165220000.0,116505000.0,372902000.0,43568000.0,-219829000.0,2011366903.5,1991804903.5,-2.264561474126891,1.4181365606626326,0.08376238287226795,-0.07738979692917286,-0.018283760079428814,-2.264561474126891,-0.01664912497936272,13.651193861137505,155.82328040749923,-10.377285080794946,0.0,2.3567067572530296,0.0,0.8227699661599973,0.9787991931676752,0.018020080635253913,-96.84466770186336,0.30312881770055655,1.2513333333333332,0.0,0.0,0.0,0.714510556621881,1.253237071333281,1.2396283951492801,0.0,0.0,0.0,Entertainment,Communication Services,ROKU
2016Q3,2016,Q3,2016-09-30,2016-09-30,-12743000.0,89053000.0,-14101000.0,-0.15,26050000.0,0.2925224304627581,,,,,,,,2014188901.0,,,0.0,0.0,0.0,0.0,,0.0,22.617866899486824,-39.515594855999375,0.0,0.0,0.0,0.0,0.0,0.0,0.0,658.6621651406148,0.2925224304627581,0.0,0.0,0.0,0.0,0.0,0.0,0.0,0.0,0.0,0.0,Entertainment,Communication Services,ROKU
