Quarters,Year,Quarter,FillingDate,Date,NetIncome,Revenue,OperatingIncome,EPSDiluted,GrossProfit,GrossProfitRatio,TotalAssets,CommonStockEquity,CurrentAssets,CurrentLiability,TotalLiability,Inventory,RetainedEarnings,MarketCap,EnterpriseValue,bookValuePerShare,currentRatio,debtToAssets,debtToEquity,roic,shareholdersEquityPerShare,roe,priceToSalesRatio,peRatio,pbRatio,payoutRatio,inventoryTurnover,dividendYield,assetTurnover,quickRatio,returnOnAssets,priceToFreeCashFlowsRatio,grossProfitMargin,epsdilutedGrowth,fiveYNetIncomeGrowthPerShare,fiveYRevenueGrowthPerShare,fiveYShareholdersEquityGrowthPerShare,grossProfitGrowth,netIncomeGrowth,operatingIncomeGrowth,threeYNetIncomeGrowthPerShare,threeYRevenueGrowthPerShare,threeYShareholdersEquityGrowthPerShare,Industry,Sector,Symbol
2023Q1,2023,Q1,2023-05-10,2023-03-31,18723000.0,68937000.0,53373000.0,0.18,68937000.0,1.0,10634650000.0,1038890000.0,1627135000.0,0.0,1706613000.0,0.0,876241000.0,1912665337.24,3299839337.24,9.929028790475243,0.0,0.16047664944309403,1.642727333981461,0.014640521123577312,9.929028790475243,0.018022119762438758,27.7451199970988,25.538980628638576,1.8410662699997113,0.0,0.0,0.0,0.006482300780937784,0.0,0.0017605656979778365,-358.64716618038625,1.0,-0.14285714285714285,0.7597978335982783,0.7533725928175437,1.428059174599547,-0.09196643791409265,-0.14471700698917364,-0.10822055137844612,1.868316242940327,0.2513791417576521,0.12023370682255514,Banks—Regional,Financial Services,CLBK
2022Q4,2022,Q4,2023-03-01,2022-12-31,21891000.0,75919000.0,59850000.0,0.21,75919000.0,1.0,10408169000.0,1053595000.0,1541760000.0,0.0,9354574000.0,0.0,857518000.0,2291669755.12,3239488755.12,9.939793396979761,0.0,0.10828484818030915,1.0697155928036863,0.01973789049099202,9.939793396979761,0.0207774334540312,30.18572103320644,26.17136900004568,2.1750955111973767,0.0,0.0,0.0,0.007294174412425471,0.0,0.0021032517823259787,83.01346646091429,1.0,0.1052631578947368,5.507293627936993,0.9952312415444431,1.4401348453543583,-0.018056004656276273,0.0464649361824179,0.5512013062747843,0.6760724686714055,0.40295405809563695,0.11241813851435058,Banks—Regional,Financial Services,CLBK
2022Q3,2022,Q3,2022-11-09,2022-09-30,20919000.0,77315000.0,38583000.0,0.19,77315000.0,1.0,10012171000.0,1029645000.0,30152000.0,0.0,8982526000.0,0.0,835627000.0,2259364636.3199997,2831334636.3199997,9.629432319271984,0.0,0.06731986499231785,0.6546120264751444,0.01694400435019238,9.629432319271984,0.020316711099456607,29.222849852163225,27.001346100674027,2.1943141920953337,0.0,0.0,0.0,0.007722101430349122,0.0,0.0020893570435423048,64.59572394201903,1.0,-0.13636363636363635,0.0,0.0,0.0,0.042318270060396894,-0.08885404416568665,0.03132768437090695,0.5324652653854948,0.5536829572395442,0.08127538090671228,Banks—Regional,Financial Services,CLBK
2022Q2,2022,Q2,2022-08-09,2022-06-30,22959000.0,74176000.0,37411000.0,0.22,74176000.0,1.0,9750169000.0,1074284000.0,28272000.0,0.0,8675885000.0,0.0,814708000.0,2316314256.2999997,2627131256.2999997,10.115265653731495,0.0,0.04307299699112908,0.39092921424874616,0.01859220086535269,10.115265653731495,0.021371443677835656,31.227273731395595,25.222290346922772,2.156147030301112,0.0,0.0,0.0,0.007607663005636108,0.0,0.002354728415476696,57.36006776038828,1.0,0.09999999999999995,2.6327995247271203,0.6751272427032067,0.19654417561479376,0.06319606690842375,0.1252205449911782,0.11504873178146702,1.0044326636992351,0.6361853104712571,0.1195358736449789,Banks—Regional,Financial Services,CLBK
2022Q1,2022,Q1,2022-05-10,2022-03-31,20404000.0,69767000.0,33551000.0,0.2,69767000.0,1.0,9237094000.0,1032487000.0,27774000.0,0.0,8204607000.0,0.0,791749000.0,2218722449.67,2555480449.67,10.009722204461946,0.0,0.04684969103919479,0.41913844920081317,0.016953054968842238,10.009722204461946,0.019761992160676114,31.801889857239097,27.184895727185847,2.1489107849977773,0.0,0.0,0.0,0.0075529165341394165,0.0,0.002208919818289172,69.35891868048392,1.0,-0.13043478260869565,1.2269550690344548,0.933701620518267,0.0,0.02699718840622378,-0.1255678409188309,-0.14953105196451205,0.4788711803661431,0.558012863472311,0.12262232897126363,Banks—Regional,Financial Services,CLBK
2021Q4,2021,Q4,2022-03-01,2021-12-31,23334000.0,67933000.0,39450000.0,0.23,67933000.0,1.0,9224097000.0,1079081000.0,28300000.0,0.0,8145016000.0,0.0,765133000.0,2152244309.32,2458590309.32,10.458677745144975,0.0,0.04090470861266962,0.34965771800263373,0.019780937620327937,10.458677745144975,0.021623955940286224,31.68186756539532,23.059101625524985,1.9945159902917389,0.0,0.0,0.0,0.007364731745557316,0.0,0.0025296785148725127,71.86604478829973,1.0,0.15,1.6227621839947246,0.9609838134294484,0.0,0.0257753752302721,0.1120960823563054,0.0,0.6949810318960434,0.47372403970775057,0.19883651830129265,Banks—Regional,Financial Services,CLBK
2021Q3,2021,Q3,2021-11-09,2021-09-30,20982000.0,66226000.0,0.0,0.2,66226000.0,1.0,9200120000.0,1030876000.0,27857000.0,0.0,8169244000.0,0.0,741799000.0,1905079199.0,2356222199.0,10.010715570255933,0.0,0.08148056764476985,0.7271786325416442,0.0,10.010715570255933,0.020353563377166605,28.766333449098543,22.698970534267467,1.8480197414626007,0.0,0.0,0.0,0.007198384368899536,0.0,0.002280622426664,-350.972586403832,1.0,-0.23076923076923075,0.0,0.0,0.0,-0.08617239999448055,-0.21380395683453238,0.0,1.096284807006326,0.5616471847123533,0.17746198772830457,Banks—Regional,Financial Services,CLBK
2021Q2,2021,Q2,2021-08-09,2021-06-30,26688000.0,72471000.0,0.0,0.26,72471000.0,1.0,9067435000.0,1033046000.0,28296000.0,0.0,8034389000.0,0.0,720817000.0,1800138436.32,2162590436.3199997,9.882046714343776,0.0,0.0826786185950051,0.7257014692472552,0.0,9.882046714343776,0.025834280370864413,24.839431445957693,16.862807594424456,1.7425539969372128,0.0,0.0,0.0,0.007992447698825522,0.0,0.002943279990427282,-17.794610983570905,1.0,0.3,2.9282572942221865,0.6627145699242629,0.16895649051386008,0.10922170352797123,0.2681397006414825,0.0,2.9282572942221865,0.6627145699242629,0.16895649051386008,Banks—Regional,Financial Services,CLBK
2021Q1,2021,Q1,2021-05-10,2021-03-31,21045000.0,65335000.0,0.0,0.2,65335000.0,1.0,9039931000.0,999649000.0,28670000.0,0.0,8040282000.0,0.0,694129000.0,1852488815.0800002,2215387815.08,9.432642387773546,0.0,0.0799358977408124,0.7228687269231501,0.0,9.432642387773546,0.021052389388675426,28.353697330374228,22.006281956284155,1.853139266962704,0.0,0.0,0.0,0.007227378173572343,0.0,0.0023280044947245728,10.906359668185619,1.0,0.05263157894736847,1.235596758156376,0.7625186013179485,0.0,-0.048122031527725165,0.01893095768374165,0.0,0.9529220153141322,0.6406515723936058,1.3066721200688458,Banks—Regional,Financial Services,CLBK
2020Q4,2020,Q4,2021-03-01,2020-12-31,20654000.0,68638000.0,0.0,0.19,68638000.0,1.0,8798536000.0,1011287000.0,29456000.0,0.0,7787249000.0,0.0,673084000.0,1688254678.48,2064661678.48,9.320646890886975,0.0,0.09085193263970279,0.7904422780081223,0.0,9.320646890886975,0.020423480179217177,24.5965016241732,20.43496027984894,1.6694120249543403,0.0,0.0,0.0,0.007801070541735579,0.0,0.0023474359825316395,43.41995469574611,1.0,0.35714285714285704,1.2076122089137336,0.8841120630331497,0.0,0.06857845655659864,0.3689931729303374,0.0,4.998006743794165,0.7622817837235377,1.288139637450392,Banks—Regional,Financial Services,CLBK
2020Q3,2020,Q3,2020-11-09,2020-09-30,15087000.0,64233000.0,0.0,0.14,64233000.0,1.0,8865473000.0,1017330000.0,31252000.0,0.0,7848143000.0,0.0,652430000.0,1231920968.1,1981234968.1,9.166467080608497,0.0,0.11451278459705422,0.9979161137487345,0.0,9.166467080608497,0.01482999616643567,19.178941791602448,20.41361715549811,1.2109354566364896,0.0,0.0,0.0,0.007245298699798646,0.0,0.001701770452631236,303.42880987684725,1.0,0.0,0.0,0.0,0.0,0.021533421333036467,-0.0006623832549513148,0.0,0.0,0.0,0.0,Banks—Regional,Financial Services,CLBK
2020Q2,2020,Q2,2020-08-10,2020-06-30,15097000.0,62879000.0,0.0,0.14,62879000.0,1.0,8963192000.0,1040988000.0,28414000.0,0.0,7922204000.0,0.0,637343000.0,1550432680.23,2454530680.23,9.369634506056068,0.0,0.1260688156629915,1.0854870565270685,0.0,9.369634506056068,0.014502568713568264,24.657400407608264,25.674516132840964,1.4893857376165718,0.0,0.0,0.0,0.007015246354200602,0.0,0.001684332992085855,-37.68308089223216,1.0,1.3333333333333337,2.026335364723839,0.3574028585297381,0.10834277414404907,0.1013434221358135,1.2316334072431634,0.0,2.026335364723839,0.3574028585297381,0.10834277414404907,Banks—Regional,Financial Services,CLBK
2020Q1,2020,Q1,2020-05-11,2020-03-31,6765000.0,57093000.0,0.0,0.06,57093000.0,1.0,8325051000.0,961126000.0,22770000.0,0.0,7363925000.0,0.0,622246000.0,1561509691.2,2850126691.2,8.86335478927702,0.0,0.1653973050735665,1.4326331823298923,0.0,8.86335478927702,0.007038619286128978,27.35028271767117,57.7054579157428,1.6246669960026052,0.0,0.0,0.0,0.00685797600519204,0.0,0.0008126076344757528,37.65940794906425,1.0,-0.5,-0.2976649921069938,0.5052292603664146,0.0,0.017047883710987602,-0.5007011587571039,0.0,-0.2976649921069938,0.5052292603664146,0.0,Banks—Regional,Financial Services,CLBK
2019Q4,2019,Q4,2020-03-02,2019-12-31,13549000.0,56136000.0,0.0,0.12,56136000.0,1.0,8188694000.0,982517000.0,22092000.0,107800000.0,7206177000.0,0.0,615481000.0,1862705443.0600002,3194180443.0600004,8.935303239710285,0.20493506493506494,0.17182495767945413,1.4320586819362922,0.0,8.935303239710285,0.013790092181611107,33.182012310460316,34.3697956133294,1.895850599083782,0.0,0.0,0.0,0.006855305620163606,11.09438775510204,0.0016545984011614061,20.769420115515416,1.0,-0.07692307692307698,0.42897111104639474,0.5204815858992912,0.0,0.08305840134282572,-0.04705303136868758,0.0,0.42897111104639474,0.5204815858992912,0.0,Banks—Regional,Financial Services,CLBK
2019Q3,2019,Q3,2019-11-12,2019-09-30,14218000.0,51831000.0,0.0,0.13,51831000.0,1.0,7070250000.0,991835000.0,19423000.0,0.0,6078415000.0,0.0,601932000.0,1758559995.6599998,2829724995.66,8.905624311169598,0.0,0.15969972773239985,1.1384121350829524,0.0,8.905624311169598,0.014335045647713582,33.92872982693754,30.921367204599804,1.7730368414706075,0.0,0.0,0.0,0.007330858173331919,0.0,0.0020109614228634065,65.36668756867263,1.0,0.18181818181818185,0.0,0.0,0.0,0.08847494644882187,0.18178040063170145,0.0,0.0,0.0,0.0,Banks—Regional,Financial Services,CLBK
2019Q2,2019,Q2,2019-08-13,2019-06-30,12031000.0,47618000.0,0.0,0.11,47618000.0,1.0,6980743000.0,1007909000.0,20310000.0,0.0,5972834000.0,0.0,587714000.0,1693377621.54,2802271621.54,9.035231377444179,0.0,0.16663999806324342,1.1541428839309897,0.0,9.035231377444179,0.011936593482149678,35.56171241001302,35.18779863560801,1.6800897913799757,0.0,0.0,0.0,0.00682133692645611,0.0,0.0017234555118273228,-74.87189377636291,1.0,-0.15384615384615388,1.8145943509590112,0.023800441174192794,0.0687859172561319,-0.01658371367794965,-0.19357865808700314,0.0,1.8145943509590112,0.023800441174192794,0.0687859172561319,Banks—Regional,Financial Services,CLBK
2019Q1,2019,Q1,2019-05-13,2019-03-31,14919000.0,48421000.0,0.0,0.13,48421000.0,1.0,6816964000.0,994502000.0,20092000.0,0.0,5822462000.0,0.0,575683000.0,1741085966.97,2774579966.9700003,8.916375477436429,0.0,0.16116191900089247,1.1047086883686508,0.0,8.916375477436429,0.015001478126740821,35.957249271390516,29.175647948421478,1.7507113781269419,0.0,0.0,0.0,0.007103015359916819,0.0,0.00218851089722639,166.53141721377332,1.0,0.0,0.5058479052131498,0.241133283205805,0.0,-0.02731966011128744,0.003497679424228156,0.0,0.5058479052131498,0.241133283205805,0.0,Banks—Regional,Financial Services,CLBK
2018Q4,2018,Q4,2019-03-29,2018-12-31,14867000.0,49781000.0,0.0,0.13,49781000.0,1.0,6691618000.0,972060000.0,18894000.0,159600000.0,5719558000.0,0.0,560216000.0,1703663189.6899998,2850642189.6899996,8.724023322182859,0.11838345864661654,0.1777118777551259,1.2233606978993066,0.0,8.724023322182859,0.015294323395675165,34.22316124003133,28.648402328815493,1.7526317199452708,0.0,0.0,0.0,0.0074393069060427535,6.847581453634085,0.002221734713487829,310.6040455223336,1.0,0.3,0.5473696369692378,0.33063162477713576,0.0,0.08519172497983564,0.37314122102152025,0.0,0.5473696369692378,0.33063162477713576,0.0,Banks—Regional,Financial Services,CLBK
2018Q3,2018,Q3,2018-11-14,2018-09-30,10827000.0,45873000.0,0.0,0.1,45873000.0,1.0,6567853000.0,947046000.0,18594000.0,0.0,5620807000.0,0.0,545349000.0,1827937862.64,2908833862.6400003,8.501943735414983,0.0,0.17292256693321242,1.1992342505010316,0.0,8.501943735414983,0.011432390823676992,39.847794184814596,42.20785680798005,1.930146859434494,0.0,0.0,0.0,0.006984474226204514,0.0,0.001648483910952331,131.64838765862442,1.0,1.7692307692307692,0.0,0.0,0.0,-0.011890145395799677,1.7344322344322345,0.0,0.0,0.0,0.0,Banks—Regional,Financial Services,CLBK
2018Q2,2018,Q2,2018-08-14,2018-06-30,-14742000.0,46425000.0,0.0,-0.13,46425000.0,1.0,6277403000.0,941297000.0,17067000.0,0.0,5336106000.0,0.0,534522000.0,1842791145.3500001,2706226145.3500004,8.453733560262572,0.0,0.1482488857255142,0.9886550153670945,0.0,8.453733560262572,-0.01566136936588558,39.69393958750673,-31.250697757258173,1.9577148820722898,0.0,0.0,0.0,0.007395574252600956,0.0,-0.00234842338463852,118.06709029664276,1.0,-2.3,0.0,0.0,0.0,0.0660895124807679,-2.2510183299389004,0.0,0.0,0.0,0.0,Banks—Regional,Financial Services,CLBK
2018Q1,2018,Q1,2018-05-14,2018-03-31,11784000.0,43547000.0,0.0,0.1,43547000.0,1.0,6564881000.0,473904000.0,16614000.0,0.0,6090977000.0,0.0,549264000.0,1787011078.5,1742060078.5,4.089286164993409,0.0,0.08978532893437063,1.2437751105709174,0.0,4.089286164993409,0.024865795604172996,41.036376294578275,37.911810049643584,3.770829278714676,0.0,0.0,0.0,0.006633326636080685,0.0,0.0017950058805330973,214.16719540987535,1.0,2.3333333333333335,0.14474451136584415,0.07427965265443072,0.0,0.04677772168938247,2.203915171288744,0.0,0.14474451136584415,0.07427965265443072,0.0,Banks—Regional,Financial Services,CLBK
2017Q4,2017,Q4,2018-03-23,2017-12-31,3678000.0,41601000.0,0.0,0.03,41601000.0,1.0,5766500000.0,472070000.0,15915000.0,0.0,5294430000.0,0.0,537480000.0,1787011078.5,2650570078.5,4.0734607007082415,0.0,0.16111280672851816,1.9680492299870782,0.0,4.0734607007082415,0.00779121740419853,42.95596448402683,121.46622338907015,3.7854790147647592,0.0,0.0,0.0,0.0072142547472470306,0.0,0.0006378219023671205,-5549.723846273292,1.0,0.0,-0.6319423596517563,0.06913212202205024,0.0,0.0,0.0,0.0,-0.6319423596517563,0.06913212202205024,0.0,Banks—Regional,Financial Services,CLBK
2017Q3,2017,Q3,2017-09-30,2017-09-30,0.0,0.0,0.0,0.0,0.0,1.0,,,,,,,,1787011078.5,,,0.0,0.0,0.0,0.0,,0.0,0.0,0.0,0.0,0.0,0.0,,0.0,0.0,0.0,0.0,0.0,0.0,0.0,0.0,0.0,0.0,0.0,0.0,0.0,0.0,0.0,Banks—Regional,Financial Services,CLBK
2017Q1,2017,Q1,2017-03-31,2017-03-31,10294000.0,40536000.0,0.0,0.09,40536000.0,1.0,,,,,,,,1787011078.5,,,0.0,0.0,0.0,0.0,,0.0,44.08454407193606,43.399336470273944,0.0,0.0,0.0,0.0,0.0,0.0,0.0,706.0494186092453,1.0,0.0,0.0,0.0,0.0,0.04176196962298579,0.03012108475933153,0.0,0.0,0.0,0.0,Banks—Regional,Financial Services,CLBK
2016Q4,2016,Q4,2016-12-31,2016-12-31,9993000.0,38911000.0,0.0,0.09,38911000.0,1.0,,,,,,,,1787011078.5,,,0.0,0.0,0.0,0.0,,0.0,45.92560146231143,44.706571562593815,0.0,0.0,0.0,0.0,0.0,0.0,0.0,199.4877292364367,1.0,0.0,0.0,0.0,0.0,0.0,0.0,0.0,0.0,0.0,0.0,Banks—Regional,Financial Services,CLBK
