Quarters,Year,Quarter,FillingDate,Date,NetIncome,Revenue,OperatingIncome,EPSDiluted,GrossProfit,GrossProfitRatio,TotalAssets,CommonStockEquity,CurrentAssets,CurrentLiability,TotalLiability,Inventory,RetainedEarnings,MarketCap,EnterpriseValue,bookValuePerShare,currentRatio,debtToAssets,debtToEquity,roic,shareholdersEquityPerShare,roe,priceToSalesRatio,peRatio,pbRatio,payoutRatio,inventoryTurnover,dividendYield,assetTurnover,quickRatio,returnOnAssets,priceToFreeCashFlowsRatio,grossProfitMargin,epsdilutedGrowth,fiveYNetIncomeGrowthPerShare,fiveYRevenueGrowthPerShare,fiveYShareholdersEquityGrowthPerShare,grossProfitGrowth,netIncomeGrowth,operatingIncomeGrowth,threeYNetIncomeGrowthPerShare,threeYRevenueGrowthPerShare,threeYShareholdersEquityGrowthPerShare,Industry,Sector,Symbol
2023Q1,2023,Q1,2023-05-04,2023-03-31,-39064000.0,4896000.0,-41803000.0,-1.3,4896000.0,1.0,428801000.0,243163000.0,381253000.0,52995000.0,185638000.0,0.0,-370160000.0,638136690.75,393787690.75,8.104967297713715,7.194131521841683,0.11535887276382284,0.20342733063829613,-0.13203359860228844,8.104967297713715,-0.16064944091000688,130.33837637867646,-4.083917998348864,2.6243165726282367,0.0,0.0,0.0,0.011417883820233628,6.98796112840834,-0.0911005338140536,-13.154745222634508,1.0,-0.28712871287128716,-5.830617205309169,-0.22743655914998567,0.0,0.5372056514913658,-0.30308893188338115,-0.29778647046040174,-1.0694415229960965,1.60149967222766,0.7830005741333688,Biotechnology,Healthcare,BCYC
2022Q4,2022,Q4,2023-02-28,2022-12-31,-29978000.0,3185000.0,-32211000.0,-1.01,3185000.0,1.0,410609000.0,270783000.0,369383000.0,53342000.0,139826000.0,0.0,-331096000.0,879462472.0,584633472.0,9.113722364721891,6.924805969030032,0.10794941172745848,0.1636919599827168,-0.09651842295371059,9.113722364721891,-0.11070857476281745,276.12636483516485,-7.334232370404964,3.2478496508274155,0.0,0.0,0.0,0.007756771040089233,6.755670953470061,-0.07300862864671744,-27.693499763831596,1.0,-0.052083333333333384,-1.0196664297085718,0.3481708143722734,2.735060820943402,0.047697368421052634,-0.05753695276396091,-0.0823952417755973,-3.1050641747283545,-0.6361226212040303,0.7529785067726217,Biotechnology,Healthcare,BCYC
2022Q3,2022,Q3,2022-11-03,2022-09-30,-28347000.0,3040000.0,-29759000.0,-0.96,3040000.0,1.0,417148000.0,289474000.0,381285000.0,41552000.0,127674000.0,0.0,-301118000.0,690264248.46,372835248.46000004,9.754474833401687,9.176092606854063,0.1055740408679893,0.15213801584943726,-0.08496791226302701,9.754474833401687,-0.0979258931717529,227.06060804605264,-6.08763051169436,2.3845466206291417,0.0,0.0,0.0,0.007287581385982913,8.972781093569504,-0.06795429919357159,-77.95191964539808,1.0,-0.0666666666666666,-0.6508143345104899,-0.15417968714674962,0.0,-0.3056190041114664,-0.0566199493066945,-0.09007326007326007,-0.8033425989820875,1.9865947790341398,0.8317822123711225,Biotechnology,Healthcare,BCYC
2022Q2,2022,Q2,2022-08-04,2022-06-30,-26828000.0,4378000.0,-27300000.0,-0.9,4378000.0,1.0,445482000.0,311392000.0,408493000.0,41341000.0,134090000.0,0.0,-272771000.0,497502903.92,170278903.92000002,10.502768363418882,9.881062383590141,0.10223757637794569,0.14626258863426164,-0.0721188551373832,10.502768363418882,-0.08615507142123112,113.63702693467337,-4.636041672133592,1.5976740054978935,0.0,0.0,0.0,0.009827557566860165,9.652378994218815,-0.060222410782029355,-14.926579775577558,1.0,0.03225806451612906,-1.4158979246954,0.18178516546645498,0.0,0.13419689119170986,0.026701494703236104,0.0030310776759303218,0.35364163846522567,-0.29194079702243314,-0.26691472373460423,Biotechnology,Healthcare,BCYC
2022Q1,2022,Q1,2022-05-05,2022-03-31,-27564000.0,3860000.0,-27383000.0,-0.93,3860000.0,1.0,459563000.0,330258000.0,429766000.0,35414000.0,129305000.0,0.0,-245943000.0,1299073674.8400002,938799674.8400002,11.155426609491466,12.135483142260123,0.10248214064230585,0.14260668931562598,-0.06838229007416971,11.155426609491466,-0.08346202060207474,336.54758415544046,-11.782339961906835,3.933511602565267,0.0,0.0,0.0,0.008399283667310032,11.87945445304117,-0.059978718913402514,-41.69577849659777,1.0,-0.4761904761904763,-3.8843248484189323,-0.38275282496724017,0.0,0.02360116679925749,-0.5281920496756667,-0.524241580851656,-0.9032568300620597,-0.7285040621096508,1.6055266290189556,Biotechnology,Healthcare,BCYC
2021Q4,2021,Q4,2022-03-01,2021-12-31,-18037000.0,3771000.0,-17965000.0,-0.63,3771000.0,1.0,479792000.0,346254000.0,458555000.0,36238000.0,133538000.0,0.0,-218379000.0,1752504152.58,1358161152.58,12.02649417347836,12.653982007837078,0.09240879381065129,0.12804761822246097,-0.04258594902842924,12.02649417347836,-0.05209181698983983,464.73194181384247,-24.29040517519543,5.0613253639813545,0.0,0.0,0.0,0.007859655850868709,12.434185109553507,-0.0375933737953113,-152.36516715179968,1.0,-0.0677966101694916,-0.25403929151901744,0.6472589052494412,3.2895912360111885,-0.12970228479113777,-0.22884589181087342,-0.25682104379459914,-0.25403929151901744,0.6472589052494412,3.2895912360111885,Biotechnology,Healthcare,BCYC
2021Q3,2021,Q3,2021-11-04,2021-09-30,-14678000.0,4333000.0,-14294000.0,-0.59,4333000.0,1.0,281333000.0,170823000.0,272872000.0,30177000.0,110510000.0,0.0,-200342000.0,1041413184.1000001,814963184.1000001,6.822007516776165,9.042383272028365,0.11756175066558136,0.19361561382249462,-0.06708379318417909,6.822007516776165,-0.08592519742657605,240.34460745441962,-17.737654723054913,6.09644593585173,0.0,0.0,0.0,0.015401677016204995,8.85535341485237,-0.05217304759839763,48.32768036103764,1.0,0.20270270270270274,-0.013046847994657164,0.4287779355100104,0.0,1.427450980392157,0.18059509853179256,0.1726572900387799,-0.013046847994657164,0.4287779355100104,0.0,Biotechnology,Healthcare,BCYC
2021Q2,2021,Q2,2021-08-05,2021-06-30,-17913000.0,1785000.0,-17277000.0,-0.74,1785000.0,1.0,226048000.0,142050000.0,217788000.0,23273000.0,83998000.0,0.0,-185664000.0,730223820.48,564687820.48,5.905912514830264,9.357968461307093,0.14688030860702153,0.23373460049278424,-0.09575815024745994,5.905912514830264,-0.12610348468848998,409.08897505882356,-10.191255240328253,5.140611196620909,0.0,0.0,0.0,0.00789655294450736,9.152064624242685,-0.07924423131370328,-58.22692133641655,1.0,-0.013698630136986314,-0.9884196390735621,-0.4060492538284204,0.0,-0.012721238938053098,-0.10635538261997406,-0.07819520718921617,-0.9884196390735621,-0.4060492538284204,0.0,Biotechnology,Healthcare,BCYC
2021Q1,2021,Q1,2021-05-06,2021-03-31,-16191000.0,1808000.0,-16024000.0,-0.73,1808000.0,1.0,223842000.0,142091000.0,215393000.0,20806000.0,81751000.0,0.0,-167751000.0,660152090.8000001,497482090.8000001,6.429212645311219,10.352446409689513,0.14845739405473504,0.23387125152191202,-0.08765143492963612,6.429212645311219,-0.11394810368003604,365.1283688053098,-10.193195151627448,4.64598103187394,0.0,0.0,0.0,0.008077125829826396,10.065894453523022,-0.07233227008336238,-46.06783606420098,1.0,0.12048192771084336,-2.8432121142046842,-0.6127168383245528,0.0,-0.5301455301455301,0.07124419204956117,0.06072684642438453,-2.8432121142046842,-0.6127168383245528,0.0,Biotechnology,Healthcare,BCYC
2020Q4,2020,Q4,2021-03-11,2020-12-31,-17433000.0,3848000.0,-17060000.0,-0.83,3848000.0,1.0,161152000.0,95460000.0,155723000.0,23129000.0,65692000.0,0.0,-151560000.0,377988497.25,257773497.25,4.533225250150122,6.732802974620606,0.09788894956314535,0.16525246176408967,-0.15115215913466598,4.533225250150122,-0.18262099308610938,98.2298589527027,-5.420588786353467,3.9596532291011943,0.0,0.0,0.0,0.023878077839555204,6.5123005750356695,-0.10817737291501191,-22.103297891936144,1.0,-0.596153846153846,-0.6571453096114659,1.298169295943597,1.8630306267056058,0.0015616866215512754,-0.719569934898402,-0.5981264637002341,-0.6571453096114659,1.298169295943597,1.8630306267056058,Biotechnology,Healthcare,BCYC
2020Q3,2020,Q3,2020-11-05,2020-09-30,-10138000.0,3842000.0,-10675000.0,-0.52,3842000.0,1.0,170059000.0,109551000.0,164158000.0,17047000.0,60508000.0,0.0,-134127000.0,370081168.65000004,235995168.65000004,5.639158992101286,9.629729571185546,0.09265019787250307,0.14382342470630116,-0.08059984840877367,5.639158992101286,-0.0925413734242499,96.32513499479438,-9.126089185490235,3.3781633088698415,0.0,0.0,0.0,0.022592159191809902,9.306036252713087,-0.059614604343198534,-36.71440165178572,1.0,0.22388059701492538,0.09812348620195536,0.6329224148836107,0.0,1.4455760661998727,0.1631861328931077,0.15163315584518794,0.09812348620195536,0.6329224148836107,0.0,Biotechnology,Healthcare,BCYC
2020Q2,2020,Q2,2020-08-05,2020-06-30,-12115000.0,1571000.0,-12583000.0,-0.67,1571000.0,1.0,118602000.0,71026000.0,112531000.0,16978000.0,47576000.0,0.0,-123989000.0,284544099.8,189137099.8,3.928913798549268,6.628048062198139,0.012672636211868265,0.021161264888913917,-0.16861699190144916,3.928913798549268,-0.17057134007264946,181.12291521324,-5.871731320676847,4.00619631965759,0.0,0.0,0.0,0.013245982361174347,6.373718930380492,-0.10214836174769397,-22.49360472727273,1.0,-0.06349206349206354,-0.7892561081180556,-0.304498983825018,0.0,0.39149689991142606,-0.06985164252914165,-0.08073520570299751,-0.7892561081180556,-0.304498983825018,0.0,Biotechnology,Healthcare,BCYC
2020Q1,2020,Q1,2020-05-07,2020-03-31,-11324000.0,1129000.0,-11643000.0,-0.63,1129000.0,1.0,129282000.0,81813000.0,123390000.0,16197000.0,47469000.0,0.0,-111874000.0,245671730.85,137726730.85,4.545689673517437,7.6180774217447675,0.0049194783496542445,0.007773825675626123,-0.13707961126788387,4.545689673517437,-0.13841321061445003,217.60117878653676,-5.423695930104204,3.002844668328994,0.0,0.0,0.0,0.00873284757352145,7.3558066308575665,-0.08759146671617085,11.78733954754822,1.0,-1.52,-2.30070559105238,-0.7030315055975119,0.0,-0.7862147320583223,-1.5701316386745348,-1.4439546599496222,-2.30070559105238,-0.7030315055975119,0.0,Biotechnology,Healthcare,BCYC
2019Q4,2019,Q4,2020-03-10,2019-12-31,-4406000.0,5281000.0,-4764000.0,-0.25,5281000.0,1.0,110194000.0,93198000.0,104146000.0,8821000.0,16996000.0,0.0,-100550000.0,169043735.95,78817735.94999999,5.198992645666265,11.806597891395533,0.005807938726246438,0.006867100152363785,-0.048254120088706984,5.198992645666265,-0.04727569261142943,32.00979661995834,-9.591678163300045,1.8138129139037318,0.0,0.0,0.0,0.04792456939579288,11.252919170162112,-0.03998402816850282,-31.83497852165725,1.0,0.5283018867924528,0.5080061251801942,2.7050140869795825,1.989778719043049,7.600977198697068,0.5353300991352036,0.5353555057056472,0.5080061251801942,2.7050140869795825,1.989778719043049,Biotechnology,Healthcare,BCYC
2019Q3,2019,Q3,2019-11-07,2019-09-30,-9482000.0,614000.0,-10253000.0,-0.53,614000.0,1.0,116060000.0,95325000.0,110250000.0,8835000.0,20735000.0,0.0,-96144000.0,203892139.42000002,109956139.42000002,5.325128046076589,12.478777589134125,0.005186972255729795,0.006315237345921846,-0.10115022168832527,5.325128046076589,-0.09947023341201154,332.07188830618895,-5.37576828253533,2.1389157033307105,0.0,0.0,0.0,0.005290367051525073,12.078551216751556,-0.08169912114423573,-18.256817641475646,1.0,0.6214285714285713,0.084580858100781,-0.7167944179133711,0.0,-0.5965834428383706,0.07193892532054419,-0.28355032548823234,0.084580858100781,-0.7167944179133711,0.0,Biotechnology,Healthcare,BCYC
2019Q2,2019,Q2,2019-08-08,2019-06-30,-10217000.0,1522000.0,-7988000.0,-1.4,1522000.0,1.0,126246000.0,104559000.0,120452000.0,9440000.0,21687000.0,0.0,-86662000.0,72251576.10000001,-34062423.89999999,14.326803038418424,12.759745762711864,0.00470509956751105,0.005681003070037012,-0.07538962440467792,14.326803038418424,-0.0977151656002831,47.47146918528253,-1.7679254208671822,0.6910125010759476,0.0,0.0,0.0,0.012055827511366697,12.545656779661018,-0.08092929676979865,-8.951998029983894,1.0,-4.6,-2.7377066167425514,0.6690485209382936,0.0,-0.7615914786967418,-0.5711210210671998,-1.4250151791135397,-2.7377066167425514,0.6690485209382936,0.0,Biotechnology,Healthcare,BCYC
2019Q1,2019,Q1,2019-03-31,2019-03-31,-6503000.0,6384000.0,-3294000.0,-0.25,6384000.0,1.0,77801000.0,56915000.0,69926000.0,8419000.0,20886000.0,0.0,-76445000.0,159520800.0,102570800.0,4.281447936570027,8.305737023399454,0.007506330252824514,0.010260915400158131,-0.055658003291326,4.281447936570027,-0.11425810419045945,24.987593984962405,-6.132584960787329,2.8027901256259335,0.0,0.0,0.0,0.08205550057197208,8.041572633329373,-0.08358504389403736,-28.389535504538173,1.0,0.4995696298816983,-1.5662983425414365,1.2735042735042732,0.0,5.039735099337748,0.02078000301159464,0.5632458233890215,-1.5662983425414365,1.2735042735042732,0.0,Biotechnology,Healthcare,BCYC
2018Q4,2018,Q4,2018-12-31,2018-12-31,-6641000.0,1057000.0,-7542000.0,-0.49957,1057000.0,1.0,81626000.0,-69826000.0,76769000.0,8929000.0,151452000.0,0.0,-69942000.0,159520800.0,96140800.0,-5.252681781936901,8.597715309665135,0.0,0.0,0.10801134247987855,-5.252681781936901,0.09510783948672415,150.91844843897823,-6.005149826833308,-2.2845473032967663,0.0,0.0,0.0,0.012949305368387523,8.365214469705455,-0.08135888074878103,-17.21943005181347,1.0,0.13663755783026538,0.0,0.0,0.0,-0.34347826086956523,0.13663546541861674,-0.18640868334119867,0.0,0.0,0.0,Biotechnology,Healthcare,BCYC
2018Q3,2018,Q3,2018-09-30,2018-09-30,-7692000.0,1610000.0,-6357000.0,-0.578633,1610000.0,1.0,,,,,,,,159520800.0,,,0.0,0.0,0.0,0.0,,0.0,99.08124223602485,-5.184633385335413,0.0,0.0,0.0,0.0,0.0,0.0,0.0,-33.344648829431435,1.0,-0.5448875575027965,0.0,0.0,0.0,-0.030704394942805538,-0.5448885318337016,-0.282170229931424,0.0,0.0,0.0,Biotechnology,Healthcare,BCYC
2018Q2,2018,Q2,2018-06-30,2018-06-30,-4979000.0,1661000.0,-4958000.0,-0.374547,1661000.0,1.0,,,,,,,,159520800.0,,,0.0,0.0,0.0,0.0,,0.0,96.03901264298615,-8.00968065876682,0.0,0.0,0.0,0.0,0.0,0.0,0.0,-28.08959323824617,1.0,-0.9648779515373437,0.0,0.0,0.0,-0.40847578347578345,-0.9648776637726914,-0.7161647628937349,0.0,0.0,0.0,Biotechnology,Healthcare,BCYC
2018Q1,2018,Q1,2018-03-31,2018-03-31,-2534000.0,2808000.0,-2889000.0,-0.190621,2808000.0,1.0,,,,,,,,159520800.0,,,0.0,0.0,0.0,0.0,,0.0,56.80940170940171,-15.738042620363062,0.0,0.0,0.0,0.0,0.0,0.0,0.0,-21.16502587236301,1.0,0.0,0.0,0.0,0.0,0.0,0.0,0.0,0.0,0.0,0.0,Biotechnology,Healthcare,BCYC
