Quarters,Year,Quarter,FillingDate,Date,NetIncome,Revenue,OperatingIncome,EPSDiluted,GrossProfit,GrossProfitRatio,TotalAssets,CommonStockEquity,CurrentAssets,CurrentLiability,TotalLiability,Inventory,RetainedEarnings,MarketCap,EnterpriseValue,bookValuePerShare,currentRatio,debtToAssets,debtToEquity,roic,shareholdersEquityPerShare,roe,priceToSalesRatio,peRatio,pbRatio,payoutRatio,inventoryTurnover,dividendYield,assetTurnover,quickRatio,returnOnAssets,priceToFreeCashFlowsRatio,grossProfitMargin,epsdilutedGrowth,fiveYNetIncomeGrowthPerShare,fiveYRevenueGrowthPerShare,fiveYShareholdersEquityGrowthPerShare,grossProfitGrowth,netIncomeGrowth,operatingIncomeGrowth,threeYNetIncomeGrowthPerShare,threeYRevenueGrowthPerShare,threeYShareholdersEquityGrowthPerShare,Industry,Sector,Symbol
2023Q1,2023,Q1,2023-03-31,2023-03-31,180106000.0,566876000.0,177987000.0,13.0,498721000.0,0.8797708846,2225586000.0,-196708000.0,945861000.0,1271937000.0,2428177000.0,0.0,-2632008000.0,808986027.3920001,600553027.3920001,-14.199790945998233,0.7436382462338936,0.22907764516850843,-2.591821379913374,0.26249423074389594,-14.199790945998233,-0.9156007889867215,1.4270952155180323,1.1229304234617392,-4.112623926795047,,0.0,,0.2547086475202486,0.6336249358262241,0.08092520351943264,0.0,0.8797708846379102,-0.001536098310291826,1.470594946257293,-0.10504901856011593,-1.5487130841403665,-0.00909204704180633,-0.0028678359464965894,0.06373937677053824,3.702785857879754,-0.013808585437494029,0.7545640730297549,Education & Training Services,Consumer Defensive,STG
2022Q4,2022,Q4,2022-12-31,2022-12-31,180624000.0,578588000.0,167322000.0,13.02,503297000.0,0.8698711346,2276070000.0,-374487000.0,969104000.0,1478144000.0,2655921000.0,14153000.0,-2812114000.0,697805302.421934,460045302.421934,-26.98339134423457,0.6556221856598545,0.2266547162433493,-1.3775698488866102,0.3452065056826549,-26.98339134423457,-0.4823238189843706,1.2060486951370128,0.9658258349138736,-1.8633632206777113,0.1802750465054478,5.319790857062107,0.04666344593109885,0.25420483552790557,0.5757179273467267,0.07935784048820994,76.31291583791929,0.8698711345551584,0.08139534883720935,1.031645211847894,-0.874201505461955,0.954526525509495,0.02440637810244532,0.07459916113870958,0.006296797474064051,2.271963669978537,0.03367629947561682,0.5017471538208207,Education & Training Services,Consumer Defensive,STG
2022Q3,2022,Q3,2022-09-30,2022-09-30,168085000.0,576208000.0,166275000.0,12.04,491306000.0,0.8526539028,2414709000.0,-537673000.0,1015969000.0,1650288000.0,2958035000.0,0.0,-2992738000.0,416780391.77405405,350469391.77405405,-38.50727506776174,0.6156313322280718,0.2536338747236209,-1.1390789569124729,0.32731313683273255,-38.50727506776174,-0.3126156604478931,0.7233158716540798,0.6198952788381683,-0.7751558880100992,,0.0,,0.23862419860943906,0.514365371377602,0.06960880172310618,0.0,0.8526539027573377,0.42485207100591715,1.0483145058039607,-0.8374585355744488,0.0,0.05941080831647813,0.4665567305343245,0.47717278324138485,2.2668943651021034,0.06765003086094178,0.06908423678675123,Education & Training Services,Consumer Defensive,STG
2022Q2,2022,Q2,2022-06-30,2022-06-30,114612000.0,554991000.0,112563000.0,8.45,463754000.0,0.8356063432,2460581000.0,-734281000.0,1046041000.0,1777577000.0,3200628000.0,0.0,-3160823000.0,462756225.11,360812225.11,-54.113123895950956,0.5884645222119773,0.25423914108090734,-0.8519572207370203,0.3457129535963822,-54.113123895950956,-0.15608738344039952,0.8338085214174644,1.0093974128145395,-0.6302168040709211,,0.0,,0.22555282675108032,0.487276781821547,0.04657924286987504,0.0,0.8356063431659252,-0.3745373797187269,1.0663551763491512,-0.7933386029221215,0.9497829020486639,-0.10228535368200173,-0.36193381730726404,-0.3408965816069609,10.02026731724814,0.01103467473131081,-0.5025865103719643,Education & Training Services,Consumer Defensive,STG
2022Q1,2022,Q1,2022-03-31,2022-03-31,179624000.0,613314000.0,170782000.0,13.51,516594000.0,0.8422993768,2498727000.0,-832506000.0,1060551000.0,1703859000.0,3336947000.0,0.0,-3275435000.0,363856130.0208,358694130.0208,-62.59213947638613,0.6224405892741125,0.2531441009762171,-0.7597999293698784,0.7676992703138169,-62.59213947638613,-0.21576300951584734,0.5932623909136266,0.5064135778359239,-0.437061270454267,,0.0,,0.24545058343708617,0.5033262728899516,0.07188620445530865,0.0,0.8422993768281827,0.16767502160760583,1.1413716267828804,-0.6918687178608054,0.0,0.034211869751053545,0.15511597846986874,0.7253844133276758,2.6391319369405357,0.12030321589308678,-0.6972118406388772,Education & Training Services,Consumer Defensive,STG
2021Q4,2021,Q4,2021-12-31,2021-12-31,155503000.0,588883000.0,98982000.0,11.57,499505000.0,0.84822452,2592620000.0,-1009226000.0,1126584000.0,1905955000.0,3606772000.0,0.0,-3456073000.0,424091502.5193,436446502.5193,-75.06139673671323,0.5910863582823309,0.24649582275844512,-0.6332278399486339,2.362555406233295,-75.06139673671323,-0.15408144459219245,0.7201625832623798,0.6818059820699601,-0.4202146025957516,,0.0,,0.22713818453919202,0.4254423635395379,0.059979094506715215,0.0,0.8482245199810489,0.634180790960452,0.0,0.0,0.0,-0.024451931058053804,0.6317037596667401,0.21627898403804327,1.8668853451183773,0.06004478677222387,-2.047125412013269,Education & Training Services,Consumer Defensive,STG
2021Q3,2021,Q3,2021-09-30,2021-09-30,95301000.0,595128000.0,81381000.0,7.08,512025000.0,0.8603611323950477,2588796000.0,-1153834000.0,1108417000.0,1956457000.0,3746874000.0,0.0,-3609949000.0,463238432.898972,463969432.898972,-85.73340920172198,0.5665429907225152,0.25570226468211477,-0.5737055763654044,-1.3358930664011217,-85.73340920172198,-0.08259507000140401,0.7783845372742871,1.2151982479170522,-0.4014775374091698,,0.0,,0.22988601651115037,0.42934498432625917,0.0368128659036865,0.0,0.8603611323950477,3.1769911504424777,1.02842027288704,-0.8258283480166764,0.0,-0.03794845008286016,3.178402314977201,5.423632488752072,1.4333648849776917,0.18181879628632996,-8.041685351315563,Education & Training Services,Consumer Defensive,STG
2021Q2,2021,Q2,2021-06-30,2021-06-30,22808000.0,629508000.0,12669000.0,1.695,532222000.0,0.8454570871220064,2760205000.0,-1248122000.0,1138805000.0,2067562000.0,4010065000.0,0.0,-3705250000.0,1088043862.93,980445862.9300001,-92.73929712564515,0.5507960583527846,0.2636854871286734,-0.5831369048859005,0.4095940167720152,-92.73929712564515,-0.018273854639209948,1.7284035515513705,11.926120910754998,-0.8717447997311161,,0.0,,0.22806566903545208,0.4282048132051179,0.008263154367157513,0.0,0.8454570871220064,1.4307496823379924,1.0133136877552626,-0.763657883435,0.9139377283660193,-0.09466962420646531,1.4309168886621701,1.160841469143169,1.0860949498694774,0.34169780974131597,-30.617503443982127,Education & Training Services,Consumer Defensive,STG
2021Q1,2021,Q1,2021-03-31,2021-03-31,-52929000.0,694298000.0,-78767000.0,-3.935,587876000.0,0.8467199963128225,3057276000.0,-1262087000.0,1403161000.0,2258232000.0,4320371000.0,0.0,-3728058000.0,1214761371.6369998,1119981371.6369998,-93.77693950704668,0.6213537847307097,0.23938564918574573,-0.5798871234708859,-4.700647297430958,-93.77693950704668,0.041937679415127486,1.7496253361481666,-5.7376928131884215,-0.962502087127908,,0.0,,0.22709693204015602,0.5017859103936176,-0.01731247031671331,0.0,0.8467199963128225,0.2759889604415823,0.9588314170649074,-0.6552746951667753,0.0,0.20778735171694013,0.27646166254288956,0.5787185109910681,0.8576493021147642,0.12824632146850848,-4.623759947864417,Education & Training Services,Consumer Defensive,STG
2020Q4,2020,Q4,2020-12-31,2020-12-31,-73153000.0,584579000.0,-186970000.0,-5.435,486738000.0,0.8326299781552194,3260894000.0,-1211469000.0,1554254000.0,2195696000.0,4473021000.0,0.0,-3675129000.0,1195979846.35015,1191634846.35015,-90.01586667770314,0.7078639301615525,0.23195019525320357,-0.6243370651663394,-1.7549352699781204,-90.01586667770314,0.060383715967969466,2.045882329591296,-4.087254953146658,-0.9872145687179367,0.0,0.0,0.0,0.1792695500068386,0.5939906981658664,-0.02243341856558355,0.0,0.8326299781552194,0.5584890333062551,0.0,0.0,0.0,0.08476653822238764,0.5584787909514497,0.13193058044626857,0.9867836458179043,-0.8689321403099901,0.8483017140103168,Education & Training Services,Consumer Defensive,STG
2020Q3,2020,Q3,2020-09-30,2020-09-30,-165684000.0,541631000.0,-215386000.0,-12.31,448703000.0,0.8284293181151005,3483960000.0,-1111830000.0,1691238000.0,2235281000.0,4596089000.0,0.0,-3601976000.0,1930369919.795525,1682144919.795525,-82.61238302281832,0.7566109137956257,0.23146534403380062,-0.7253051275824541,-0.72015238815804,-82.61238302281832,0.14901918458757185,3.563994527262149,-2.9127283259028105,-1.73620960020464,0.0,0.0,0.0,0.15546418443380522,0.576687226348723,-0.04755622911858919,0.0,0.8284293181151005,-0.316577540106952,0.9505903978655382,-0.8414849141102761,0.0,0.08673475566190593,-0.3129308841941772,-0.4642446820805319,0.9505903978655382,-0.8414849141102761,0.0,Education & Training Services,Consumer Defensive,STG
2020Q2,2020,Q2,2020-06-30,2020-06-30,-126194000.0,512482000.0,-147097000.0,-9.35,412891000.0,0.8056692722866364,3679491000.0,-938523000.0,1829686000.0,2225442000.0,4618233000.0,0.0,-3436292000.0,1597952225.2911,1371019225.2911,-69.5273397617445,0.8221674615649386,0.23168313225932607,-0.9083165782831109,-0.2635936707265936,-69.5273397617445,0.13446021035179745,3.1180650740730407,-3.1656660088655166,-1.7026244698223698,0.0,0.0,0.0,0.13928067768069008,0.6147097969751627,-0.03429659156660527,0.0,0.8056692722866364,-0.9438669438669439,0.9265564264118411,-0.808167399548527,0.9354784758347208,-0.11810665396518913,-0.9263024530231564,-0.4773966755385929,0.9265564264118411,-0.808167399548527,0.9354784758347208,Education & Training Services,Consumer Defensive,STG
2020Q1,2020,Q1,2020-03-31,2020-03-31,-65511000.0,565099000.0,-99565000.0,-4.81,468187000.0,0.8285043859571509,3801720000.0,-787919000.0,1914678000.0,2185435000.0,4589903000.0,0.0,-3310098000.0,1656361475.897275,1177718475.897275,-57.855388660029845,0.876108417774951,0.22662058226276527,-1.093447422894993,-0.135634363966235,-57.855388660029845,0.08314433336421637,2.931099640766087,-6.320928835986609,-2.102197657243035,,0.0,,0.14864298264995843,0.6788502060230572,-0.01723193712319687,0.0,0.8285043859571509,0.5298142717497557,0.9496450766931811,-0.7227271992146918,0.0,0.04457062537649763,0.530262506901472,0.3396583055883484,0.9496450766931811,-0.7227271992146918,0.0,Education & Training Services,Consumer Defensive,STG
2019Q4,2019,Q4,2019-12-31,2019-12-31,-139463000.0,549722000.0,-150778000.0,-10.23,448210000.0,0.8153393897278989,3968702000.0,-738151000.0,2044194000.0,2239577000.0,4707065000.0,0.0,-3244587000.0,3050067766.0894375,2529948766.0894375,-54.15602048468968,0.9127589718951391,0.2222658692942932,-1.195022427660465,-0.1916988467662744,-54.15602048468968,0.1889355971881092,5.54838221153499,-5.467521432368151,-4.132037707853051,,0.0,,0.13851430518088786,0.7260165647352156,-0.035140708473450515,0.0,0.8153393897278989,-0.07684210526315793,0.0,0.0,0.0,0.08362486430814683,-0.07592905470564183,-0.13110080869004215,0.0,0.0,0.0,Education & Training Services,Consumer Defensive,STG
2019Q3,2019,Q3,2019-09-30,2019-09-30,-129621000.0,527275000.0,-133302000.0,-9.5,413621000.0,0.7844502394386231,3997484000.0,-564280000.0,2167646000.0,2251148000.0,4561902000.0,0.0,-3105124000.0,3595359909.8040004,2934086909.8040004,-41.364940405398116,0.9629069257107928,0.2271626352976022,-1.6092702204579288,-0.13092852765074725,-41.364940405398116,0.22971042744736656,6.81875664464274,-6.934370028398177,-6.37158841320621,,0.0,,0.13190171617947688,0.7898925348311173,-0.0324256457311649,0.0,0.7844502394386231,-9.16042780748663,0.961863824534363,-0.8477577298485351,0.0,-0.09494697087391388,-9.132181661846323,-2.1999903977722832,0.961863824534363,-0.8477577298485351,0.0,Education & Training Services,Consumer Defensive,STG
2019Q2,2019,Q2,2019-06-30,2019-06-30,-12793000.0,552690000.0,-41657000.0,-0.935,457013000.0,0.8268884908357307,3902454000.0,-492022000.0,2199593000.0,2164823000.0,4394422000.0,0.0,-2975503000.0,2801194818.946,2079733818.946,-36.01331671915202,1.016061359288958,0.2066076883929958,-1.638701114990793,-0.04740985390203458,-36.01331671915202,0.026000869879802123,5.068292929030741,-54.740772667591656,-5.693230828999516,,0.0,,0.14162626900919267,0.8304050723777417,-0.0032781936699317915,0.0,0.8268884908357307,0.8865291262135921,0.992643768303599,-0.7955941549355862,0.966579562903899,-0.04538770360653546,0.8867274659111032,0.6890943829952383,0.992643768303599,-0.7955941549355862,0.966579562903899,Education & Training Services,Consumer Defensive,STG
2019Q1,2019,Q1,2019-03-31,2019-03-31,-112940000.0,564215000.0,-133986000.0,-8.24,478742000.0,0.8485098765541504,4199983000.0,-505532000.0,2460054000.0,2328563000.0,4705369000.0,0.0,-2962710000.0,4270853632.3180003,3826177632.3180003,-36.87939123310896,1.0564687320033859,0.19797722990783534,-1.644803889763655,-0.1476478561274753,-36.87939123310896,0.22340821154743915,7.569549962900668,-9.453810944567913,-8.448235981734094,,0.0,,0.13433744850872015,0.9074098489068151,-0.026890585033320372,0.0,0.8485098765541504,0.3823088455772114,0.9137521369715041,-0.7249572457099862,0.0,-0.023541457604164116,0.3850827856936739,0.36009742818253454,0.9137521369715041,-0.7249572457099862,0.0,Education & Training Services,Consumer Defensive,STG
2018Q4,2018,Q4,2018-12-31,2018-12-31,-183667000.0,568799000.0,-209385000.0,-13.34,490284000.0,0.8619635407235244,3739138000.0,-339119000.0,2582939000.0,2314409000.0,4078121000.0,0.0,-2849770000.0,3597981698.2608,2607296698.2608,-24.633510797023398,1.1160253006275036,0.06903329056055166,-0.7611634853841867,2.5851914956663458,-24.633510797023398,0.5416004411430796,6.325576694510363,-4.897425365281733,-10.609790953207577,,0.0,,0.15212035501230498,0.9907030261289167,-0.049120144803427954,0.0,0.8619635407235244,0.18359853121175032,0.0,0.0,0.0,0.15534378667269924,0.1865258812743322,0.23013427655381358,0.0,0.0,0.0,Education & Training Services,Consumer Defensive,STG
2018Q3,2018,Q3,2018-09-30,2018-09-30,-225781000.0,517015000.0,-271976000.0,-16.34,424362000.0,0.82079243348839,3511875000.0,-131020000.0,2602323000.0,2147072000.0,3642758000.0,0.0,-2666103000.0,6607330974.3050995,5388671974.3050995,-9.48201644610955,1.2120334110826279,0.017084890549919914,-0.45794535185467866,3.8295691354548014,-9.48201644610955,1.7232559914516867,12.779766494792414,-7.3160839201539325,-50.42994179747443,,0.0,,0.14721907812778073,1.1023803579945153,-0.06429072788752448,0.0,0.82079243348839,0.16992633985267966,0.9344195298876071,-0.8526240634091883,0.0,0.07900531414477867,0.17003569367402227,0.0780068274195134,0.9344195298876071,-0.8526240634091883,0.0,Education & Training Services,Consumer Defensive,STG
2018Q2,2018,Q2,2018-06-30,2018-06-30,-272037000.0,481798000.0,-294987000.0,-19.685,393290000.0,0.8162964561911839,3385374000.0,43274000.0,2547946000.0,2055028000.0,3341481000.0,0.0,-2440322000.0,10200996271.1943,8781829271.1943,3.131232762445699,1.2398595055639146,0.0,0.0,-6.816725978647687,3.131232762445699,-6.286384434071267,21.17276591267357,-9.374640463608166,235.7303755417641,,0.0,,0.14231751056161004,1.1416306736453226,-0.08035655735525823,0.0,0.8162964561911839,0.2874208144796381,0.8453604099259392,-0.8238484740386007,1.0029057908880388,0.17164621521540308,-0.10792670758378574,-0.16786757777549033,0.8453604099259392,-0.8238484740386007,1.0029057908880388,Education & Training Services,Consumer Defensive,STG
2018Q1,2018,Q1,2018-03-31,2018-03-31,-245537000.0,406373000.0,-252586000.0,-27.625,335673000.0,0.826021905982927,3294411000.0,229992000.0,2545132000.0,1963661000.0,3064054000.0,0.0,-2168285000.0,5798810142.2295,3957195142.2295,25.87835310733319,1.2961157755844823,0.0,0.0,-1.098238199589551,25.87835310733319,-1.0675893074541722,14.269673778104107,-5.904212137304663,25.213094986910416,,0.0,,0.1233522471847016,1.195878514672339,-0.07453138057151946,0.0,0.826021905982927,0.9328300143458069,0.710794653298552,-0.6944591812322194,0.0,0.26534881879968786,0.4259412093397331,0.41629518705702645,0.710794653298552,-0.6944591812322194,0.0,Education & Training Services,Consumer Defensive,STG
2017Q4,2017,Q4,2017-12-31,2017-12-31,-427721000.0,344657000.0,-432729000.0,-411.27,265281000.0,0.7696956684471808,1969659000.0,-617123000.0,1266691000.0,1802244000.0,2586718000.0,0.0,-1922748000.0,940496895.0,381037895.0,-593.3875,0.7028410137584035,0.0,0.0,0.70120381188191,-593.3875,0.6930887359570135,2.728790928372266,-0.5497140045730745,-1.5240023382696801,-0.10053282396702523,0.0,0.045720512453153825,0.17498308082769656,0.6467881152607527,-0.21715484761575482,5.948746963946869,0.7696956684471808,-0.6506350206884645,0.0,0.0,0.0,0.20947313710471605,-0.6506357935359383,-0.6674206226880395,0.0,0.0,0.0,Education & Training Services,Consumer Defensive,STG
2017Q3,2017,Q3,2017-09-30,2017-09-30,-259125000.0,264042000.0,-259520000.0,-249.158654,219336000.0,0.8306860272229418,,,,,,,,961759500.0,,,0.0,0.0,0.0,0.0,,0.0,3.6424489285795443,-0.9278914616497829,0.0,,0.0,,0.0,0.0,0.0,0.0,0.8306860272229418,-0.9574035697983002,0.0,0.0,0.0,0.22484126585247358,-0.9574035745040866,-0.9144431575918972,0.0,0.0,0.0,Education & Training Services,Consumer Defensive,STG
2017Q2,2017,Q2,2017-06-30,2017-06-30,-132382000.0,205826000.0,-135559000.0,-127.290385,179073000.0,0.8700212801103845,558215000.0,-1120687000.0,507876000.0,920110000.0,1678744000.0,0.0,-1151599000.0,979176510.0,878128510.0,-1077.5836538461538,0.5519731336470639,0.0,0.0,0.12096062504517319,-1077.5836538461538,0.11812575679025455,4.757302333038586,-1.849149638923721,-0.8737288020651619,,0.0,,0.36872172908288026,0.4797850257034485,-0.23715235169244825,0.0,0.8700212801103845,-0.332481133499718,0.0,0.0,0.0,0.3146735579358495,-0.3324811273276296,-0.357354560929208,0.0,0.0,0.0,Education & Training Services,Consumer Defensive,STG
2017Q1,2017,Q1,2017-03-31,2017-03-31,-99350000.0,155637000.0,-99870000.0,-95.528846,136211000.0,0.8751839215610684,,,,,,,,994082700.0,,,0.0,0.0,0.0,0.0,,0.0,6.387187493976368,-2.5014662808253645,0.0,,0.0,,0.0,0.0,0.0,0.0,0.8751839215610684,0.0,0.0,0.0,0.0,0.0,0.0,0.0,0.0,0.0,0.0,Education & Training Services,Consumer Defensive,STG
2016Q4,2016,Q4,2016-12-31,2016-12-31,,,,,,,244991000.0,-888955000.0,219937000.0,587114000.0,1133946000.0,0.0,-919867000.0,0.0,-23103000.0,0.0,0.37460697581730296,0.0,0.0,,0.0,,0.0,0.0,0.0,0.0,0.0,,,0.3176572181893125,,0.0,0.0,0.0,0.0,0.0,0.0,0.0,0.0,0.0,0.0,0.0,0.0,Education & Training Services,Consumer Defensive,STG
