Quarters,Year,Quarter,FillingDate,Date,NetIncome,Revenue,OperatingIncome,EPSDiluted,GrossProfit,GrossProfitRatio,TotalAssets,CommonStockEquity,CurrentAssets,CurrentLiability,TotalLiability,Inventory,RetainedEarnings,MarketCap,EnterpriseValue,bookValuePerShare,currentRatio,debtToAssets,debtToEquity,roic,shareholdersEquityPerShare,roe,priceToSalesRatio,peRatio,pbRatio,payoutRatio,inventoryTurnover,dividendYield,assetTurnover,quickRatio,returnOnAssets,priceToFreeCashFlowsRatio,grossProfitMargin,epsdilutedGrowth,fiveYNetIncomeGrowthPerShare,fiveYRevenueGrowthPerShare,fiveYShareholdersEquityGrowthPerShare,grossProfitGrowth,netIncomeGrowth,operatingIncomeGrowth,threeYNetIncomeGrowthPerShare,threeYRevenueGrowthPerShare,threeYShareholdersEquityGrowthPerShare,Industry,Sector,Symbol
2023Q1,2023,Q1,2023-04-28,2023-03-31,38328000.0,294115000.0,38852000.0,0.64,89327000.0,0.3037145334,1581700000.0,521000000.0,326000000.0,366400000.0,1060700000.0,6805000.0,60376000.0,1160928448.0,1774728448.0,9.199964061867833,0.8897379912663755,0.43333122589618767,1.3155470249520154,0.020258883076290857,9.199964061867833,0.07356621880998081,3.9471922479302313,7.572326027969109,2.228269573896353,0.0,30.09375459221161,0.0,0.18594866283113107,0.7606495633187773,0.024232155275968895,-20.33149646234676,0.3037145334308009,4.333333333333334,0.45731084972737,0.46743573427406576,0.0,0.9671217793437569,4.2619439868204285,45.20022753128555,4.207409200997953,0.606766043386474,0.0,Airlines,Industrials,SNCY
2022Q4,2022,Q4,2023-02-15,2022-12-31,7284000.0,227154000.0,-879000.0,0.12,45410000.0,0.1999084322,1524400000.0,492700000.0,345500000.0,377100000.0,1031700000.0,7659000.0,22048000.0,915011995.04,1452511995.04,8.540021379346397,0.9162025987801644,0.41301495670427707,1.2778567079358636,-0.0004826729591560151,8.540021379346397,0.014783844124213517,4.028157087438478,31.40485979681494,1.8571382079155674,0.0,23.729468599033815,0.0,0.14901207032274993,0.8118801378944577,0.004778273419050118,20.115901137467848,0.19990843216496298,-0.3333333333333333,0.2201754546344834,0.165251957095195,0.4597197783565335,-0.022452801756614214,-0.31778589491430176,-1.2712125887071892,0.2201754546344834,0.165251957095195,0.4597197783565335,Airlines,Industrials,SNCY
2022Q3,2022,Q3,2022-11-02,2022-09-30,10677000.0,221700000.0,3241000.0,0.18,46453000.0,0.2095308976,1521400000.0,508000000.0,337700000.0,320700000.0,1013400000.0,7280000.0,14764000.0,791375307.66,1312575307.6599998,8.736537434360313,1.0530090427190522,0.4292756671486789,1.2856299212598425,0.0018533718209922168,8.736537434360313,0.02101771653543307,3.569577391339648,18.529907924978925,1.5578254087795276,0.0,24.07239010989011,0.0,0.14572104640462732,0.9313938260056127,0.00701787827001446,-143.88641957454544,0.20953089760938204,3.6666666666666665,2.499912573401808,1.728048737223637,0.6803241538673056,0.43964421855146124,3.72233554309026,1.2211531900375299,2.499912573401808,1.728048737223637,0.6803241538673056,Airlines,Industrials,SNCY
2022Q2,2022,Q2,2022-08-10,2022-06-30,-3922000.0,219067000.0,-14655000.0,-0.0675,32267000.0,0.1472928374,1506700000.0,495900000.0,363300000.0,331400000.0,1010800000.0,6320000.0,4087000.0,1064833531.4399999,1496633531.44,8.541058983840296,1.096258298129149,0.4278887635229309,1.3000604960677555,-0.008347192576977584,8.541058983840296,-0.007908852591248235,4.860766484408879,-67.8756713054564,2.147274715547489,0.0,29.556962025316455,0.0,0.14539523461870313,0.9900512975256488,-0.002603039755757616,-15.425663210777921,0.14729283735113002,-2.146010186757216,0.37605930932624076,4.9503278389985566,0.0,-0.3981272500046632,-2.0783612867748142,-1.9782391028636273,0.37605930932624076,4.9503278389985566,0.0,Airlines,Industrials,SNCY
2022Q1,2022,Q1,2022-05-06,2022-03-31,3637000.0,226525000.0,14981000.0,0.0589,53611000.0,0.2366670345,1419592000.0,493291000.0,349243000.0,301476000.0,926301000.0,5624000.0,4231000.0,1516022407.9,1825086407.9,8.518580142815315,1.158443789887089,0.4096007867049124,1.1787484466572469,0.006155622658303582,8.518580142815315,0.007372929974396452,6.692516975609757,104.20830408990926,3.0732821152220495,0.0,30.745732574679945,0.0,0.1595704963116163,1.0294948851649883,0.0025620037306493698,-48.17357508420719,0.2366670345436486,6.663461538461539,-0.8647631782836815,0.10528345603045929,0.0,0.40792583644098956,7.041528239202658,1.134653747506412,-0.5167582332547495,0.21022807608343738,0.0,Airlines,Industrials,SNCY
2021Q4,2021,Q4,2022-02-18,2021-12-31,-602000.0,172551000.0,7018000.0,-0.0104,38078000.0,0.2206767854,1376644000.0,486811000.0,375443000.0,281651000.0,889833000.0,5405000.0,594000.0,1572654643.25,1808938643.25,8.4351639483833,1.333007871443737,0.39634211895014254,1.1208086916688407,-0.018146939484041908,8.4351639483833,-0.0012366195505031728,9.114143895138248,-653.0957820805648,3.230524049887944,0.0,24.87937095282146,0.0,0.12534177318173761,1.2276789359881555,-0.000437295335613274,42.16006228218326,0.2206767854141674,-1.0452173913043479,-1.1008104580265716,-0.11514179521686187,0.4417968178526334,-0.17286471457120514,-1.0433000071926921,-0.681028997363876,-1.1008104580265716,-0.11514179521686187,0.4417968178526334,Airlines,Industrials,SNCY
2021Q3,2021,Q3,2021-11-01,2021-09-30,13903000.0,173663000.0,22002000.0,0.23,46036000.0,0.26508813045956825,1342313000.0,482880000.0,346441000.0,241620000.0,859433000.0,5496000.0,1196000.0,1923690188.1599998,2190312188.16,8.419128662028056,1.4338258422316033,0.4037463691404315,1.1223368124585817,0.01475219201081879,8.419128662028056,0.028791832339297548,11.077144746779682,34.59127864777386,3.983785180914513,0.0,23.221797671033478,0.0,0.1293759354189373,1.293560135750352,0.010357494861481636,-77.68405234260791,0.26508813045956825,-0.7228915662650602,3.6202850952299976,1.1664368260816327,0.6192759833756842,0.3830439223697651,-0.731358568585396,-0.5531500060928551,3.6202850952299976,1.1664368260816327,0.6192759833756842,Airlines,Industrials,SNCY
2021Q2,2021,Q2,2021-07-28,2021-06-30,51753000.0,149189000.0,49238000.0,0.83,33286000.0,0.22311296409252693,1309964000.0,464233000.0,371246000.0,250806000.0,845731000.0,5382000.0,-12707000.0,2115349444.59,2323444444.59,8.122186797051915,1.480211797165937,0.39605515876772185,1.1175810422783388,0.03427498965296735,8.122186797051915,0.11148065734232594,14.178990707022635,10.218487066401947,4.55665462082618,0.0,21.53530286138982,0.0,0.11388786256721559,1.3667456121464399,0.03950719256407046,34.303891098516175,0.22311296409252693,2.4583333333333335,9.363548917720832,3.116423869378483,0.0,0.8675868260113336,3.168250644329897,0.974812497493282,9.363548917720832,3.116423869378483,0.0,Airlines,Industrials,SNCY
2021Q1,2021,Q1,2021-05-06,2021-03-31,12416000.0,127611000.0,24933000.0,0.24,17823000.0,0.1396666431577215,1244202000.0,409960000.0,328159000.0,237640000.0,834242000.0,5457000.0,-64460000.0,1662445519.56,1897987519.56,8.453467277363487,1.3809080962800875,0.4059959717152038,1.232171431359157,0.015551959687272996,8.453467277363487,0.030285881549419455,13.027446846745185,33.47385469474871,4.055140793150551,0.0,20.11874656404618,0.0,0.10256453534072442,1.2677705773438814,0.009979086997127476,-43.11321368153527,0.1396666431577215,2.4472840686396418,-0.4487320699438087,-0.25651020453607315,0.0,-0.3037346667708415,2.5438945535936335,6.6294874689546175,-0.4487320699438087,-0.25651020453607315,0.0,Airlines,Industrials,SNCY
2020Q4,2020,Q4,2020-12-31,2020-12-31,-8042000.0,107807000.0,-4429000.0,-0.16582784624001648,25598000.0,0.23744283766360255,1053267000.0,283817000.0,126740000.0,253743000.0,769450000.0,5407000.0,38324000.0,1764287281.2600002,2239091281.26,5.8523702855387665,0.49948175910271414,0.24338083316006293,0.9032052343587593,-0.004356558274663575,5.8523702855387665,-0.028335159627506455,16.36523863255633,-54.84603585115644,6.216284723113838,0.0,15.204179766968744,0.0,0.10235486348665628,0.3796833804282286,-0.00763529095661404,-341.25479328046424,0.23744283766360255,-4.160732797865558,-2.60263053009167,-0.34209466386759746,0.0003277833387376992,3.3997375082028687,-3.747523061154766,-1.5023250538731996,-2.60263053009167,-0.34209466386759746,0.0003277833387376992,Airlines,Industrials,SNCY
2020Q3,2020,Q3,2020-09-30,2020-09-30,2927000.0,77973000.0,8817000.0,0.052465,-10667000.0,-0.13680376540597386,1043600000.0,290069000.0,101779000.0,259026000.0,753531000.0,5610000.0,46366000.0,2029634051.7800002,2237332051.78,5.199316699848042,0.3929296672920865,0.2414584131851284,0.8687105481799158,0.008281825440789991,5.199316699848042,0.010090702556977823,26.029959752478426,173.35446291253845,6.997073288700276,0.0,15.80035650623886,0.0,0.07471540820237639,0.2912217306370789,0.0028047144499808354,128.31167352256924,-0.13680376540597386,1.4846069294218707,0.0,0.0,0.0,0.5280297331976461,1.4846026490066224,4.946732318710833,0.0,0.0,0.0,Airlines,Industrials,SNCY
2020Q2,2020,Q2,2020-06-30,2020-06-30,-6040000.0,35376000.0,-2234000.0,-0.108263,-22601000.0,-0.6388794663048395,,,,,,,,2029634051.7800002,,,0.0,0.0,0.0,0.0,,0.0,57.37319232756672,-84.00803194453643,0.0,0.0,0.0,0.0,0.0,0.0,0.0,-44.923285785303236,-0.6388794663048395,-1.8329845348926674,0.0,0.0,0.0,-1.4634961650465526,-1.8329885533029926,-1.1466841759684832,0.0,0.0,0.0,Airlines,Industrials,SNCY
2020Q1,2020,Q1,2020-03-31,2020-03-31,7251000.0,180330000.0,15230000.0,0.12997,48762000.0,0.27040425885875896,,,,,,,,2029634051.7800002,,,0.0,0.0,0.0,0.0,,0.0,11.255110363112074,69.977728995311,0.0,0.0,0.0,0.0,0.0,0.0,0.0,-33.06023670478238,0.27040425885875896,0.25608511910920684,-0.7201466615206483,-0.08671474586228559,0.0,0.03990104710925337,0.444998007174173,0.3124784557049293,-0.7201466615206483,-0.08671474586228559,0.0,Airlines,Industrials,SNCY
2019Q4,2019,Q4,2019-12-31,2019-12-31,5018000.0,163864000.0,11604000.0,0.10347228704705332,46891000.0,0.2861580334911878,1007876000.0,283724000.0,112525000.0,353551000.0,724152000.0,5273000.0,42228000.0,1764287281.2600002,1800198281.2600002,5.850452604650887,0.31827091423868126,0.08623779115684865,0.3063434887425808,0.011860636519958036,5.850452604650887,0.01768620208371516,10.76677782343895,87.89793150956557,6.218322317674924,0.0,22.18338706618623,0.0,0.1625834924137493,0.2237527259150731,0.00497878707301295,359.1058988927336,0.2861580334911878,0.0,0.0,0.0,0.0,0.0,0.0,0.0,0.0,0.0,0.0,Airlines,Industrials,SNCY
2019Q1,2019,Q1,2018-03-31,2018-03-31,25910000.0,197452000.0,26116000.0,0.464422,57761000.0,0.2925318558434455,,,,,,,,2029634051.7800002,,,0.0,0.0,0.0,0.0,,0.0,10.279126328322834,19.583501078541108,0.0,0.40714010034735626,0.0,0.005197488675728745,0.0,0.0,0.0,1011.7816808474578,0.2925318558434455,0.0,0.0,0.0,0.0,0.0,0.0,0.0,0.0,0.0,0.0,Airlines,Industrials,SNCY
