Quarters,Year,Quarter,FillingDate,Date,NetIncome,Revenue,OperatingIncome,EPSDiluted,GrossProfit,GrossProfitRatio,TotalAssets,CommonStockEquity,CurrentAssets,CurrentLiability,TotalLiability,Inventory,RetainedEarnings,MarketCap,EnterpriseValue,bookValuePerShare,currentRatio,debtToAssets,debtToEquity,roic,shareholdersEquityPerShare,roe,priceToSalesRatio,peRatio,pbRatio,payoutRatio,inventoryTurnover,dividendYield,assetTurnover,quickRatio,returnOnAssets,priceToFreeCashFlowsRatio,grossProfitMargin,epsdilutedGrowth,fiveYNetIncomeGrowthPerShare,fiveYRevenueGrowthPerShare,fiveYShareholdersEquityGrowthPerShare,grossProfitGrowth,netIncomeGrowth,operatingIncomeGrowth,threeYNetIncomeGrowthPerShare,threeYRevenueGrowthPerShare,threeYShareholdersEquityGrowthPerShare,Industry,Sector,Symbol
2023Q1,2023,Q1,2023-04-11,2023-03-31,24154000.0,100956000.0,25389000.0,0.26,40108000.0,0.3972819842,1221840000.0,583931000.0,331241000.0,112448000.0,633916000.0,32590000.0,480880000.0,1628066953.8,1841185953.8,6.326854565752319,2.9457260244735344,0.3462212728344137,0.7244468952667353,0.020926114785616907,6.326854565752319,0.04136447628230048,16.126500196125043,16.850904133890868,2.7881152975265917,0.0,1.8670757901196686,0.0,0.08262620310351601,2.5095421883893,0.019768545799777385,-23.26840391887836,0.397281984230754,0.08333333333333341,6.250465240839821,2.184811196083586,3.0604008274949126,-0.23913950753120614,0.07484870060519758,0.18795620437956204,1.4254503740427429,0.3847197872083754,4.5453053585648755,Copper,Basic Materials,ERO
2022Q4,2022,Q4,2022-12-31,2022-12-31,22472000.0,116667000.0,21372000.0,0.24,52714000.0,0.4518329948,1188076000.0,538592000.0,392427000.0,129121000.0,645911000.0,30955000.0,456726000.0,1258432422.5,1509750422.5,5.884813413570485,3.039219027114102,0.3611048451445867,0.7965584338423147,0.016353015087555146,5.884813413570485,0.04172360525221318,10.786532802763421,14.0000047002937,2.3365226785767335,0.0,2.0659990308512355,0.0,0.09819826341075824,2.7120298015040154,0.018914614889956535,-23.717605354416783,0.4518329947628721,4.999999999999999,0.030132195841465533,1.7631409585029199,2.7111359411994647,1.3110039456378781,5.0005340453938585,0.8833274585830102,-0.5338188163164883,0.44435680142756345,1.546005535120513,Copper,Basic Materials,ERO
2022Q3,2022,Q3,2022-09-30,2022-09-30,3745000.0,85911000.0,11348000.0,0.04,22810000.0,0.2655073274,1104087000.0,485083000.0,444188000.0,100943000.0,615736000.0,31176000.0,434567000.0,999297519.0,1207302519.0,5.3396640125151755,4.400384375340539,0.3788188793093298,0.8622215167301266,0.00847005920633025,5.3396640125151755,0.007720328273718106,11.63177612878444,66.70877963951936,2.0600547102248483,0.0,2.02402489094175,0.0,0.07781180287423002,4.018158762866172,0.003391942845083766,-19.090965898670333,0.2655073273503975,-0.8461538461538461,-0.8401015209283649,1.0374387191131598,6.2238932649214105,-0.5496722735528705,-0.8427791771620488,-0.7079698396767802,-0.7834838793261951,0.3334673834920355,2.1503337910087668,Copper,Basic Materials,ERO
2022Q2,2022,Q2,2022-06-30,2022-06-30,23820000.0,114903000.0,38859000.0,0.26,50652000.0,0.4408239994,1127043000.0,498384000.0,523201000.0,105527000.0,625477000.0,30082000.0,430822000.0,763249224.2099999,860863224.2099999,5.504594026084506,4.957982317321633,0.3787841280235093,0.8565804680728113,0.03418244010668152,5.504594026084506,0.04779447173263989,6.642552624474556,8.010592193639798,1.5314480886424926,0.0,2.13586197726215,0.0,0.10195085724324626,4.624977493911511,0.021134952260029122,-21.229673570594123,0.4408239993733845,-0.5438596491228069,0.48527459379182913,-0.09219888401145669,2.518230890498984,-0.16962573156937,-0.5461646915367908,-0.1476607225110219,0.4804592029294043,0.411124894444578,2.3550850369475786,Copper,Basic Materials,ERO
2022Q1,2022,Q1,2022-03-31,2022-03-31,52486000.0,108911000.0,45591000.0,0.57,60999000.0,0.5600811672,1165997000.0,531821000.0,546439000.0,102743000.0,630870000.0,33728000.0,407002000.0,1321084437.1200001,1374665437.1200001,5.893536568316091,5.318503450356715,0.3593885747561958,0.7879455681516901,0.04085051567944244,5.893536568316091,0.09869110095314025,12.12994497452048,6.29255628700987,2.484077231098434,0.0,1.420540796963947,0.0,0.09340590070128825,4.920452001596216,0.04501383794297927,-119.25297320093881,0.5600811671915601,-0.13636363636363646,3.7608156833638926,1.3186644808465282,0.0,-0.27694605454998045,-0.12831329303128944,-0.2993437735327114,2.219055795256943,0.4207603968749586,3.1709597733852095,Copper,Basic Materials,ERO
2021Q4,2021,Q4,2021-12-31,2021-12-31,60212000.0,134869000.0,65069000.0,0.66,84363000.0,0.6255180953,689762000.0,393057000.0,208686000.0,122660000.0,294272000.0,26019000.0,354895000.0,1370561472.72,1306792472.72,4.384948540887364,1.7013370291863688,0.09620709752059406,0.16883047496927928,0.12972022907803948,4.384948540887364,0.15318897768008202,10.162168272323514,5.690566135986182,3.486928035170471,0.0,1.9411199508051808,0.0,0.19552976243979808,1.4343877384640469,0.08729387817827018,150.81002120598592,0.6255180953369566,1.357142857142857,0.0,0.0,0.0,0.24013994443382775,1.3086538092864537,0.13858510210152408,6.061521594284211,0.05725303626152756,2.591975753012716,Copper,Basic Materials,ERO
2021Q3,2021,Q3,2021-09-30,2021-09-30,26081000.0,111797000.0,57149000.0,0.28,68027000.0,0.6084868109162143,625055000.0,349432000.0,187042000.0,105683000.0,273308000.0,24285000.0,295091000.0,1569979814.25,1538747814.25,3.9506355073507597,1.7698399931871729,0.09825375366967706,0.17575379472973282,0.11145084455365453,3.9506355073507597,0.07463827010691637,14.043130086227716,15.049076092270235,4.492948024937613,0.0,1.8023471278567016,0.0,0.17885946036748765,1.4840040498471845,0.04172592811832559,17.666225728319212,0.6084868109162143,-0.6853932584269663,30.08968200038441,0.0,0.0,-0.18685377544555876,-0.6873494048118534,-0.19989639772074985,1.5541059334549807,1.889286794772342,2.6779582661610952,Copper,Basic Materials,ERO
2021Q2,2021,Q2,2021-06-30,2021-06-30,83419000.0,120706000.0,71427000.0,0.89,83659000.0,0.6930807084983348,628475000.0,354556000.0,202342000.0,83453000.0,272818000.0,27172000.0,269010000.0,1855056934.8999999,1880451934.8999999,4.017540906582338,2.4246222424598276,0.2594375273479454,0.4598709371721251,0.11470072274622144,4.017540906582338,0.235277360981058,15.368390427153578,5.5594556842565845,5.232056247532125,0.0,1.3634255851611954,0.0,0.192061736743705,2.020047212203276,0.13273240781256215,37.83822736711132,0.6930807084983348,1.6176470588235294,4.336349182238606,-0.021631485304646817,1.567789096598544,0.010264584767356205,1.6274528331600995,-0.004293580539485606,5.726121340675764,1.4425000971336914,2.7394851378185754,Copper,Basic Materials,ERO
2021Q1,2021,Q1,2021-03-31,2021-03-31,31749000.0,122543000.0,71735000.0,0.34,82809000.0,0.6757546330675763,506128000.0,223447000.0,150770000.0,87309000.0,281029000.0,21028000.0,185591000.0,1504463846.59284,1581942846.59284,2.537316137778945,1.7268551924772932,0.3201818512313091,0.7252413323964967,0.14840598469917549,2.537316137778945,0.14208738537550292,12.277028035814693,11.846545139948029,6.732978498672347,0.0,1.8895758036903176,0.0,0.24211859450573767,1.4094881398252184,0.06272919103467897,42.053496760107336,0.6757546330675763,-0.5211267605633803,2.7112503159016743,1.6732786189511262,0.0,0.4192260231713169,-0.5173897181771198,0.27472234562416703,8.232900827917023,3.0514809235785743,0.6283795428493089,Copper,Basic Materials,ERO
2020Q4,2020,Q4,2020-12-31,2020-12-31,65786000.0,91243000.0,56275000.0,0.71,58348000.0,0.6394791929243887,497099000.0,212703000.0,127541000.0,91720000.0,283024000.0,25496000.0,153842000.0,1428403140.6399999,1535745140.6399999,2.4153143897836844,1.3905473179241168,0.3416824415257323,0.7985312854073521,0.12208166511856505,2.4153143897836844,0.3092857176438508,15.65493397455147,5.428218544371142,6.715481872093952,0.0,1.2902023846877941,0.0,0.18355096268550128,1.0555931094635849,0.1323398357268874,210.64786029199232,0.6394791929243887,1.0882352941176467,0.0,0.0,0.0,-0.021088834829292843,1.1178250651900976,0.09318543843972182,2.134093651275554,1.2458555541586116,0.5231680957891299,Copper,Basic Materials,ERO
2020Q3,2020,Q3,2020-09-30,2020-09-30,31063000.0,94328000.0,51478000.0,0.34,59605000.0,0.631890848952591,439408000.0,124105000.0,103658000.0,113098000.0,314434000.0,20856000.0,88056000.0,1260381897.1128,1380780897.1128,1.4355976249300768,0.9165325646784205,0.3976714124458362,1.4080012892308933,0.14065832305418755,1.4355976249300768,0.2502961202207808,13.361694270129759,10.14375540927148,10.155770493636838,0.0,1.6648925968546222,0.0,0.21467064778065034,0.6947602963801305,0.07069284127735499,72.87129377386678,0.631890848952591,3.25,36.448453629636276,0.0,0.0,0.5077658605686532,3.1274249269200105,0.6853167457849075,0.39373909938200186,1.350834109745468,0.9421828769680632,Copper,Basic Materials,ERO
2020Q2,2020,Q2,2020-06-30,2020-06-30,7526000.0,70760000.0,30545000.0,0.08,39532000.0,0.5586772187676653,420330000.0,95216000.0,90954000.0,116687000.0,324605000.0,20563000.0,56993000.0,1252359624.9048002,1386783624.9048002,1.1080203082285438,0.7794698638237336,0.44260699926248426,1.9538838010418418,0.07337788611162932,1.1080203082285438,0.07904133759032095,17.698694529462976,41.60110367076801,13.152827517484457,0.0,1.518650002431552,0.0,0.16834392025313444,0.5615107081337253,0.017904979420931173,103.83547176061688,0.5586772187676653,1.129032258064516,-0.5055688849262461,-0.410988528540819,-0.291814935445337,0.28970377136891556,1.142664872139973,0.4662538402457757,-0.5055688849262461,-0.410988528540819,-0.291814935445337,Copper,Basic Materials,ERO
2020Q1,2020,Q1,2020-03-31,2020-03-31,-52753000.0,67745000.0,20832000.0,-0.62,30652000.0,0.4524614362683593,409640000.0,97846000.0,84693000.0,97076000.0,311411000.0,16490000.0,49467000.0,651769874.4,796042874.4,1.1409388945516443,0.8724401499855783,0.4604311102431403,1.9276311755207163,0.05633191873524299,1.1409388945516443,-0.5391431433068291,9.620929580042807,-3.0887810854358992,6.66118057355436,0.0,2.2494238932686477,0.0,0.16537691631676593,0.6394577444476492,-0.1287789278390782,73.29021414595749,0.4524614362683593,-2.1698113207547167,-1.9197785168385468,0.517582184875865,0.0,-0.013643969622860085,-2.167902765170803,0.20688256763802793,-1.9197785168385468,0.517582184875865,0.0,Copper,Basic Materials,ERO
2019Q4,2019,Q4,2019-12-31,2019-12-31,45169000.0,75688000.0,17261000.0,0.53,31076000.0,0.41058027692632915,462674000.0,198223000.0,75565000.0,80481000.0,263616000.0,19377000.0,102220000.0,1562429603.6472,1703960603.6472,2.3113906597582994,0.9389172599744039,0.35233447308472055,0.8223869076746896,0.10634094385088372,2.3113906597582994,0.22786962158780766,20.643029326276295,8.647687593522107,7.882181198181847,0.0,2.302317180162048,0.0,0.16358818520167548,0.5719859345684074,0.09762597422807419,1736.0328929413336,0.41058027692632915,1.9444444444444446,0.0,0.0,0.0,0.45835093153127787,1.7745085995085994,-0.4953956792469378,0.0,0.0,0.0,Copper,Basic Materials,ERO
2019Q3,2019,Q3,2019-09-30,2019-09-30,16280000.0,60640000.0,34207000.0,0.18,21309000.0,0.35140171503957784,414499000.0,144928000.0,75027000.0,68666000.0,268989000.0,19722000.0,57051000.0,1242824986.125,1382016986.125,1.6949518262969094,1.0926368217167157,0.38819876525636976,1.1102616471627291,0.09412069489886911,1.6949518262969094,0.11233164053875028,20.49513499546504,19.08515027833231,8.57546496277462,0.0,1.9942703579758645,0.0,0.14629709601229435,0.6999679608539888,0.03927633118535871,-13082.368275,0.35140171503957784,0.058823529411764594,19.78321400146139,0.0,0.0,-0.33585787751285645,0.07736086294752167,0.5390533609286421,19.78321400146139,0.0,0.0,Copper,Basic Materials,ERO
2019Q2,2019,Q2,2019-06-30,2019-06-30,15111000.0,76474000.0,22226000.0,0.17,32085000.0,0.41955435834401233,408005000.0,139511000.0,70944000.0,65358000.0,267888000.0,18662000.0,40771000.0,1384334736.512841,1511915736.512841,1.6406719846041602,1.0854677315707335,0.39475496623815887,1.1544752743511264,0.06437296605187923,1.6406719846041602,0.10831403975313775,18.102031233005217,22.902765146463516,9.922764058123308,0.0,2.3785767870539063,0.0,0.18743397752478524,0.6617246549772025,0.03703631082952415,77.72794702486473,0.41955435834401233,0.0,0.0032526332727687117,-0.35668265823780543,0.04862644366827544,-0.015616371111247468,-0.013835410820335443,-0.02675482769190349,0.0032526332727687117,-0.35668265823780543,0.04862644366827544,Copper,Basic Materials,ERO
2019Q1,2019,Q1,2019-03-31,2019-03-31,15323000.0,72041000.0,22837000.0,0.17,32594000.0,0.45243680681833953,387860000.0,119828000.0,67328000.0,68076000.0,267582000.0,18826000.0,25660000.0,990939285.465,1131546285.4650002,1.4129929053554056,0.9890122803925026,0.41276491517557884,1.3360399906532696,0.06816685346550629,1.4129929053554056,0.12787495410087793,13.755212801946115,16.167514283511718,8.269680587717396,0.0,2.09534686072453,0.0,0.18573969989171352,0.5871525941594689,0.03950652297220646,336.93957343250594,0.45243680681833953,0.8888888888888891,1.8576476640857746,0.6319883957538228,0.0,-0.3483415638682848,0.8994669641750341,-0.318481601957683,1.8576476640857746,0.6319883957538228,0.0,Copper,Basic Materials,ERO
2018Q4,2018,Q4,2018-12-31,2018-12-31,8067000.0,120687000.0,33509000.0,0.09,50017000.0,0.41443568901372974,360439000.0,103526000.0,50954000.0,60265000.0,256617000.0,14645000.0,10337000.0,613898971.971,747191971.971,1.2207622886122085,0.8454990458806936,0.42235718110415355,1.4704905048007264,0.09265456790165036,1.2207622886122085,0.0779224542626973,5.086703389519998,19.02500842850502,5.929901396470452,0.0,4.825537726186412,0.0,0.33483335599088887,0.4770928399568572,0.022381040897350175,73.56488579640502,0.41443568901372974,-0.18181818181818185,0.0,0.0,0.0,2.206834647688658,-0.1731242312423124,2.6422826086956523,0.0,0.0,0.0,Copper,Basic Materials,ERO
2018Q3,2018,Q3,2018-09-30,2018-09-30,9756000.0,36968000.0,9200000.0,0.11,15597000.0,0.4219054317247349,334814000.0,90770000.0,61958000.0,77737000.0,243755000.0,9200000.0,2270000.0,761981170.2179999,883138170.2179999,1.0741382096959664,0.7970207237222944,0.4230707198623713,1.5605376225625207,0.043215881998613065,1.0741382096959664,0.10748044508097389,20.611912200227223,19.525962746463712,8.39463666649774,0.0,2.3229347826086957,0.0,0.11041354304180828,0.3270257406383061,0.029138566487661808,168.17064008342527,0.4219054317247349,1.5499999999999998,12.389379594382888,0.0,0.0,0.34179284239504476,1.5775515036703764,0.6446192348945299,12.389379594382888,0.0,0.0,Copper,Basic Materials,ERO
2018Q2,2018,Q2,2018-06-30,2018-06-30,-16892000.0,47295000.0,5594000.0,-0.2,11624000.0,0.2457765091447299,333086000.0,90739000.0,59791000.0,67077000.0,242198000.0,7562000.0,-7486000.0,612496044.328,736596044.328,1.0743566984534043,0.8913785649328384,0.423890526770864,1.5560233196310296,0.022663387404355265,1.0743566984534043,-0.18616030593239952,12.950545392282482,-9.06488344080038,6.750085898323763,0.0,4.717138323194922,0.0,0.14199035684477881,0.40665205659167825,-0.05071362951309872,-63.39226291947836,0.2457765091447299,-3.0000000000000004,-2.12911810712748,-0.5994397233214105,-0.31333084583498017,1.330392943063352,-3.1341164953499754,3.703721604639923,-2.12911810712748,-0.5994397233214105,-0.31333084583498017,Copper,Basic Materials,ERO
2018Q1,2018,Q1,2018-03-31,2018-03-31,-4086000.0,28155000.0,-2069000.0,-0.05,4988000.0,0.17716213816373647,373034000.0,127732000.0,75596000.0,53441000.0,245068000.0,14969000.0,9406000.0,3706084143.96,3818957143.96,1.5581847296725402,1.4145693381486124,0.3751534712653538,1.0956142548460839,-0.006669383960077116,1.5581847296725402,-0.03198885165815927,131.63147376877998,-226.75502593979442,29.014531550120566,0.0,1.5476651746943684,0.0,0.07547569390457706,0.5756067438857806,-0.010953425156956203,-170.36334209616624,0.17716213816373647,-1.2083333333333333,0.7634074686470586,-0.34017247782327353,0.0,0.3572789115646258,-1.209120221096269,0.4459025174076058,0.7634074686470586,-0.34017247782327353,0.0,Copper,Basic Materials,ERO
2017Q4,2017,Q4,2017-12-31,2017-12-31,19539000.0,37818000.0,-3734000.0,0.24,3675000.0,0.09717594796128827,381343000.0,129989000.0,97892000.0,55332000.0,251597000.0,8478000.0,14011000.0,488734210.71199995,576802210.7119999,1.5857175557057261,1.7691751608472492,0.36493655318178125,1.070598281393041,-0.014402368770174728,1.5857175557057261,0.15031271876851118,12.92332251076207,6.2533165810942215,3.7598120664979344,0.0,4.0272469922151455,0.0,0.0991705629839803,0.9842044386611726,0.05123733751504551,-32.13242673977646,0.09717594796128827,-0.06909271448685685,0.0,0.0,0.0,-0.43005583126550867,0.06584115208378791,-3.464686468646865,0.0,0.0,0.0,Copper,Basic Materials,ERO
2017Q3,2017,Q3,2017-09-30,2017-09-30,18332000.0,33004000.0,1515000.0,0.257813,6448000.0,0.19537025815052722,345328000.0,52559000.0,62933000.0,67033000.0,292576000.0,8963000.0,-5832000.0,3080342063.9466,3231637063.9466,0.7391670691542624,0.9388360956543792,0.48131341796784505,3.1623699081032743,0.03515781479464409,0.7391670691542624,0.34878898000342473,93.3323858910011,42.00771961524383,58.60731870748302,0.0,2.9628472609617313,0.0,0.09557290460084325,0.2920501842376143,0.053085761942269376,-384.5140511729622,0.19537025815052722,0.4565706214689267,26.434066996724482,0.0,0.0,0.1982902806169857,3.4451988360814743,-0.17841648590021691,26.434066996724482,0.0,0.0,Copper,Basic Materials,ERO
2017Q2,2017,Q2,2017-06-30,2017-06-30,4124000.0,32548000.0,1844000.0,0.177,5381000.0,0.1653250583753226,329864000.0,36427000.0,65659000.0,88754000.0,295863000.0,7229000.0,-20896000.0,1008595234.3895999,1147235234.3895998,1.564591465827247,0.7397863758253149,0.4953768825940388,4.485875861311665,0.01088964103005676,1.564591465827247,0.11321272682351004,30.98793272672975,61.141806158438406,27.688122392445162,0.0,3.758057822658736,0.0,0.09867096742900104,0.31295490907452056,0.012502122086678146,-305.35732194659397,0.1653250583753226,1.8401486635940325,0.0,0.0,0.0,2.9279828018631315,1.8407747196738022,1.257110987172337,0.0,0.0,0.0,Copper,Basic Materials,ERO
2017Q1,2017,Q1,2017-03-31,2017-03-31,-4905000.0,12119000.0,-7172000.0,-0.210677,-2791000.0,-0.2302995296641637,,,,,,,,1008595234.3895999,,,0.0,0.0,0.0,0.0,,0.0,83.22429527102895,-51.40648493321101,0.0,0.0,0.0,0.0,0.0,0.0,0.0,-96.67355836189014,-0.2302995296641637,0.0,0.0,0.0,0.0,0.0,0.0,0.0,0.0,0.0,0.0,Copper,Basic Materials,ERO
2016Q3,2016,Q3,2016-09-30,2016-09-30,-236000.0,0.0,-235000.0,-0.010137,0.0,0.0,,,,,,,,1008595234.3895999,,,0.0,0.0,0.0,0.0,,0.0,0.0,-1068.427155073729,0.0,0.0,0.0,0.0,0.0,0.0,0.0,-50429.76171948,0.0,0.0,0.0,0.0,0.0,0.0,0.0,0.0,0.0,0.0,0.0,Copper,Basic Materials,ERO
2016Q4,2016,Q4,2016-12-31,2016-12-31,,,,,,,317955000.0,24778000.0,54408000.0,185125000.0,293582000.0,5181000.0,-3046000.0,0.0,143806000.0,0.0,0.293898717083052,0.5098960544731173,6.5430623940592465,,0.0,,0.0,0.0,0.0,0.0,,,,0.10167184334908845,,0.0,0.0,0.0,0.0,0.0,0.0,0.0,0.0,0.0,0.0,0.0,0.0,Copper,Basic Materials,ERO
