Quarters,Year,Quarter,FillingDate,Date,NetIncome,Revenue,OperatingIncome,EPSDiluted,GrossProfit,GrossProfitRatio,TotalAssets,CommonStockEquity,CurrentAssets,CurrentLiability,TotalLiability,Inventory,RetainedEarnings,MarketCap,EnterpriseValue,bookValuePerShare,currentRatio,debtToAssets,debtToEquity,roic,shareholdersEquityPerShare,roe,priceToSalesRatio,peRatio,pbRatio,payoutRatio,inventoryTurnover,dividendYield,assetTurnover,quickRatio,returnOnAssets,priceToFreeCashFlowsRatio,grossProfitMargin,epsdilutedGrowth,fiveYNetIncomeGrowthPerShare,fiveYRevenueGrowthPerShare,fiveYShareholdersEquityGrowthPerShare,grossProfitGrowth,netIncomeGrowth,operatingIncomeGrowth,threeYNetIncomeGrowthPerShare,threeYRevenueGrowthPerShare,threeYShareholdersEquityGrowthPerShare,Industry,Sector,Symbol
2023Q1,2023,Q1,2023-05-09,2023-03-31,-12686000.0,77914000.0,-13823000.0,-0.13,51519000.0,0.6612290474,950425000.0,164875000.0,741589000.0,418144000.0,785550000.0,584000.0,-801641000.0,853735740.0,696511740.0,1.656985216526135,1.7735253883829494,0.3800636557329616,2.1908840030326004,-0.027336838692438126,1.656985216526135,-0.07694313874147081,10.957411248299406,-16.824368201166642,5.1780787869598175,0.0,45.196917808219176,0.0,0.08197806244574796,1.7398288627841128,-0.013347712865297104,11.631911003324431,0.6612290474112483,-4.186274509803922,-1.3092459137339818,-0.7700476199926203,0.0,0.09016462821109654,-4.161226015449788,-2.9781053234115626,0.9252503713767921,0.36996244476063855,-0.5152304153748086,Software—Application,Technology,EB
2022Q4,2022,Q4,2023-02-28,2022-12-31,4013000.0,71539000.0,6988000.0,0.0408,47258000.0,0.6605907267,895379000.0,166555000.0,683159000.0,360979000.0,728824000.0,721000.0,-788955000.0,576067300.0,398503300.0,1.6942678398860689,1.8925172932497458,0.4040021041369074,2.171865149650266,0.012552862042056686,1.6942678398860689,0.024094143075860826,8.052493045751268,35.887571642162975,3.4587211431659215,0.0,33.67683772538142,0.0,0.07989800966964827,1.854163261574773,0.0044819009603754385,-14.564440118322251,0.6605907267364655,1.1942857142857144,1.0487041429420123,-0.7459607945391347,1.2379808357640938,0.07350870019535687,1.189973489869343,1.5262840789275494,1.2549077783873284,-0.24398125053873526,-0.6582975521727141,Software—Application,Technology,EB
2022Q3,2022,Q3,2022-11-03,2022-09-30,-21124000.0,67472000.0,-13278000.0,-0.21,44022000.0,0.652448423,931638000.0,150116000.0,715530000.0,414077000.0,781522000.0,10250000.0,-792968000.0,599141440.0,285553440.0,1.5233552865246645,1.7280119398082965,0.38880874331016985,2.4129939513442937,-0.025462416852395458,1.5233552865246645,-0.14071784486663647,8.879852976049325,-7.090766900208294,3.9911897465959654,0.0,2.2878048780487803,0.0,0.07242297974105823,1.701014545603837,-0.022674042922250916,93.06328673501088,0.6524484230495613,-0.049999999999999906,0.6043219540877234,-0.7047181793496861,0.0,0.023791250959324637,-0.05157307845479889,0.0016541353383458647,0.40993980197091995,-0.30686752797601474,-0.6995715367192217,Software—Application,Technology,EB
2022Q2,2022,Q2,2022-07-28,2022-06-30,-20088000.0,66041000.0,-13300000.0,-0.2,42999000.0,0.6510955316,925436000.0,158815000.0,706375000.0,398938000.0,766621000.0,11438000.0,-771844000.0,1006614050.0,698677050.0,1.620313217364689,1.7706385453378721,0.3920508819626641,2.284532317476309,-0.024895213095509607,1.620313217364689,-0.12648679280924346,15.242259354037643,-12.527554385702906,6.338280703963731,0.0,2.0145130267529288,0.0,0.07136203908211913,1.7391549564092665,-0.021706525356696735,-26.41061158629375,0.6510955315637256,-0.05263157894736847,0.817684965601453,-0.7816699194808606,-0.8150854378272381,0.1976770096373461,-0.10464668682980478,0.08785405664906384,-0.12427910018725746,-0.32111764610886256,-0.6946892289756749,Software—Application,Technology,EB
2022Q1,2022,Q1,2022-04-28,2022-03-31,-18185000.0,55875000.0,-14581000.0,-0.19,35902000.0,0.642541387,972901000.0,164436000.0,749349000.0,435804000.0,808465000.0,12100000.0,-751756000.0,1440872580.0,1095778580.0,1.685589519650655,1.7194633367293555,0.37491892803070404,2.2182429638278722,-0.02731122943390832,1.685589519650655,-0.11059013841251307,25.787428724832214,-19.808531481990652,8.762512953367876,0.0,1.6506611570247933,0.0,0.05743133165656115,1.6890551715908986,-0.018691521542274086,19.11275773332626,0.6425413870246085,-0.05555555555555561,-1.4521511725969378,-0.8317980457162949,0.0,-0.08669549732892394,-0.08012592064623426,-0.10244972024799637,-0.4667775078684678,-0.44594587485658493,-0.6879235808014416,Software—Application,Technology,EB
2021Q4,2021,Q4,2022-02-18,2021-12-31,-16836000.0,59638000.0,-13226000.0,-0.18,39310000.0,0.6591434991,902976000.0,169900000.0,673608000.0,357966000.0,733076000.0,0.0,-733571000.0,1647417280.0000002,1379429280.0000002,1.798606847197815,1.8817653073196896,0.40575829257920476,2.1565038257798705,-0.024888703827063003,1.798606847197815,-0.0990935844614479,27.62361715684631,-24.462717985269663,9.6963936433196,0.0,0.0,0.0,0.06604605216528457,1.8261091835537453,-0.018645013820965343,-43.31547024952016,0.6591434991113049,0.0,0.7873555100294244,-0.7796061749432347,1.2526365375240438,0.11901847476443964,-0.0013679890560875513,-0.17794798717491983,-0.08006359040899624,-0.34574434061786374,-0.6592271106322591,Software—Application,Technology,EB
2021Q3,2021,Q3,2021-10-28,2021-09-30,-16813000.0,53367000.0,-11228000.0,-0.18,35129000.0,0.6582532276500459,945286000.0,170458000.0,712919000.0,400592000.0,774828000.0,0.0,-716735000.0,1786276420.0,1483822420.0,1.8045139844593594,1.7796635978751447,0.38656448947725874,2.143718687301271,-0.020866928859869467,1.8045139844593594,-0.0986342676788417,33.47155395656492,-26.560941235948373,10.479275950674065,0.0,0.0,0.0,0.05645592973978246,1.7185365658824938,-0.01778615149277573,-104.36295980369245,0.6582532276500459,0.18181818181818185,0.6714665067165604,-0.7563566516568404,0.0,0.24315238162644207,0.1814508276533593,0.38405836853365516,0.8559907647209882,-0.7795048888213763,-0.8766531702075563,Software—Application,Technology,EB
2021Q2,2021,Q2,2021-08-05,2021-06-30,-20540000.0,46311000.0,-18229000.0,-0.22,28258000.0,0.61017900714733,953724000.0,175120000.0,716486000.0,404169000.0,778604000.0,0.0,-699922000.0,1784081000.0,1464485000.0,1.86498258767399,1.7727386316120237,0.38351556634833556,2.0886706258565555,-0.03299614876015743,1.86498258767399,-0.11729100045682961,38.52391440478504,-21.714715189873417,10.187762677021471,0.0,0.0,0.0,0.04855807340488443,1.739581709631367,-0.021536629045719725,19.46709076228095,0.61017900714733,0.7582417582417583,0.8054112176905744,-0.8401856877696994,-0.7871631021930119,0.9980202220179594,0.7580426664781896,0.2946252370080873,0.8054112176905744,-0.8401856877696994,-0.7871631021930119,Software—Application,Technology,EB
2021Q1,2021,Q1,2021-05-06,2021-03-31,-84891000.0,27818000.0,-25843000.0,-0.91,14143000.0,0.508411819685096,868050000.0,183292000.0,624244000.0,307956000.0,684758000.0,0.0,-679382000.0,2058198640.0,1830943640.0,1.9734493265431368,2.027055813168115,0.42173492310350785,1.997288479584488,-0.04614810607894896,1.9734493265431368,-0.4631462366060712,73.988016392264,-6.061298135255798,11.22906968116448,0.0,0.0,0.0,0.03204654109786303,1.9761459429269117,-0.09779505788837048,51.389444458315644,0.508411819685096,-3.0920087983787257,-3.216968672303341,-0.9120436994375144,0.0,0.035510323619856496,-3.196085215757995,-0.9455695249567115,-3.216968672303341,-0.9120436994375144,0.0,Software—Application,Technology,EB
2020Q4,2020,Q4,2021-03-01,2020-12-31,-20231000.0,26658000.0,-13283000.0,-0.22238466358150222,13658000.0,0.5123415109910721,795685000.0,315572000.0,537133000.0,246536000.0,480113000.0,0.0,-597544000.0,1646611300.0000002,1363942300.0000002,3.468853396062568,2.178720349157932,0.2803710010871136,0.7069290051081845,-0.023479197140428298,3.468853396062568,-0.06410898305299582,61.76799834946358,-20.347626167762346,5.217862484631083,0.0,0.0,0.0,0.033503207927760355,2.0971419995457055,-0.025425890899036678,-52.62924856969349,0.5123415109910721,-0.058974588483343936,0.7346756025324489,-0.8977063829766082,1.4872432863941967,0.28400864905518475,-0.041385700313995986,-0.13172020107352816,0.7346756025324489,-0.8977063829766082,1.4872432863941967,Software—Application,Technology,EB
2020Q3,2020,Q3,2020-11-05,2020-09-30,-19427000.0,21868000.0,-11737000.0,-0.21,10637000.0,0.4864185110663984,844826000.0,321617000.0,579166000.0,293469000.0,523209000.0,0.0,-577313000.0,987057050.0,665204050.0,3.5353016829169093,1.9735167939373495,0.2621166962191031,0.6885301461054608,-0.021112364910093464,3.5353016829169093,-0.06040414530326444,45.13705185659411,-12.702129124414475,3.069045013167836,0.0,0.0,0.0,0.025884620028266175,1.8865638278659755,-0.022995267664584186,-703.0320868945869,0.4864185110663984,0.5227272727272727,0.605828882509815,-0.8963342116961657,0.0,7.257058823529412,0.4965011403690649,0.6752891052951917,0.605828882509815,-0.8963342116961657,0.0,Software—Application,Technology,EB
2020Q2,2020,Q2,2020-08-07,2020-06-30,-38584000.0,8394000.0,-36146000.0,-0.44,-1700000.0,-0.20252561353347628,855675000.0,329019000.0,577096000.0,302478000.0,526656000.0,0.0,-557886000.0,757673700.0,427927700.0,3.721513403461147,1.9078941278373964,0.253737692465013,0.6598919819220167,-0.06378480533905398,3.721513403461147,-0.11726982332327313,90.26372408863475,-4.909248004354136,2.302826584482963,0.0,0.0,0.0,0.009809799281269174,1.8293925508632032,-0.045091886522336165,-9.653000981004192,-0.20252561353347628,0.7426900584795322,0.6117743849929921,-0.969234778039603,-0.5752907436376259,-1.0806413358000095,0.736584833010186,0.7363799466137666,0.6117743849929921,-0.969234778039603,-0.5752907436376259,Software—Application,Technology,EB
2020Q1,2020,Q1,2020-05-11,2020-03-31,-146476000.0,49086000.0,-137114000.0,-1.71,21081000.0,0.42947072485026283,682017000.0,293542000.0,409158000.0,358797000.0,388475000.0,0.0,-519302000.0,626916700.0,276968700.0,3.4180882404313047,1.1403607053570681,0.013492332302567238,0.03134815460819917,-0.4210944091740791,3.4180882404313047,-0.4989950330787417,12.771802550625432,-1.069999010076736,2.1356967657098473,0.0,0.0,0.0,0.07197181301932357,1.0447523251309236,-0.2147688400729014,-12.057945453146639,0.42947072485026283,-9.67789500472624,-5.137089634154636,-0.8321469461540187,0.0,-0.5649814279818407,-9.650476259725151,-5.130191800420262,-5.137089634154636,-0.8321469461540187,0.0,Software—Application,Technology,EB
2019Q4,2019,Q4,2020-03-02,2019-12-31,-13753000.0,82665000.0,-22367000.0,-0.1601439234271475,48460000.0,0.5862214964011371,808015000.0,425815000.0,524576000.0,350308000.0,382200000.0,0.0,-372826000.0,1732179430.0000002,1336744430.0000002,4.958313441004203,1.4974707971270995,0.011280731174545026,0.021406009652078953,-0.05142117742430605,4.958313441004203,-0.032298063713114854,20.95420589124781,-31.487301497855015,4.067915479727112,0.0,0.0,0.0,0.10230626906678712,1.3660550144444317,-0.017020723625180225,-23.390129496597172,0.5862214964011371,0.5551557682579236,0.8089342614409862,-0.6639776385944233,1.6964563387745517,-0.0050711396719157415,0.5442404559915165,0.02353095258884135,0.8089342614409862,-0.6639776385944233,1.6964563387745517,Software—Application,Technology,EB
2019Q3,2019,Q3,2019-11-07,2019-09-30,-30176000.0,82052000.0,-22906000.0,-0.36,48707000.0,0.5936113684005265,866808000.0,421180000.0,576865000.0,401546000.0,445628000.0,0.0,-358302000.0,1471045730.0,1013434730.0,5.0706090557769405,1.4366100023409523,0.0,0.0,-0.05129205645412872,5.0706090557769405,-0.07164632698608671,17.928212962511576,-12.187216082317073,3.4926770739351345,0.0,0.0,0.0,0.0946599477623649,1.3292524393220204,-0.03481278437670165,37.506583972871674,0.5936113684005265,-1.0,0.329427663086036,-0.5739893417659764,0.0,-0.019684009258327462,-1.0343827951189914,-0.5761370673639303,0.329427663086036,-0.5739893417659764,0.0,Software—Application,Technology,EB
2019Q2,2019,Q2,2019-08-07,2019-06-30,-14833000.0,80758000.0,-14533000.0,-0.18,49685000.0,0.6152331657544763,890671000.0,431833000.0,600566000.0,358995000.0,458838000.0,0.0,-328126000.0,1371067650.0,932057650.0,5.307094839558062,1.6729090934414128,0.06898619130969796,0.14228648574796277,-0.025808368892208722,5.307094839558062,-0.03434892655262567,16.97748396443696,-23.108401031483854,3.1749950791162327,0.0,0.0,0.0,0.09067096604694663,1.5359656819732865,-0.016653736340354632,-40.98979491165655,0.6152331657544763,-0.3846153846153845,0.8378382784415533,-0.6783977676430373,-0.3943398670398394,-0.022102818453786807,-0.4835967193438688,-0.43252833908329225,0.8378382784415533,-0.6783977676430373,-0.3943398670398394,Software—Application,Technology,EB
2019Q1,2019,Q1,2019-05-01,2019-03-31,-9998000.0,81326000.0,-10145000.0,-0.13,50808000.0,0.6247448540442171,931005000.0,424913000.0,640892000.0,394222000.0,506092000.0,0.0,-313293000.0,1585987200.0,1126374200.0,5.401207575950171,1.625713430503625,0.0792154714528923,0.17356494152920715,-0.019449096304389155,5.401207575950171,-0.023529522514020518,19.501600964021346,-39.65761152230446,3.7324986526653694,0.0,0.0,0.0,0.0873529143237684,1.5040560902232751,-0.010738932658793455,19.029410635438666,0.6247448540442171,0.21220921275612387,-1.3082615939850397,-0.6964160239035011,0.0,0.1370004028107237,0.22985672469573254,-0.08968850698174007,-1.3082615939850397,-0.6964160239035011,0.0,Software—Application,Technology,EB
2018Q4,2018,Q4,2019-03-07,2018-12-31,-12982000.0,75915000.0,-9310000.0,-0.16501843142239736,44686000.0,0.5886320226569189,836884000.0,415222000.0,545704000.0,308204000.0,421662000.0,0.0,-302695000.0,2187812700.0,1822642700.0,5.278022117706877,1.7705935030045035,0.08689615287184364,0.1751400455659864,-0.01869944799409587,5.278022117706877,-0.03126520271083902,28.819241256668644,-42.13165729471576,5.269019223451551,0.0,0.0,0.0,0.0907114964559007,1.6244370611672787,-0.015512305170131106,-32.22110014727541,0.5886320226569189,0.8669206198206472,0.8031185461125933,-0.6631380685878973,1.7413633695825326,0.060140921923560534,0.6344746029958329,0.2868086410295695,0.8031185461125933,-0.6631380685878973,1.7413633695825326,Software—Application,Technology,EB
2018Q3,2018,Q3,2018-11-14,2018-09-30,-35516000.0,73628000.0,-13054000.0,-1.24,42151000.0,0.5724860107567773,906347000.0,420396000.0,611473000.0,368511000.0,485951000.0,0.0,-289713000.0,1065530880.0,629892880.0,14.629593541202672,1.6593073205413136,0.08174793980671861,0.17624335150667467,-0.02486576820296684,14.629593541202672,-0.08448225006898258,14.471816156896832,-7.500358148440139,2.5345885308138043,0.0,0.0,0.0,0.08123599460250876,1.5384072659974872,-0.039185874725684536,51.62956100397325,0.5724860107567773,-0.10714285714285703,-1.2813362812941826,0.10498299504601465,0.0,0.1186868016667109,-0.4435637930333699,0.012556732223903177,-1.2813362812941826,0.10498299504601465,0.0,Software—Application,Technology,EB
2018Q2,2018,Q2,2018-06-30,2018-06-30,-24603000.0,67542000.0,-13220000.0,-1.12,37679000.0,0.5578602943353765,638651000.0,191776000.0,342422000.0,318319000.0,446875000.0,0.0,-261142000.0,798839000.0,635511000.0,8.762496573151786,1.0757196397324695,0.10390651545210139,0.34602870015017523,-0.04685467461071575,8.762496573151786,-0.12829029701318204,11.827292647537828,-8.117292606592692,4.165479517770732,0.0,0.0,0.0,0.10575729154107642,0.9416340212177092,-0.038523387577879,-19.326438283253495,0.5578602943353765,-3.716648564778899,0.0,0.0,0.0,-0.18868696438568536,-3.7266984373268315,-3.27693303138143,0.0,0.0,0.0,Software—Application,Technology,EB
2018Q1,2018,Q1,2018-03-31,2018-03-31,9023000.0,74526000.0,-3091000.0,0.41227268573517317,46442000.0,0.6231650699084883,,,,,,,,798839000.0,,,0.0,0.0,0.0,0.0,,0.0,10.718930306201862,22.133409065720937,0.0,0.0,0.0,0.0,0.0,0.0,0.0,9.588292483856254,0.6231650699084883,1.4918774531181858,0.0,0.0,0.0,0.24432655467138226,1.4918774531181858,0.788793987017424,0.0,0.0,0.0,Software—Application,Technology,EB
2017Q4,2017,Q4,2017-12-31,2017-12-31,-18344000.0,62695000.0,-14635000.0,-0.8381613817051997,37323000.0,0.5953106308318048,571924000.0,-155814000.0,279570000.0,247269000.0,727738000.0,0.0,-238617000.0,798839000.0,717098000.0,-7.1193457004477745,1.1306310131880664,0.1359463844846518,-0.49899880626901305,0.3026768937189346,-7.1193457004477745,0.1177301141104137,12.741669989632348,-10.886924880069778,-5.126875633768468,0.0,0.0,0.0,0.10962120841230653,0.9847979326158961,-0.032074191675817064,-11.639284309297278,0.5953106308318048,-0.5471025684806239,0.0,0.0,0.0,0.2543016534480441,-0.5471029771443029,-0.4038369304556355,0.0,0.0,0.0,Software—Application,Technology,EB
2017Q3,2017,Q3,2017-09-30,2017-09-30,-11857000.0,50749000.0,-10425000.0,-0.541762,29756000.0,0.5863366765847603,,,,,,,,798839000.0,,,0.0,0.0,0.0,0.0,,0.0,15.740980117834834,-16.84319389390234,0.0,0.0,0.0,0.0,0.0,0.0,0.0,19.96049573973664,0.5863366765847603,0.0,0.0,0.0,0.0,0.0,0.0,0.0,0.0,0.0,0.0,Software—Application,Technology,EB
