Year,Date,FillingDate,NetIncome,Revenue,OperatingIncome,EPSDiluted,GrossProfit,GrossProfitRatio,TotalAssets,CommonStockEquity,CurrentAssets,CurrentLiability,TotalLiability,Inventory,RetainedEarnings,EnterpriseValue,bookValuePerShare,currentRatio,debtToAssets,debtToEquity,roic,shareholdersEquityPerShare,roe,priceToSalesRatio,peRatio,pbRatio,payoutRatio,inventoryTurnover,dividendYield,assetTurnover,quickRatio,returnOnAssets,priceToFreeCashFlowsRatio,grossProfitMargin,epsdilutedGrowth,fiveYNetIncomeGrowthPerShare,fiveYRevenueGrowthPerShare,fiveYShareholdersEquityGrowthPerShare,grossProfitGrowth,netIncomeGrowth,operatingIncomeGrowth,threeYNetIncomeGrowthPerShare,threeYRevenueGrowthPerShare,threeYShareholdersEquityGrowthPerShare,Industry,Sector,Price,MarketCap,AvgVolume,Symbol
2022,2022-12-31,2023-02-24,74516000.0,1150981000.0,87563000.0,1.29,519099000.0,0.4510057073,1663966000.0,1144397000.0,529084000.0,220645000.0,519569000.0,265991000.0,480773000.0,4221981720.0000005,20.14570643946062,2.3978970744861656,0.16151171358068614,0.2348398326804422,0.05321530393970524,20.14570643946062,0.06511376733773332,3.4854091596646692,53.83595093671158,3.505461583698664,0.0,2.375576617253967,0.0,0.6917094459862762,1.0734709601395906,0.04478216502019873,57.919778810891984,0.45100570730533346,0.5357142857142858,1.3260758457120054,0.3586111749055743,0.4537361758803722,0.069572849981353,0.5378709704049202,0.43743843981876684,12.253593564589766,0.12168257552695065,0.16798967323683675,Medical Instruments & Supplies,Healthcare,81.5,4685728400,272216,MMSI
2021,2021-12-31,2022-03-01,48454000.0,1074751000.0,60916000.0,0.84,485333000.0,0.451577156,1648294000.0,1039799000.0,482212000.0,236280000.0,608495000.0,221922000.0,406257000.0,3745112500.0,18.519886009439844,2.0408498391738616,0.19112427758640146,0.30297105498274185,0.03836229890060149,18.519886009439844,0.04659939084380731,3.254552449823261,72.18874602715978,3.3639515906439605,0.0,2.655969214408666,0.0,0.6520384106233476,1.0182453021838496,0.02939645475867776,29.321609998994067,0.4515771560110202,5.666666666666667,0.9047158776144021,0.4077889304520473,0.6508415438863656,0.20977274370165788,5.922686172914762,1.973487814622453,0.07356758618791022,0.13342673370831526,0.037760876890356045,Medical Instruments & Supplies,Healthcare,81.5,4685728400,272216,MMSI
2020,2020-12-31,2021-03-01,-9843000.0,963875000.0,-62575000.0,-0.18,401177000.0,0.4162126832,1664396000.0,958575000.0,429707000.0,185004000.0,705821000.0,198019000.0,357803000.0,3455291340.0,17.29218530143955,2.3226903202092926,0.2613957255364709,0.45386745951021046,-0.03150740195551769,17.29218530143955,-0.010268367107425085,3.1924692932174814,-312.6223041755562,3.2101205852437213,0.0,2.841636408627455,0.0,0.5791139848930182,1.1614884002508055,-0.005913857038829701,26.528452678586824,0.4162126831798729,-2.8000000000000003,-1.3285077954749516,0.4123219232228725,0.6337133035706528,-0.07213564433836148,-2.8057237204182717,0.047666154291019225,-1.314861684505909,0.16591190282767604,0.24782297450188398,Medical Instruments & Supplies,Healthcare,81.5,4685728400,272216,MMSI
2019,2019-12-31,2020-03-02,5451000.0,994852000.0,-65707000.0,0.1,432366000.0,0.434603338,1757321000.0,949944000.0,454538000.0,181656000.0,807377000.0,225698000.0,368221000.0,2198869500.0,17.24818883340899,2.5021909543312635,0.2980377517824006,0.5513461846171985,-0.10483203132980802,17.24818883340899,0.005738232990576287,1.728338989115969,315.43597505044943,1.8100451184490873,0.0,2.492206399702257,0.0,0.5661185406650237,1.171731184216321,0.0031018806467344325,-466.732220412595,0.43460333798394135,-0.8717948717948718,-0.814135948190026,0.529005514383315,0.7096455463063693,0.09523520024317958,-0.8702667967727349,-2.1209546718528753,-0.7815594157390456,0.3284485705348696,0.5374839061360777,Medical Instruments & Supplies,Healthcare,81.5,4685728400,272216,MMSI
2018,2018-12-31,2019-03-01,42017000.0,882753000.0,58617000.0,0.78,394770000.0,0.4472032380518673,1620012000.0,932775000.0,429834000.0,175343000.0,687237000.0,197536000.0,363425000.0,3244870080.0,17.846005203948877,2.4513895621724275,0.24391918084557399,0.4236305647128193,0.03745437558614169,17.846005203948877,0.04504516094449358,3.3045224202013475,69.42611514387033,3.127310530406583,0.0,2.4703497084075816,0.0,0.5449052229242747,1.239541926395693,0.025936227632881732,144.4312066148438,0.4472032380518673,0.4181818181818181,1.0670339322628528,0.6024723413580236,0.8741767282826722,0.21001186195989002,0.5266141045670893,0.7725664519640751,0.4872486057472942,0.371805443125358,0.6860365308978761,Medical Instruments & Supplies,Healthcare,81.5,4685728400,272216,MMSI
2017,2017-12-31,2018-03-01,27523000.0,727852000.0,33069000.0,0.55,326253000.0,0.4482408511620494,1111811000.0,676334000.0,316121000.0,115620000.0,435477000.0,155288000.0,321408000.0,2354512000.0,13.857883413584673,2.734137692440754,0.2504670308172882,0.4117373960203095,0.026566672040820867,13.857883413584673,0.040694390641310356,2.8967097706676634,76.60414925698507,3.1173591746089953,0.0,2.586156045541188,0.0,0.6546544331725446,1.2844836533471717,0.024755106758252977,97.9410043201561,0.4482408511620494,0.2222222222222223,0.2067302991002983,0.5952567520248986,0.5317225379185516,0.2310272615790963,0.36787436012126634,-0.051812134419084756,0.059022475771085665,0.2623617964040272,0.37359747670302873,Medical Instruments & Supplies,Healthcare,81.5,4685728400,272216,MMSI
2016,2016-12-31,2017-03-01,20121000.0,603838000.0,34876000.0,0.45,265025000.0,0.4389008310175908,942803000.0,498189000.0,243423000.0,88331000.0,444614000.0,120695000.0,293885000.0,1482014000.0,11.218451630336876,2.7558048703173292,0.34405172660672484,0.6511042997737806,0.033605728302431324,11.218451630336876,0.04038828637324389,1.9488869531231887,58.4867551314547,2.362179815290984,0.0,2.807183396163884,0.0,0.6404710209874173,1.1972920039397268,0.021341680075264928,63.45710434079267,0.4389008310175908,-0.15094339622641512,-0.23148613372251833,0.47857436975615514,0.22794149476278225,0.12403035019785309,-0.15465086967481725,-0.07103854247129958,0.1650559830515459,0.29016854191354097,0.178155039890372,Medical Instruments & Supplies,Healthcare,81.5,4685728400,272216,MMSI
2015,2015-12-31,2016-02-29,23802000.0,542149000.0,37543000.0,0.53,235781000.0,0.43490073762010073,778728000.0,466103000.0,204003000.0,87910000.0,312625000.0,105999000.0,273764000.0,1022045240.0,10.58458988100645,2.320589238994426,0.2665796016067228,0.44538009839027,0.04251320642453661,10.58458988100645,0.051065966106203994,1.5099709489457696,34.393296361650286,1.7563269062846625,0.0,2.8902914178435646,0.0,0.696198159049116,0.9372085087020817,0.03056522945110488,49.484932599891195,0.43490073762010073,0.0,0.530873142315925,0.46407866254178964,0.5853412427083063,0.046882631359281064,0.03604074170801776,-0.06530398844794104,0.15660310029997587,0.3169298052159035,0.16992288010369594,Medical Instruments & Supplies,Healthcare,81.5,4685728400,272216,MMSI
2014,2014-12-31,2015-03-05,22974000.0,509689000.0,40166000.0,0.53,225222000.0,0.44188122561012694,747165000.0,435259000.0,192340000.0,75430000.0,311906000.0,91773000.0,249962000.0,964803189.9999999,10.088751361750457,2.549913827389633,0.30045572263154724,0.5157618797084035,0.04430108530862628,10.088751361750457,0.05278236636117806,1.46691058665186,32.544101593105246,1.7177546931826797,0.0,3.099680733984941,0.0,0.6821639129241868,1.165411639931062,0.030748228302985285,42.89547848537004,0.44188122561012694,0.358974358974359,-0.17243195939012226,0.6066467793248431,0.6143989415083022,0.15874608344009014,0.3864815932407966,0.44253699181152134,-0.09678812913251367,0.2846323897819777,0.10428754659308574,Medical Instruments & Supplies,Healthcare,81.5,4685728400,272216,MMSI
2013,2013-12-31,2014-03-12,16570000.0,449049000.0,27844000.0,0.39,194367000.0,0.43284140483555245,728283000.0,405706000.0,165915000.0,65594000.0,322577000.0,82378000.0,226988000.0,912029180.0,9.522050367310536,2.5294234228740433,0.3416995865618173,0.6133850620892962,0.03552915624899236,9.522050367310536,0.04084238340078776,1.4934543446260875,40.4727929993965,1.6530053289820708,0.0,3.09162640510816,0.0,0.6165858601669956,1.0907400067079307,0.022752144427372327,-68.79004821007283,0.43284140483555245,-0.15217391304347827,-0.34870857784458537,0.6105850868771115,0.7010487162569561,0.06799749439535804,-0.15930999492643327,-0.06062548497014271,0.10147632844752562,0.2533327575167168,0.4261959444958463,Medical Instruments & Supplies,Healthcare,81.5,4685728400,272216,MMSI
2012,2012-12-31,2013-03-01,19710000.0,394288000.0,29641000.0,0.46,181992000.0,0.46157123726818977,705309000.0,381577000.0,161996000.0,73004000.0,323732000.0,84599000.0,210418000.0,814093400.0,9.047254362670714,2.2190016985370664,0.3368254197805501,0.622589935976225,0.03416616887729891,9.047254362670714,0.05165405671725497,1.4868481921843932,29.74360223236936,1.5363777166862782,0.0,2.5094386458468776,0.0,0.5590287377589114,0.9182784504958632,0.02794519848747145,-30.589428645969214,0.46157123726818977,-0.20689655172413784,0.027738223521493147,0.5424858274186731,0.8869100618693473,0.09986220900717964,-0.14467974310015622,-0.10692979813196746,-0.27372905454588625,0.2713749758218219,0.44773890672212624,Medical Instruments & Supplies,Healthcare,81.5,4685728400,272216,MMSI
2011,2011-12-31,2012-02-29,23044000.0,359449000.0,33190000.0,0.58,165468000.0,0.46033790607290603,447017000.0,357089000.0,133652000.0,43795000.0,89928000.0,69911000.0,190708000.0,546805680.0,9.135982193112623,3.051763899988583,0.07597697626712183,0.09511074269999915,0.05900608663200853,9.135982193112623,0.06453293156608017,1.4549231740803286,22.69444020135393,1.464538756444472,0.0,2.7746849565876617,0.0,0.804105884116264,1.2645050804886402,0.05155061216911214,-19.186655904905166,0.46033790607290603,0.6571428571428571,0.6375548218671285,0.6478747623395131,1.0642800462542212,0.28770875811296676,0.849438202247191,0.9292025110439432,-0.01265155856232147,0.4053579283310761,0.6320802959300098,Medical Instruments & Supplies,Healthcare,81.5,4685728400,272216,MMSI
2010,2010-12-31,2011-03-15,12460000.0,296755000.0,17204000.0,0.35,128498000.0,0.4330103957810315,369480000.0,235615000.0,112301000.0,40176000.0,133865000.0,60597000.0,167664000.0,526051560.0,6.676537262680646,2.795226005575468,0.2242990148316553,0.35173482163699255,0.03992418939048917,6.676537262680646,0.05288288097107569,1.5059984162019173,35.86778170144462,1.8967916304140229,0.0,2.776655610013697,0.0,0.8031693190429793,1.1080246913580247,0.03372307026090722,44.56202612423971,0.4330103957810315,-0.4444444444444445,-0.24899365656546357,0.694102434810229,0.6912858612613979,0.18102608407933676,-0.446959609409676,-0.4762383170456967,-0.22352467832606301,0.3874565706217877,0.3924694536474658,Medical Instruments & Supplies,Healthcare,81.5,4685728400,272216,MMSI
2009,2009-12-31,2010-03-10,22530000.0,257462000.0,32847000.0,0.63,108802000.0,0.4225944022807249,271513000.0,218809000.0,90614000.0,32908000.0,52704000.0,47170000.0,155204000.0,540142640.0,6.249230659383813,2.753555366476237,0.02704842862036072,0.03356351886805387,0.09872910170823544,6.249230659383813,0.10296651417446266,2.0932473141667507,23.920623169107856,2.463023184603924,0.0,3.1515793936824252,0.0,0.9482492551001241,1.165491673757141,0.08297945218092688,51.81536775310067,0.4225944022807249,0.08620689655172423,0.17970211390377203,0.5967351896932163,0.8500296679398824,0.16651477951346078,0.08698798668403532,0.06012780790085205,0.7872354679340775,0.31759719762124816,0.41201699849318973,Medical Instruments & Supplies,Healthcare,81.5,4685728400,272216,MMSI
2008,2008-12-31,2009-03-04,20727000.0,227143000.0,30984000.0,0.58,93271000.0,0.4106267857693171,231776000.0,194305000.0,105455000.0,21172000.0,37471000.0,38358000.0,132674000.0,463868170.0,5.597752889913212,4.980870961647459,0.0,0.0,0.10378837249366235,5.597752889913212,0.10667249942101335,2.1920031433942495,24.021719013846674,2.562456807596305,0.0,3.490067261066792,0.0,0.980010872566616,2.99121481201587,0.0894268604169543,38.126822115016466,0.4106267857693171,0.31818181818181807,0.09623601481561155,0.5282947394432318,1.0141874142290181,0.16894135930117432,0.32967667436489606,0.34888985633434916,0.2701160827044948,0.3183246842633252,0.41801055623018607,Medical Instruments & Supplies,Healthcare,81.5,4685728400,272216,MMSI
TTM,,,,,,,,,,,,,,,,4894247400.0,20.42919165852978,2.580281729273172,0.1582225378523599,0.22742530864460955,0.05903415462297726,20.42919165852978,0.07563217364119512,3.99420729654233,55.202163592129814,3.9893893680306918,0.0,2.1982692234642465,0.0,0.6965885224768705,1.1287462028598947,0.050278218333848934,68.3668680148239,0.45736921111112055,,,,,,,,,,,Medical Instruments & Supplies,Healthcare,81.5,4685728400,272216,MMSI
