Quarters,Year,Quarter,FillingDate,Date,NetIncome,Revenue,OperatingIncome,EPSDiluted,GrossProfit,GrossProfitRatio,TotalAssets,CommonStockEquity,CurrentAssets,CurrentLiability,TotalLiability,Inventory,RetainedEarnings,MarketCap,EnterpriseValue,bookValuePerShare,currentRatio,debtToAssets,debtToEquity,roic,shareholdersEquityPerShare,roe,priceToSalesRatio,peRatio,pbRatio,payoutRatio,inventoryTurnover,dividendYield,assetTurnover,quickRatio,returnOnAssets,priceToFreeCashFlowsRatio,grossProfitMargin,epsdilutedGrowth,fiveYNetIncomeGrowthPerShare,fiveYRevenueGrowthPerShare,fiveYShareholdersEquityGrowthPerShare,grossProfitGrowth,netIncomeGrowth,operatingIncomeGrowth,threeYNetIncomeGrowthPerShare,threeYRevenueGrowthPerShare,threeYShareholdersEquityGrowthPerShare,Industry,Sector,Symbol
2023Q1,2023,Q1,2023-05-04,2023-03-31,-177778000.0,44846000.0,-175083000.0,-1.56,37037000.0,0.8258707577,978869000.0,412123000.0,954255000.0,138644000.0,566746000.0,85484000.0,-2486638000.0,7510997119.999999,6857784119.999999,3.6191776731769005,6.882771703066847,0.11428495539239673,0.2714480871002104,-0.32291662763249923,3.6191776731769005,-0.4313712168454563,167.48421531463228,-10.562326497091878,18.225134535078116,0.0,0.09135042815029713,0.0,0.04581409769846629,5.74556417875999,-0.18161572181773047,-42.225316760269614,0.8258707577041431,-0.026315789473684233,-2.616660327754558,0.0,0.41224751525672243,0.8764312493667038,-0.07100987402931484,-0.06723436938062699,0.3182622339150794,0.0,0.030150071493496418,Biotechnology,Healthcare,APLS
2022Q4,2022,Q4,2023-02-21,2022-12-31,-165991000.0,22663000.0,-164053000.0,-1.52,19738000.0,0.8709350042,760217000.0,169872000.0,719523000.0,167610000.0,590345000.0,85714000.0,-2308860000.0,5642905460.0,5203817460.0,1.5566592746000036,4.292840522641847,0.14826424560355794,0.663517236507488,-0.5374499935112862,1.5566592746000036,-0.97715338607893,248.99198958655077,-8.498812375369749,33.21857316096826,0.0,0.03412511375037917,0.0,0.029811224952875297,3.338273372710459,-0.2183468667498885,-39.8524344786186,0.8709350041918545,0.13142857142857142,-3.1955172005480565,0.0,-0.4737328901750312,-0.04532043530834341,0.13215941945636772,-0.07267650943519596,0.009559556587639836,0.0,2.3525564695240546,Biotechnology,Healthcare,APLS
2022Q3,2022,Q3,2022-11-07,2022-09-30,-191269000.0,22056000.0,-152938000.0,-1.75,20675000.0,0.9373866522,872892000.0,307416000.0,831937000.0,115446000.0,565476000.0,59753000.0,-2142869000.0,7453305800.0,6982489800.0,2.817073841247732,7.20628692202415,0.129882047263579,0.3687934264969943,-0.3472158566464513,2.817073841247732,-0.6221829703073359,337.92645085237575,-9.741915574400451,24.245015874255078,0.0,0.02311181028567603,0.0,0.02526773071582739,6.20761221696724,-0.2191210367376491,-48.20620387677621,0.9373866521581429,-0.1986301369863014,-4.837205166447508,0.0,7.89742549867371,0.2730911330049261,-0.22626412868563955,-0.02902626762837765,-0.6003178122615362,0.0,0.28685714133321083,Biotechnology,Healthcare,APLS
2022Q2,2022,Q2,2022-08-08,2022-06-30,-155977000.0,16322000.0,-148624000.0,-1.46,16240000.0,0.9949761059,1002498000.0,334418000.0,959969000.0,126793000.0,668080000.0,48451000.0,-1951600000.0,4821808600.0,4428620600.0,3.1362468348494796,7.571151404257333,0.2107744853356316,0.631846969959751,-0.2626152867988213,3.1362468348494796,-0.466413291150596,295.4177551770616,-7.72839681491502,14.41850797504919,0.0,0.0016924315287610162,0.0,0.01628132923955958,6.785185302027714,-0.155588340325866,-44.8895275333985,0.9949761058693788,-0.028169014084507067,-1.1825611726318224,0.0,1.363983744985016,0.23648545759098524,-0.12266167632346062,-0.15214189367277012,-0.3017500581020041,0.0,0.24719435951683463,Biotechnology,Healthcare,APLS
2022Q1,2022,Q1,2022-05-04,2022-03-31,-138935000.0,14381000.0,-128998000.0,-1.42,13134000.0,0.9132883666,1145854000.0,462235000.0,1103982000.0,124769000.0,683619000.0,32850000.0,-1795623000.0,4982885890.0,4559847890.0,4.71336507968879,8.848207487436783,0.18363421517924622,0.4552186658301513,-0.18753260637856295,4.71336507968879,-0.300572219758348,346.49091787775535,-8.966217817684528,10.779983969193161,0.0,0.03796042617960426,0.0,0.012550464544348583,7.787415143184605,-0.12125017672408527,-44.631118804077175,0.9132883665948126,0.17919075144508673,-1.832060487208259,0.0,0.0,-0.7622332048009558,0.06082483286352606,0.10766932064221135,-0.6218416495109923,0.0,0.21417395547111376,Biotechnology,Healthcare,APLS
2021Q4,2021,Q4,2022-02-28,2021-12-31,-147933000.0,60290000.0,-144563000.0,-1.73,55239000.0,0.9162215956,881765000.0,198662000.0,824047000.0,131847000.0,683103000.0,16286000.0,-1656688000.0,4050052080.0,3620080080.0,2.319165080958663,6.2500246497834615,0.2384081926590418,1.0581792189749424,-0.3369337693976729,2.319165080958663,-0.7446466863315582,67.17618311494444,-6.84440266877573,20.38664706889088,0.0,0.3101436816897949,0.0,0.06837422669305314,5.389982328001396,-0.1677691902037391,-35.994703780728415,0.9162215956211643,0.24122807017543854,-3.719820937462481,0.0,0.7634641868285084,9.041628794764588,0.24358417147736627,-0.1294425563498574,-1.742398180213307,0.0,-0.16586077823810957,Biotechnology,Healthcare,APLS
2021Q3,2021,Q3,2021-11-08,2021-09-30,-195571000.0,5650000.0,-127995000.0,-2.28,5501000.0,0.9736283185840708,525689000.0,-57325000.0,475427000.0,94237000.0,583014000.0,1677000.0,-1508755000.0,2823386560.0,2751473560.0,-0.6692076907811022,5.045014166410221,0.40296068588081546,-3.695281290885303,-0.7242444646888739,-0.6692076907811022,3.4116179677278673,499.7144353982301,-3.609158003998548,-49.25227317924117,0.0,0.08884913536076326,0.0,0.010747799554489441,4.603637637021552,-0.3720279480833725,-16.70870331465229,0.9736283185840708,0.16176470588235306,-4.728734999910742,0.0,0.0,0.0,0.10775989890095852,0.34120656554478684,-2.566988399519594,0.0,-1.1919337108659893,Biotechnology,Healthcare,APLS
2021Q2,2021,Q2,2021-08-09,2021-06-30,-219191000.0,623000.0,-194287000.0,-2.72,0.0,0.0,699912000.0,-141493000.0,655126000.0,157787000.0,841405000.0,3731000.0,-1313184000.0,5097332800.0,5236199800.0,-1.7543209264264636,4.151964357012935,0.5852607184903245,-2.89506194652739,-0.6669699071054385,-1.7543209264264636,1.5491296389220668,8181.914606741573,-5.813802574010794,-36.025335528966096,0.0,0.0,0.0,0.0008901118997816868,3.8008771318296186,-0.31316936986364,-39.53382143078737,0.0,-0.17241379310344845,-3.054918018816496,0.0,-2.3223404827312497,0.0,-0.19346724091931242,-0.5593983514057997,-3.4589021969456444,0.0,-1.4179749374049369,Biotechnology,Healthcare,APLS
2021Q1,2021,Q1,2021-04-28,2021-03-31,-183659000.0,0.0,-124591000.0,-2.32,0.0,0.0,810129000.0,51658000.0,773625000.0,83670000.0,758471000.0,0.0,-1093993000.0,3399287289.9999995,3543815289.9999995,0.6520910387659526,9.246145571889565,0.506046567892274,7.93609895853498,-0.2566600471332751,0.6520910387659526,-3.5552866932517713,0.0,-4.627172218622556,65.80369526501218,0.0,0.0,0.0,0.0,8.649121548942274,-0.22670340155703597,-22.1022854003303,0.0,-3.343434343434343,-3.6345275231191536,0.0,0.0,-1.0,-3.3466300389701655,-1.9575010951345286,-4.370682935879332,0.0,-0.7455460791428853,Biotechnology,Healthcare,APLS
2020Q4,2020,Q4,2021-02-25,2020-12-31,78265000.0,250000000.0,130121000.0,0.99,250000000.0,1.0,960569000.0,204557000.0,917192000.0,128327000.0,756012000.0,0.0,-926347000.0,4531326800.0,4328062800.0,2.5821709438392304,7.147303373413234,0.37739610584976196,1.772195524963702,0.2220542263053149,2.5821709438392304,0.38260729283280454,18.1253072,14.474307800421645,22.151902892592286,0.0,0.0,0.0,0.2602624069692026,6.839153101062131,0.08147774912577857,32.076102160432654,1.0,1.553072625698324,3.1756765364166974,0.0,0.3357074397333109,385.9969040247678,1.576750184229919,2.004392058787205,3.7250058237893,0.0,-0.12703334515032708,Biotechnology,Healthcare,APLS
2020Q3,2020,Q3,2020-11-02,2020-09-30,-135700000.0,646000.0,-129552000.0,-1.79,646000.0,1.0,768334000.0,105840000.0,742349000.0,75273000.0,662494000.0,0.0,-1004612000.0,2281696760.0,2223343760.0,1.399481673454276,9.862088663929962,0.4649110933526305,3.3749716553287983,-0.2686914482566954,1.399481673454276,-1.2821239606953894,3532.038328173375,-4.20356809137804,21.557981481481484,0.0,0.0,0.0,0.0008407801815356342,9.673561569221368,-0.17661589881483833,-22.03218130202198,1.0,-0.14012738853503182,0.0,0.0,0.0,0.0,-0.14401814242477892,-0.12158465214530595,-4.9756594534142025,0.0,3.4201127226411336,Biotechnology,Healthcare,APLS
2020Q2,2020,Q2,2020-07-30,2020-06-30,-118617000.0,0.0,-115508000.0,-1.57,0.0,0.0,870106000.0,232064000.0,853825000.0,57990000.0,638042000.0,0.0,-868912000.0,2467462999.9999995,2501620999.9999995,3.0716611515552614,14.723659251595103,0.40398066442479424,1.514694222283508,-0.19349078427858063,3.0716611515552614,-0.5111391685052399,0.0,-5.200483488875962,10.632683225317153,0.0,0.0,0.0,0.0,14.361510605276772,-0.13632476962576973,-26.019307828581066,0.0,0.31441048034934493,0.0,0.0,0.0,0.0,0.29738422717418345,-0.1692749984815662,-1.3425978388529287,0.0,1.3153015099741325,Biotechnology,Healthcare,APLS
2020Q1,2020,Q1,2020-04-29,2020-03-31,-168822000.0,0.0,-98786000.0,-2.29,0.0,0.0,688939000.0,258997000.0,672407000.0,50740000.0,429942000.0,0.0,-750295000.0,1974958800.0,1704370800.0,3.5132528486163865,13.252010248324794,0.21379686735690678,0.5687054290204133,-0.23497090990395272,3.5132528486163865,-0.6518299439761851,0.0,-2.924617052279916,7.625411877357652,0.0,0.0,0.0,0.0,12.745250295624754,-0.24504636840126628,-18.154864685983235,0.0,-0.491098985531782,-3.5779002000723583,0.0,0.0,0.0,-0.49113091895758837,0.06753128960839863,-3.5779002000723583,0.0,0.0,Biotechnology,Healthcare,APLS
2019Q4,2019,Q4,2020-02-27,2019-12-31,-113217423.0,0.0,-105940284.0,-1.53578,0.0,0.0,389244980.0,34229676.0,373094684.0,65752819.0,355015304.0,0.0,-581472460.0,2257306400.0,2050497507.0,0.46432007596310365,5.674200584464675,0.37296869441964287,4.241237690943963,-0.5464449213494091,0.46432007596310365,-3.307580913123455,0.0,-4.98445014068197,65.9458885909408,0.0,0.0,0.0,0.0,5.353155809182873,-0.2908641827570904,-27.451974716624196,0.0,-0.39616363636363616,-9.33352091202589,0.0,-0.36475730164205966,0.0,-0.6214532891596363,-0.5145585513985382,-3.1973147436491467,0.0,-0.6469368084621396,Biotechnology,Healthcare,APLS
2019Q3,2019,Q3,2019-11-05,2019-09-30,-69824659.0,0.0,-69947962.0,-1.1,0.0,0.0,466356957.0,139561814.0,451194872.0,44572363.0,326795143.0,0.0,-468255037.0,1535803000.71,1244727026.71,2.1891115577360707,10.122749650944016,0.3064576776539864,1.0240528257966037,-0.23627884226195897,2.1891115577360707,-0.5003134954952649,0.0,-5.498784464919479,11.004464306475697,0.0,0.0,0.0,0.0,9.736855189840394,-0.14972363540831665,-28.40519145400098,0.0,0.01785714285714287,0.0,0.0,0.0,0.0,0.017801407800944163,-0.101951593440073,-1.7481948936727432,0.0,0.0,Biotechnology,Healthcare,APLS
2019Q2,2019,Q2,2019-07-31,2019-06-30,-71090164.0,0.0,-63476438.0,-1.12,0.0,0.0,316704010.0,159086038.0,308412717.0,35591073.0,157617972.0,0.0,-398430378.0,1608801002.43,1327915490.43,2.5146416121256894,8.665451502403426,0.026027636972452608,0.05181508763201457,-0.36455101785248734,2.5146416121256894,-0.44686614170377414,0.0,-5.657607578560375,10.11277307962123,0.0,0.0,0.0,0.0,8.123626084552157,-0.22446878396013994,-40.121710820555315,0.0,-0.2873563218390806,0.0,0.0,0.0,0.0,-0.4056560312460263,-0.304741917720594,-0.6766361246137149,0.0,0.895441337548085,Biotechnology,Healthcare,APLS
2019Q1,2019,Q1,2019-05-07,2019-03-31,-50574367.0,0.0,-48650570.0,-0.87,0.0,0.0,318353078.0,224754892.0,310527863.0,20386473.0,93598186.0,0.0,-327340214.0,1127841157.2,847396141.2,3.881952053451805,15.232054264609674,0.02450640668848818,0.034711991941870614,-0.2033452191296598,3.881952053451805,-0.2250200943345874,0.0,-5.575162004499236,5.018093920732102,0.0,0.0,0.0,0.0,14.139115971654341,-0.15886250360048348,-30.954377366418747,0.0,-0.381544471440141,-0.7462003692297361,0.0,0.0,0.0,-0.3871392384870939,-0.3079308448472914,-0.7462003692297361,0.0,0.0,Biotechnology,Healthcare,APLS
2018Q4,2018,Q4,2019-02-26,2018-12-31,-36459474.0,0.0,-37196592.0,-0.62973,0.0,0.0,203533559.0,160972655.0,202439221.0,17024607.0,42560904.0,0.0,-276765847.0,763666574.1,614443089.1,2.7803093541867776,11.890977630203153,0.1328733263097905,0.16800481423382127,-0.19783649587635865,2.7803093541867776,-0.22649482919940658,0.0,-5.236406963111974,4.74407640291452,0.0,0.0,0.0,0.0,10.353699559702024,-0.17913249382132604,-17.169448835669538,0.0,0.016046875000000002,-3.237130072675123,0.0,2.8037795646892874,0.0,-0.013548244244187477,-0.038878013961397846,-0.38677979974815707,0.0,0.43820063424066424,Biotechnology,Healthcare,APLS
2018Q3,2018,Q3,2018-11-13,2018-09-30,-35972115.0,0.0,-35804581.0,-0.64,0.0,0.0,239145771.0,195954850.0,238932792.0,16034440.0,43190921.0,0.0,-240306373.0,981274680.5400001,787540343.5400001,3.486660512953624,14.901224614018325,0.11251079576899564,0.13730959453159747,-0.1606585621621366,3.486660512953624,-0.18357348644343327,0.0,-6.8196899219020075,5.007657021706787,0.0,0.0,0.0,0.0,13.84551484180302,-0.15041919767002696,-29.61672740088508,0.0,-0.04918032786885251,0.0,0.0,0.0,0.0,-0.07913215516750015,-0.06925812715866196,0.0,0.0,0.0,Biotechnology,Healthcare,APLS
2018Q2,2018,Q2,2018-07-31,2018-06-30,-33334300.0,0.0,-33485442.0,-0.61,0.0,0.0,266817668.0,229552106.0,266701518.0,10254195.0,37265562.0,0.0,-204334259.0,1203220326.0,976142153.0,4.197191672109436,26.009015627262794,0.10029833181811633,0.11658079495031948,-0.1306425355174365,4.197191672109436,-0.1452145248451783,0.0,-9.023890752168187,5.241600031323607,0.0,0.0,0.0,0.0,24.949451029554247,-0.12493288113139495,-39.199385812818214,0.0,-0.41860465116279066,0.0,0.0,0.0,0.0,-0.5335771895718794,-0.5619561300662907,0.0,0.0,0.0,Biotechnology,Healthcare,APLS
2018Q1,2018,Q1,2018-04-30,2018-03-31,-21736304.0,0.0,-21438145.0,-0.43,0.0,0.0,163203007.0,129042105.0,163086857.0,7294859.0,34160902.0,0.0,-170999957.0,1113322783.32,987007849.3199999,2.5627077648063668,22.356409767481455,0.16308549388431304,0.20625859288330736,-0.1377258131068089,2.5627077648063668,-0.16844350144474163,0.0,-12.804876847048146,8.62759316674197,0.0,0.0,0.0,0.0,21.214877765286484,-0.13318568327604405,-48.54199678930889,0.0,-0.18604330437181082,0.13706923710618354,0.0,0.0,0.0,-0.19064569605348322,-0.19148372233492772,0.13706923710618354,0.0,0.0,Biotechnology,Healthcare,APLS
2017Q4,2017,Q4,2018-03-19,2017-12-31,-18255896.0,0.0,-17992814.0,-0.36255,0.0,0.0,182131456.0,148942860.0,182015306.0,6553958.0,33188596.0,0.0,-149263653.0,1092677720.3999999,943424537.3999999,2.9579262042762524,27.771814527953946,0.14489724388960026,0.1771843645274436,-0.10262068669411087,2.9579262042762524,-0.12256979622923851,0.0,-14.96335376253239,7.336220886318417,0.0,0.0,0.0,0.0,26.79961162399881,-0.10023472277078815,-70.34645646722896,0.0,-0.2074133280047957,-1.4394458525353835,0.0,3.0467796264261,0.0,-0.5774185919575214,-0.5525341911806897,-1.4394458525353835,0.0,3.0467796264261,Biotechnology,Healthcare,APLS
2017Q3,2017,Q3,2017-12-20,2017-09-30,-11573273.0,0.0,-11589319.0,-0.30027,0.0,0.0,19141283.0,12203339.0,19032933.0,6937944.0,6937944.0,0.0,-131007757.0,540757406.11,527621558.11,0.3166167383663575,2.743310265980815,0.0,0.0,-0.9496842626431995,0.3166167383663575,-0.9483693766107784,0.0,-11.681168458352273,44.31224979573213,0.0,0.0,0.0,0.0,1.893334394166341,-0.6046236817040948,-48.55124931539861,0.0,0.5519802571111403,0.0,0.0,0.0,0.0,0.045593936147262544,0.044763102577453126,0.0,0.0,0.0,Biotechnology,Healthcare,APLS
2017Q2,2017,Q2,2017-06-30,2017-06-30,-12126152.0,0.0,-12132403.0,-0.670216,0.0,0.0,56691679.0,24003470.0,56565519.0,6118369.0,32688209.0,0.0,-119434484.0,253843443.11999997,201657274.11999997,1.3266786802162882,9.245195737622232,0.0,0.0,-0.5054437129298389,1.3266786802162882,-0.5051832922489957,0.0,-5.233388199323247,10.575281120604645,0.0,0.0,0.0,0.0,8.52942491699994,-0.21389650498797186,-22.07823656913171,0.0,-0.3397915796249394,0.0,0.0,0.0,0.0,-0.33979186087199403,-0.3402278245340814,0.0,0.0,0.0,Biotechnology,Healthcare,APLS
2017Q1,2017,Q1,2017-03-31,2017-03-31,-9050773.0,0.0,-9052493.0,-0.500239,0.0,0.0,,,,,,,,253843443.11999997,,,0.0,0.0,0.0,0.0,,0.0,0.0,-7.011650914236828,0.0,0.0,0.0,0.0,0.0,0.0,0.0,-30.122813487679405,0.0,-0.3671841263767799,0.0,0.0,0.0,0.0,-0.36716518869346726,-0.35539736792931953,0.0,0.0,0.0,Biotechnology,Healthcare,APLS
2016Q4,2016,Q4,2016-12-31,2016-12-31,-6620102.0,0.0,-6678848.0,-0.36589,0.0,0.0,27433258.0,23794320.0,27368730.0,3638938.0,3638938.0,0.0,-98257559.0,253843443.11999997,228979955.11999997,1.315118899652593,7.521076204101306,0.0,0.0,-0.2806908539516994,1.315118899652593,-0.2782219454054581,0.0,-9.586085045215315,10.668236920407894,0.0,0.0,0.0,0.0,6.832622045223085,-0.24131665294730942,-38.78668910958985,0.0,0.08190328983190776,-1.46193615278942,0.0,0.7992323005719522,0.0,0.08189190040039714,0.07676808671693527,-1.46193615278942,0.0,0.7992323005719522,Biotechnology,Healthcare,APLS
2016Q3,2016,Q3,2016-09-30,2016-09-30,-7210591.0,0.0,-7234204.0,-0.398531,0.0,0.0,,,,,,,,253843443.11999997,,,0.0,0.0,0.0,0.0,,0.0,0.0,-8.801062323462807,0.0,0.0,0.0,0.0,0.0,0.0,0.0,-38.972745413348996,0.0,0.0,0.0,0.0,0.0,0.0,0.0,0.0,0.0,0.0,0.0,Biotechnology,Healthcare,APLS
2015Q4,2015,Q4,2015-12-31,2015-12-31,-8215844.0,0.0,-6964914.0,-0.45,0.0,0.0,38177109.0,34976949.0,38043838.0,3200160.0,3200160.0,0.0,-71132922.0,253843443.11999997,217839897.11999997,1.9331860159098837,11.888104969751513,0.0,0.0,-0.19912868901172598,1.9331860159098837,-0.23489310059605256,0.0,-7.724204692786279,7.257449559708595,0.0,0.0,0.0,0.0,11.250545597720114,-0.2152034089328241,-36.071028598662956,0.0,0.0,-2.055373371781588,0.0,1.644818444748908,0.0,0.7365821890397257,0.7799150420493857,-2.055373371781588,0.0,1.644818444748908,Biotechnology,Healthcare,APLS
2015Q3,2015,Q3,2015-09-30,2015-09-30,-31189402.0,0.0,-31646479.0,0.0,0.0,0.0,13742180.0,11085800.0,13571638.0,2656380.0,2656380.0,0.0,-62917078.0,0.0,-10032116.0,0.0,5.109072497157786,0.0,0.0,-2.814755677197213,0.0,-2.813455231016255,0.0,0.0,0.0,0.0,0.0,,0.0,4.3599680768564735,-2.269610935091812,0.0,0.0,0.0,0.0,0.0,0.0,0.0,0.0,0.0,0.0,0.0,0.0,Biotechnology,Healthcare,APLS
2014Q4,2014,Q4,2014-12-31,2014-12-31,-2688982.0,0.0,-2916672.0,-0.15,0.0,0.0,14306238.0,13224707.0,14247342.0,1081531.0,1081531.0,0.0,-24616966.0,253843443.11999997,240220448.11999997,0.7309333537612315,13.173308948148504,0.0,0.0,-0.20561410971509644,0.7309333537612315,-0.20333017585947272,0.0,-23.600329336529583,19.194636457352136,0.0,0.0,0.0,0.0,13.026760213068327,-0.18795870724365132,-98.37688218032208,0.0,0.0,0.0,0.0,0.0,0.0,-0.08866373223470274,-0.09297885408309298,0.0,0.0,0.0,Biotechnology,Healthcare,APLS
2014Q3,2014,Q3,2014-09-30,2014-09-30,-2469984.0,0.0,-2668553.0,0.0,0.0,0.0,,,,,,,,0.0,,0.0,0.0,0.0,0.0,0.0,0.0,0.0,0.0,0.0,0.0,0.0,0.0,,0.0,0.0,0.0,0.0,0.0,0.0,0.0,0.0,0.0,0.0,0.0,0.0,0.0,0.0,0.0,Biotechnology,Healthcare,APLS
2015Q2,2015,Q2,2015-06-30,2015-06-30,,,,,,,16817771.0,15546902.0,16710935.0,1270869.0,1270869.0,0.0,-31727676.0,0.0,-14865008.0,0.0,13.149219156341054,0.0,0.0,,0.0,,0.0,0.0,0.0,0.0,0.0,,,12.866171100247154,,0.0,0.0,0.0,0.0,0.0,0.0,0.0,0.0,0.0,0.0,0.0,0.0,Biotechnology,Healthcare,APLS
