Quarters,Year,Quarter,FillingDate,Date,NetIncome,Revenue,OperatingIncome,EPSDiluted,GrossProfit,GrossProfitRatio,TotalAssets,CommonStockEquity,CurrentAssets,CurrentLiability,TotalLiability,Inventory,RetainedEarnings,MarketCap,EnterpriseValue,bookValuePerShare,currentRatio,debtToAssets,debtToEquity,roic,shareholdersEquityPerShare,roe,priceToSalesRatio,peRatio,pbRatio,payoutRatio,inventoryTurnover,dividendYield,assetTurnover,quickRatio,returnOnAssets,priceToFreeCashFlowsRatio,grossProfitMargin,epsdilutedGrowth,fiveYNetIncomeGrowthPerShare,fiveYRevenueGrowthPerShare,fiveYShareholdersEquityGrowthPerShare,grossProfitGrowth,netIncomeGrowth,operatingIncomeGrowth,threeYNetIncomeGrowthPerShare,threeYRevenueGrowthPerShare,threeYShareholdersEquityGrowthPerShare,Industry,Sector,Symbol
2023Q1,2023,Q1,2023-05-17,2023-04-03,-13380000.0,45726000.0,-6082000.0,-0.57,9609000.0,0.2101430258,271221000.0,74468000.0,17024000.0,36703000.0,196753000.0,1450000.0,-236302000.0,30638441.6,142900441.6,3.1597037885895607,0.4638312944445958,0.4471925109043916,1.628726432830209,-0.03576294577670898,3.1597037885895607,-0.17967449105656122,0.6700442111708875,-0.5724671449925262,0.41143097169253906,0.0,24.908275862068965,0.0,0.1685931399117325,0.299621284363676,-0.04933246319422169,-11.088831559898662,0.21014302584962602,0.516949152542373,-69.04677219593262,0.0,-0.9271872299590913,-0.4371485473289597,0.48855166086923285,-0.7113111986494092,-140.325939066646,0.0,-0.7274684276951654,Restaurants,Consumer Cyclical,BFI
2022Q4,2022,Q4,2023-04-03,2023-01-02,-26161000.0,45235000.0,-3554000.0,-1.18,17072000.0,0.3774068752,276780000.0,78947000.0,18459000.0,40203000.0,197833000.0,1320000.0,-227151000.0,28825802.2,135594802.2,3.5603900730297804,0.4591448399373181,0.42880988510730544,1.5033630156940732,-0.014508253049323919,3.5603900730297804,-0.33137421307966103,0.6372455443793522,-0.2754654084323994,0.3651285317998151,0.0,21.33560606060606,0.0,0.16343305152106366,0.34034773524363854,-0.09451911265264831,-18.221113906447535,0.377406875207251,-8.833333333333334,-11.747187241390542,0.0,-0.8854289908974354,1.4734859461025789,-9.038756715272449,-0.9602868174296746,-30.005243966198094,0.0,-0.8488491414195095,Restaurants,Consumer Cyclical,BFI
2022Q3,2022,Q3,2022-11-16,2022-10-03,-2606000.0,43255000.0,-1813000.0,-0.12,6902000.0,0.1595653682,301707000.0,104215000.0,22107000.0,37911000.0,197492000.0,1317000.0,-200988000.0,55188015.36,160703015.36,4.683139959175368,0.5831289071773363,0.3965966981210247,1.1481648515088998,-0.005160986024412531,4.683139959175368,-0.025005997217291177,1.2758759764189112,-5.294322271680737,0.5295592319723649,0.0,27.602885345482157,0.0,0.14336757184950963,0.40890506713091185,-0.00863751918251814,-34.51408090056285,0.15956536816553,0.9558823529411764,-2.5944527564406967,0.0,-0.8497357510505953,-0.13595393089634453,0.9568378687248456,0.6451360344490116,-2.321788317799504,0.0,-0.8129932226763106,Restaurants,Consumer Cyclical,BFI
2022Q2,2022,Q2,2022-08-12,2022-06-30,-60377000.0,45298000.0,-5109000.0,-2.72,7988000.0,0.1763433264,306827000.0,106537000.0,21515000.0,38328000.0,200290000.0,1352000.0,-197656000.0,71753248.44,177657248.44,4.7958039180309475,0.5613389689000209,0.39648075299761754,1.1418662061067986,-0.0180544435280111,4.7958039180309475,-0.5667232980091423,1.5840268541657467,-0.29710505838315915,0.673505434168411,0.0,27.596153846153847,0.0,0.14763368282452327,0.44703610937173865,-0.1967786407323997,43.12094257211538,0.1763433264161773,-3.3870967741935485,-34.303904928847444,0.0,-0.8460455292831688,0.02370882993720364,-3.452581120943953,0.5369766177270255,-37.329843755069554,0.0,-0.8461038343125046,Restaurants,Consumer Cyclical,BFI
2022Q1,2022,Q1,2022-05-16,2022-03-31,-13560000.0,44933000.0,-11034000.0,-0.62,7803000.0,0.1736585583,368267000.0,166106000.0,18830000.0,35177000.0,202161000.0,1436000.0,-137279000.0,91582228.05,203474228.05,7.563279849686951,0.535292947096114,0.34001145907724556,0.7538258702274451,-0.03147275024925479,7.563279849686951,-0.08163461885783777,2.038195269623662,-1.6884629065265486,0.551348103319567,0.0,25.856545961002787,0.0,0.12201201845400213,0.41873951729823466,-0.0368211107701749,78.40944182363013,0.17365855829791021,0.8872727272727272,-75.00469523575792,0.0,-0.8257104484163943,0.13514693046261275,0.8843565842550978,-1.3317836010143702,-7.153385934376704,0.0,-0.7574019447243715,Restaurants,Consumer Cyclical,BFI
2021Q4,2021,Q4,2022-04-14,2021-12-31,-117257000.0,35065000.0,-4732000.0,-5.5,6874000.0,0.1960359333,317719000.0,173275000.0,21223000.0,24330000.0,144444000.0,1387000.0,-123719000.0,120790845.0,174753845.0,8.133640012204568,0.8722975750102754,0.2167072161249406,0.39735680277016305,-0.019473875804114374,8.133640012204568,-0.6767104313951811,3.444769570797091,-0.25753440093128765,0.6971048622132447,0.0,20.325162220620044,0.0,0.11036481922705284,0.6813810110974106,-0.36905882241855226,-13.257693447481067,0.19603593326679025,-18.64285714285714,-51.137923412952325,0.0,-0.7382648179663434,1.3565306822077476,-22.367277799920288,0.3895768833849329,-51.137923412952325,0.0,-0.7382648179663434,Restaurants,Consumer Cyclical,BFI
2021Q3,2021,Q3,2021-11-12,2021-09-30,-5018000.0,11115000.0,-7752000.0,-0.28,2917000.0,0.2624381466,281931000.0,261623000.0,31483000.0,10379000.0,20308000.0,398000.0,-6462000.0,154951379.54,127333379.53999999,14.621716739315195,3.033336544946527,0.002401296771195789,0.002587692978063855,-0.029501034482418653,14.621716739315195,-0.019180270847746567,13.94074489788574,-7.71977777700279,0.5922697145893137,0.0,20.597989949748744,0.0,0.03942454004703278,2.77926582522401,-0.017798681237607784,-24.00114305142503,0.262438146648673,-0.47368421052631593,-4.818417764104722,0.0,-0.5308444113698841,-0.06924058710912571,-1.5581136692247803,-0.3609550561797753,-4.818417764104722,0.0,-0.5308444113698841,Restaurants,Consumer Cyclical,BFI
2021Q2,2021,Q2,2021-08-12,2021-06-30,8991000.0,11782000.0,-5696000.0,-0.19,3134000.0,0.2659989815,286018000.0,262973000.0,37915000.0,10450000.0,23045000.0,263000.0,-1444000.0,178881400.0,144818400.0,14.700969469156659,3.6282296650717702,0.0024264207147801885,0.002639054199480555,-0.021538327161853516,14.700969469156659,0.03418982176877474,15.182600577151588,4.973901679457235,0.6802272476642088,0.0,32.88212927756654,0.0,0.04119321161605213,3.3773205741626793,0.031435084505171004,-89.21765586034913,0.26599898149719914,0.5869565217391305,5.158933084116235,0.0,-0.5280707859762621,0.05949966193373901,2.095127892813642,-1.1437711704930373,5.158933084116235,0.0,-0.5280707859762621,Restaurants,Consumer Cyclical,BFI
2021Q1,2021,Q1,2021-05-19,2021-03-31,-8210000.0,11035000.0,-2657000.0,-0.46,2958000.0,0.2680561849,284521000.0,251387000.0,39897000.0,7034000.0,33134000.0,232000.0,-10435000.0,274518917.76,242700917.76,14.111499861684432,5.67202160932613,0.009967629805884276,0.011281410733251918,-0.011445436528628726,14.111499861684432,-0.032658808928067086,24.8771108074309,-8.359284950060902,1.092017159837223,0.0,34.814655172413794,0.0,0.038784483394898796,5.025447824850725,-0.02885551505864242,-490.2123531428571,0.26805618486633437,-8.076923076923077,-56.23931096578896,0.0,-0.6748121143280328,-0.9084068741291221,-8.04032105922102,-2.5810356646419255,-56.23931096578896,0.0,-0.6748121143280328,Restaurants,Consumer Cyclical,BFI
2020Q4,2020,Q4,2021-04-29,2020-12-31,1166140.0,32295000.0,1680544.0,0.065,32295000.0,1.0,289116000.0,259075000.0,44421000.0,9158000.0,30041000.0,268000.0,-2225000.0,243878259.84,213130259.84,14.543062396487862,4.85051321249181,0.020656068844339296,0.023051239988420343,0.0062088765078875206,14.543062396487862,0.0045011676155553414,7.551579496516489,52.283229252062355,0.9413423133841552,0.0,0.0,0.0,0.11170256921097414,4.088010482638131,0.004033467535522074,72.16928115178118,1.0,1.7701421800947867,-0.4037071833996923,0.0,-0.5320138243197379,0.0,4.395558350876886,5.642668891479593,-0.4037071833996923,0.0,-0.5320138243197379,Restaurants,Consumer Cyclical,BFI
2020Q3,2020,Q3,2020-11-13,2020-09-30,-343431.0,0.0,-361978.0,-0.0844,0.0,0.0,48724086.0,45232638.0,245160.0,725718.0,3491448.0,0.0,1631159.0,49935034.949999996,52689802.949999996,11.114530485774697,0.33781716865228645,0.05676309659251484,0.061144565567898115,-0.007376591119514731,11.114530485774697,-0.007592548548682922,0.0,-36.3501219677315,1.1039602631621883,0.0,0.0,0.0,0.0,0.015105040800972278,-0.007048485219404629,-1351.7144429105083,0.0,-0.7731092436974789,-2.1489709250764073,0.0,-0.6433767535394607,0.0,-0.7900363291409748,-0.668301271120042,-2.1489709250764073,0.0,-0.6433767535394607,Restaurants,Consumer Cyclical,BFI
2020Q2,2020,Q2,2020-08-12,2020-06-30,-191857.0,0.0,-216974.0,-0.0476,0.0,0.0,48745135.0,45581365.0,269021.0,417307.0,3163770.0,0.0,1974590.0,64485159.57,67213424.57,11.302538928492877,0.6446596869930291,0.05634332533903127,0.06025407532222872,-0.0042234208345883935,11.302538928492877,-0.004209110455555686,0.0,-84.02763460546136,1.4147263814938407,0.0,0.0,0.0,0.0,0.04360818294445097,-0.0039359209898587825,-150.7116854612722,0.0,-10.9,-1.5829469135908096,0.0,-0.6371669008504963,0.0,-11.103015392379511,0.3685126545437612,-1.5829469135908096,0.0,-0.6371669008504963,Restaurants,Consumer Cyclical,BFI
2020Q1,2020,Q1,2020-05-15,2020-03-31,-15852.0,0.0,-343592.0,-0.004,0.0,0.0,48524165.0,45751222.0,113409.0,542995.0,2772943.0,0.0,2166447.0,41671301.760000005,43870943.760000005,11.593899972276748,0.20885827677971253,0.04550202976187225,0.04825986943037281,-0.005347389662977989,11.593899972276748,-0.00034648254859728116,0.0,-657.1931264193793,0.910823797449607,0.0,0.0,0.0,0.0,0.01529664177386532,-0.0003266825920652112,-190.7677245925655,0.0,-1.097560975609756,-1.4814882012837243,0.0,-0.732828129140702,0.0,-1.0987577407578155,-0.280268281322776,-1.4814882012837243,0.0,-0.732828129140702,Restaurants,Consumer Cyclical,BFI
2019Q4,2019,Q4,2020-03-30,2019-12-31,160514.0,0.0,-268375.0,0.041,0.0,0.0,94688739.0,92952294.0,95185.0,385746.0,1736445.0,0.0,2182299.0,41552917.379999995,42885754.379999995,23.555209057140814,0.24675563712909532,0.014264621266104303,0.014531099146407296,-0.0034144348391785873,23.555209057140814,0.0017268428039011066,0.0,64.71852514422417,0.4470348776975854,0.0,0.0,0.0,0.0,0.046305081582181024,0.0016951751781170091,-174.7587715173716,0.0,3.05,-0.6294743373331038,0.0,-0.2420088765717892,0.0,-0.5232729432729433,-0.7047367384662292,-0.6294743373331038,0.0,-0.2420088765717892,Restaurants,Consumer Cyclical,BFI
2019Q3,2019,Q3,2019-11-19,2019-09-30,336700.0,0.0,-157429.0,-0.02,0.0,0.0,95792609.0,95170752.0,111652.0,314922.0,621857.0,0.0,2021785.0,39390638.115,39683395.115,25.042621589426872,0.3545385841573469,0.003204161607081816,0.003225097979681825,-0.0012310355861490018,25.042621589426872,0.0035378516290382996,0.0,29.24757804796555,0.4138943665696789,0.0,0.0,0.0,0.0,0.04502067178539448,0.0035148849531804693,-79.49690739032773,0.0,0.5,0.20628449727496528,0.0,-0.19647698816116788,0.0,0.1842748558786391,0.3254016206233101,0.20628449727496528,0.0,-0.19647698816116788,Restaurants,Consumer Cyclical,BFI
2019Q2,2019,Q2,2019-08-14,2019-06-30,284309.0,0.0,-233367.0,-0.04,0.0,0.0,118918725.0,118428239.0,272370.0,490486.0,490486.0,0.0,1685085.0,39143429.900000006,38931267.900000006,31.162595225207895,0.5553063696007633,0.0,0.0,-0.0011507723487046546,31.162595225207895,0.002400685870200265,0.0,34.419794923832875,0.33052446131534563,0.0,0.0,0.0,0.0,0.43255464987787623,0.0023907841258809324,-142.49052597475875,0.0,-0.3333333333333334,-0.0832907195148579,0.0,0.000378859532174045,0.0,-0.25229262494049826,-0.28825282914711564,-0.0832907195148579,0.0,0.000378859532174045,Restaurants,Consumer Cyclical,BFI
2019Q1,2019,Q1,2019-05-15,2019-03-31,380241.0,0.0,-181150.0,-0.03,0.0,0.0,118505121.0,118143930.0,238902.0,360821.0,361191.0,0.0,1400776.0,38539804.86,38403402.86,31.17617674673405,0.6621066955637283,0.0,0.0,-0.0011516281011684111,31.17617674673405,0.0032184556582805397,0.0,25.339064474898816,0.326210621739094,0.0,0.0,0.0,0.0,0.3780323207352122,0.0032086461478740653,-167.17477903667972,0.0,-1.272727272727273,11.026662397741202,0.0,-0.2815706977305068,0.0,-0.08599428868120457,-0.2650316345200352,11.026662397741202,0.0,-0.2815706977305068,Restaurants,Consumer Cyclical,BFI
2018Q4,2018,Q4,2019-04-01,2018-12-31,416016.0,0.0,-143198.0,0.11,0.0,0.0,118034842.0,117763689.0,294733.0,271153.0,271153.0,0.0,1020535.0,37630310.94,37424672.94,31.07583760427997,1.086961973498357,0.0,0.0,-0.0009513088835004703,31.07583760427997,0.0035326339004206975,0.0,22.61349980529595,0.31954086407738125,0.0,0.0,0.0,0.0,0.758383643183,0.0035245186332354306,-124.16990625464024,0.0,3.75,0.0,0.0,0.0,0.0,0.5043447131187555,0.30002883999667607,0.0,0.0,0.0,Restaurants,Consumer Cyclical,BFI
2018Q3,2018,Q3,2018-11-08,2018-09-30,276543.0,0.0,-204577.0,-0.04,0.0,0.0,117732951.0,117347673.0,512797.0,385278.0,385278.0,0.0,604519.0,37087643.55,36733951.55,31.16602912481346,1.3309791890530993,0.0,0.0,-0.001377237084315724,31.16602912481346,0.0023566125593304267,0.0,33.52791749384363,0.3160492458167449,0.0,0.0,0.0,0.0,0.918017639211167,0.00234890060642411,-139.60620024166317,0.0,-1.4901960784313726,0.0,0.0,0.0,0.0,-0.098336175387916,-0.5007886261765202,0.0,0.0,0.0,Restaurants,Consumer Cyclical,BFI
2018Q2,2018,Q2,2018-08-14,2018-06-30,306703.0,0.0,-136313.0,0.0816,0.0,0.0,117314752.0,117071130.0,542333.0,243622.0,243622.0,0.0,327976.0,36454607.9,35942153.9,31.15079345017451,2.2261248984081896,0.0,0.0,-0.0009198463281911965,31.15079345017451,0.0026198004580634013,0.0,29.71490978242795,0.31138853703726954,0.0,0.0,0.0,0.0,2.1034799812824785,0.0026143600422903336,-982.1539429371985,0.0,9.16,0.0,0.0,0.0,0.0,12.662212125261703,-0.9625241152926949,0.0,0.0,0.0,Restaurants,Consumer Cyclical,BFI
2018Q1,2018,Q1,2018-05-15,2018-03-31,22449.0,0.0,-69458.0,-0.01,0.0,0.0,116840346.0,116764427.0,592471.0,75919.0,75919.0,0.0,21273.0,26075961.340000004,25516390.340000004,43.39491255193739,7.803988461386478,0.0,0.0,-0.00046992710353742405,43.39491255193739,0.00019225889748082265,0.0,290.3911236580694,0.22332110909087063,0.0,0.0,0.0,0.0,7.370631857637745,0.00019213397399559225,-600.2062686154909,0.0,0.0,0.0,0.0,0.0,0.0,0.0,0.0,0.0,0.0,0.0,Restaurants,Consumer Cyclical,BFI
