Year,Date,FillingDate,NetIncome,Revenue,OperatingIncome,EPSDiluted,GrossProfit,GrossProfitRatio,TotalAssets,CommonStockEquity,CurrentAssets,CurrentLiability,TotalLiability,Inventory,RetainedEarnings,EnterpriseValue,bookValuePerShare,currentRatio,debtToAssets,debtToEquity,roic,shareholdersEquityPerShare,roe,priceToSalesRatio,peRatio,pbRatio,payoutRatio,inventoryTurnover,dividendYield,assetTurnover,quickRatio,returnOnAssets,priceToFreeCashFlowsRatio,grossProfitMargin,epsdilutedGrowth,fiveYNetIncomeGrowthPerShare,fiveYRevenueGrowthPerShare,fiveYShareholdersEquityGrowthPerShare,grossProfitGrowth,netIncomeGrowth,operatingIncomeGrowth,threeYNetIncomeGrowthPerShare,threeYRevenueGrowthPerShare,threeYShareholdersEquityGrowthPerShare,Industry,Sector,Price,MarketCap,AvgVolume,Symbol
2022,2022-12-31,2023-02-28,373028000.0,7444550000.0,392954000.0,2.38,3515357000.0,0.4722054389,6893487000.0,3569988000.0,3646273000.0,1613040000.0,3021901000.0,1818016000.0,3250931000.0,7554492650.0,22.939387124342176,2.2604975698060805,0.23814841458321456,0.4598539266798656,0.04957116783393086,22.939387124342176,0.10448998708118906,0.8769573244856976,17.501508331814232,1.8287323794925923,0.0,2.161253256296974,0.0,1.0799396589853583,1.024290780141844,0.05411310705307778,-54.10387802796125,0.47220543887810545,-0.4968287526427062,1.0820666692914926,0.7880432213043045,0.9521124166737652,0.1342744542806365,-0.49692988430255847,-0.14316303613091733,0.0609154185403684,0.40566382833791165,0.5201847653017154,Footwear & Accessories,Consumer Cyclical,51.95,8038431300,1919768,SKX
2021,2021-12-31,2022-02-25,741503000.0,6285029000.0,458610000.0,4.73,3099212000.0,0.4931102148,6491280000.0,3259344000.0,3372240000.0,1445582000.0,2949208000.0,1470994000.0,2877903000.0,7616122600.0,20.95515594159664,2.3327905300425713,0.2560377922382026,0.5099225488319122,0.10518185662228666,20.95515594159664,0.22750068725485864,1.0740431905723904,9.103661886735456,2.071089335768179,0.0,2.165757984057039,0.0,0.9682264514856854,1.1813228166925156,0.11423062939820806,-69.21917721129591,0.4931102147659144,4.031914893617022,2.0184513807041804,0.7482812923015045,1.0145728083420662,0.41530682748640163,4.07090345832165,15.236281243361892,1.4675003677784617,0.35633119207353814,0.6045184338152828,Footwear & Accessories,Consumer Cyclical,51.95,8038431300,1919768,SKX
2020,2020-12-31,2021-02-26,146227000.0,4597414000.0,28246000.0,0.94,2189781000.0,0.4763071153,5812369000.0,2481435000.0,3344351000.0,1212706000.0,3086706000.0,1016774000.0,2136400000.0,6174947960.0,16.093985108701293,2.7577590941250394,0.3448509549204464,0.8077588169748553,0.004638170678866732,16.093985108701293,0.05892840231559561,1.2053238973040061,37.895689304984714,2.233132425390953,0.0,2.367913616988633,0.0,0.7909707728466654,1.7816478190097187,0.025157900332893526,257.2954896225101,0.4763071152608836,-0.5822222222222222,-0.37493963750403864,0.4480711766742451,0.8529669120622153,-0.12097832452952584,-0.5780615189289012,-0.9314415811688863,-0.17619123678413032,0.11454809192871103,0.3695774867114901,Footwear & Accessories,Consumer Cyclical,51.95,8038431300,1919768,SKX
2019,2019-12-31,2020-02-28,346560000.0,5220051000.0,411999000.0,2.25,2491157000.0,0.4772284792,4892943000.0,2314665000.0,2819591000.0,1238231000.0,2356836000.0,1069863000.0,2037836000.0,7078470480.0,15.089867789715239,2.2771122674202147,0.26126321111854356,0.5522812156402762,0.07181562443349879,15.089867789715239,0.14972361011204646,1.2691447803862452,19.11646029547553,2.8621854480021947,0.09194078947368421,2.5506948085876417,0.004809509085499719,1.0668530166813714,1.321359261720955,0.07082853816200188,34.78767954379572,0.4772284791853566,0.17187500000000006,1.4713552411198771,1.1733201303854233,1.1308835770343169,0.1203235286842762,0.15120531754810806,-0.05885806311605542,0.43049485392678705,0.4723645856720193,0.45069964715905,Footwear & Accessories,Consumer Cyclical,51.95,8038431300,1919768,SKX
2018,2018-12-31,2019-03-01,301041000.0,4642068000.0,437765000.0,1.92,2223605000.0,0.47901172494672634,3228255000.0,2034958000.0,2472140000.0,850222000.0,1038980000.0,863260000.0,1691276000.0,2791375350.0,13.060090491929532,2.9076405926922617,0.030049361032508274,0.0476702713274672,0.17651727632526454,13.060090491929532,0.1479347485304365,0.7683225127249321,11.847573420231797,1.7526677946178741,0.0,2.801546463406158,0.0,1.437949604352816,1.7993676945550692,0.09325192712471599,8.381836053168389,0.47901172494672634,0.6842105263157896,4.327994693655552,1.4379144562169877,1.1210247767279944,0.14684491995158053,0.6800100452034153,0.14334778520685332,0.2733567116421818,0.4468311068780365,0.5036621064723092,Footwear & Accessories,Consumer Cyclical,51.95,8038431300,1919768,SKX
2017,2017-12-31,2018-03-01,179190000.0,4164160000.0,382880000.0,1.14,1938889000.0,0.46561347306539613,2735082000.0,1829064000.0,2105024000.0,597348000.0,786871000.0,873016000.0,1390235000.0,5234317840.000001,11.751058457703452,3.5239491887475975,0.02958412215794627,0.04423847388609693,0.12265038866082614,11.751058457703452,0.09796814108199604,1.4144110312764162,32.86921055862493,3.2201354572612004,0.0,2.54894641106234,0.0,1.5224991426216838,1.9577114178000095,0.0655154031944929,254.45344277876185,0.46561347306539613,-0.27388535031847144,16.97101455608682,1.5459163058229357,0.9919151420793397,0.1861579252610431,-0.2640856205311857,0.03336410106931377,0.25927710128842063,0.7085479021323414,0.6594007203533642,Footwear & Accessories,Consumer Cyclical,51.95,8038431300,1919768,SKX
2016,2016-12-31,2017-03-01,243493000.0,3563311000.0,370518000.0,1.57,1634596000.0,0.4587295355359103,2393670000.0,1603633000.0,1827766000.0,621730000.0,708156000.0,700515000.0,1211045000.0,3145966019.9999995,10.401786351341709,2.9398066684895374,0.03134433735644429,0.046786265934911545,0.17520976995411938,10.401786351341709,0.15183835703056747,1.063469907622433,15.562969038124299,2.3630556492663843,0.0,2.7532815143144687,0.0,1.4886392025634276,1.712272208193267,0.1017237129595976,15.649218958418505,0.4587295355359103,0.04666666666666671,4.404638481085797,1.0837719176526446,0.7748631076119274,0.14788400065168172,0.04993704508606713,0.05613641027979842,3.3554880327572865,0.8913543461997114,0.6893027339328399,Footwear & Accessories,Consumer Cyclical,51.95,8038431300,1919768,SKX
2015,2015-12-31,2016-02-26,231912000.0,3147323000.0,350824000.0,1.5,1424008000.0,0.4524505428899417,2047408000.0,1327556000.0,1570467000.0,577013000.0,671674000.0,620247000.0,967552000.0,4194170870.0,8.685522123430621,2.7217185747981416,0.04134691277947532,0.06376680155112101,0.19445395851894745,8.685522123430621,0.17469093582492942,1.4671223353942382,19.91060346165787,3.4782019515560925,0.0,2.778433430552667,0.0,1.537223162164063,1.5087736324831502,0.11327102365527535,40.499126167609525,0.4524505428899417,0.6544111564664866,0.5858309309864623,0.4567332255658934,0.36086438014634825,0.3284834010476675,0.6707033304277038,0.6780136891295302,22.68519932389719,0.9595350053041447,0.4722778460169204,Footwear & Accessories,Consumer Cyclical,51.95,8038431300,1919768,SKX
2014,2014-12-31,2015-02-27,138811000.0,2377561000.0,209071000.0,0.906667,1071905000.0,0.450842270713559,1674918000.0,1075249000.0,1285014000.0,505737000.0,540811000.0,453837000.0,735640000.0,2447986311.2999997,7.081507386112922,2.5408740115910047,0.07062912930662875,0.11001916765325985,0.13930315712182118,7.081507386112922,0.12909660925050848,1.176152078243208,20.14518526125451,2.6006751099512764,0.0,2.876927178700723,0.0,1.4195088953608475,1.4934600395067001,0.08287629603359686,26.13994887966572,0.450842270713559,1.5185194444444445,1.323527502254705,0.513726496852035,0.31983290657679597,0.3091297912046039,1.5336022486675915,1.2334497751284599,2.970707304898585,0.4116981356195894,0.20832189600510131,Footwear & Accessories,Consumer Cyclical,51.95,8038431300,1919768,SKX
2013,2013-12-31,2014-02-28,54788000.0,1846361000.0,93609000.0,0.36,818792000.0,0.4434625731371059,1408570000.0,930322000.0,1014928000.0,310422000.0,428650000.0,358168000.0,596829000.0,1425113153.7,6.157443625942325,3.2695105372686215,0.09130039685638626,0.13823493371112366,0.06544709510950648,6.157443625942325,0.058891437588275884,0.9036808910608489,30.454135097101556,1.7934877963758786,0.0,2.868958142547631,0.0,1.3108052847923781,1.9603990696535685,0.038896185493088736,28.969392904021113,0.4434625731371059,4.684240443370755,-0.09604698368435667,0.17130208861020535,0.2715848119200494,0.1982450543371685,4.759882253994954,3.194139522380035,-0.6209965332912307,-0.13547132886605198,-0.03523984117210917,Footwear & Accessories,Consumer Cyclical,51.95,8038431300,1919768,SKX
2012,2012-12-31,2013-03-01,9512000.0,1560321000.0,22319000.0,0.063333,683326000.0,0.43793937273163663,1340220000.0,875969000.0,940312000.0,292541000.0,421131000.0,339012000.0,542041000.0,732446449.5,5.899377041451999,3.2142913301041562,0.10640790318007491,0.16280256493095074,0.02199349570494211,5.899377041451999,0.010858831762311224,0.5868423545539668,96.26392446383515,1.0453137605326215,0.0,2.58691432751643,0.0,1.1642275148856158,1.8698712317247839,0.007097342227395502,-16.380658857940215,0.43793937273163663,1.1366900263957025,-0.8850712455825506,0.023451355328783424,0.27828324147205286,0.08240061079729957,1.1409519293462154,1.1668173970237605,-0.8371842074540973,0.015852023369127062,0.09951053117320738,Footwear & Accessories,Consumer Cyclical,51.95,8038431300,1919768,SKX
2011,2011-12-31,2012-02-29,-67484000.0,1613574000.0,-133793000.0,-0.463333,631306000.0,0.3912470081942322,1281888000.0,852561000.0,887351000.0,308466000.0,389361000.0,226407000.0,532529000.0,373569920.0,5.860613309686333,2.876657394980322,0.10687595172121121,0.16069583290814382,-0.06972372938682976,5.860613309686333,-0.0791544534643269,0.3642292947209115,-8.708892774583605,0.6893476478515908,0.0,4.338505434902631,0.0,1.2587480341496293,1.7304921774198778,-0.05264422476846651,13.773075859483022,0.3912470081942322,-1.499999460431849,-1.805263274970671,0.13403890024414455,0.6082505226065654,-0.311157763340804,-1.495666480594647,-1.6800498119345328,-2.1564095767025493,0.06314288873865125,0.21028584683033152,Footwear & Accessories,Consumer Cyclical,51.95,8038431300,1919768,SKX
2010,2010-12-31,2011-03-01,136148000.0,2011436000.0,196740000.0,0.926667,916474000.0,0.4556316979511155,1304794000.0,908203000.0,973364000.0,307310000.0,358960000.0,398588000.0,600013000.0,797086743.3,6.382356868284387,3.1673684553057173,0.06282984133893933,0.09026616296136436,0.1378533582996297,6.382356868284387,0.14990921633159107,0.47163555952066083,6.967893346211476,1.04455143101267,0.0,2.747102271016689,0.0,1.541573612386323,1.657170284077967,0.1043444405783595,-7.3149206432311145,0.4556316979511155,1.396550520215069,1.5473894214515642,0.6720878784206865,1.2100184510490726,0.4718572587185726,1.4890400190131448,1.7105894023311565,0.7165199664325099,0.37670283192288323,0.382935819917346,Footwear & Accessories,Consumer Cyclical,51.95,8038431300,1919768,SKX
2009,2009-12-31,2010-03-05,54699000.0,1438095000.0,72582000.0,0.386667,622665000.0,0.43297904519520614,995552000.0,745922000.0,789009000.0,230541000.0,246182000.0,224050000.0,463865000.0,1115385175.9,5.365457514224265,3.4224237771155672,0.018257208061457364,0.024367159032713876,0.06796938855670873,5.365457514224265,0.07333072358772097,0.9477010739207077,24.916071151209344,1.8271135264813212,0.0,3.6395001115822363,0.0,1.4445202259650927,2.289293444549993,0.05494338819067211,18.107086356751875,0.43297904519520614,-0.025210062848686706,0.9363434531582678,0.3028577760568752,1.1089935139754536,0.04487667849148043,-0.012582135894288396,0.2537483590133352,-0.31701337005422753,0.057602284510473604,0.4723714729672775,Footwear & Accessories,Consumer Cyclical,51.95,8038431300,1919768,SKX
2008,2008-12-31,2009-03-02,55396000.0,1440743000.0,57892000.0,0.396667,595922000.0,0.4136213051182619,876316000.0,668693000.0,602007000.0,188236000.0,204424000.0,261209000.0,409166000.0,491931816.9,4.842338134445627,3.1981501944367707,0.019125520930805783,0.025063818523597525,0.07436637886390195,4.842338134445627,0.08284220112966638,0.40958923062614216,10.652625043324427,0.8824869063980033,0.0,3.2342721728577497,0.0,1.6440907161343625,1.582168129369515,0.06321463946795448,-6.258487823735284,0.4136213051182619,-0.2699375889187662,4.837409816020883,0.4184474259219765,1.150180419716756,-0.006778457605056093,-0.26808128319636393,-0.48736385371469054,0.06805265800481093,0.2341546434578974,0.6767562272367957,Footwear & Accessories,Consumer Cyclical,51.95,8038431300,1919768,SKX
TTM,,,,,,,,,,,,,,,,8979728300.0,23.945152765244295,2.4096554178820537,0.24151380564984937,0.45798256780689184,0.05828240775929375,23.945152765244295,0.11645584102323443,1.053960083829779,19.550180959034368,2.1695413894123887,0.0,2.6341280761419394,0.0,1.0826766126228642,1.2893864966521242,0.058520788856963143,30.06133597106967,0.48116281826234675,,,,,,,,,,,Footwear & Accessories,Consumer Cyclical,51.95,8038431300,1919768,SKX
