Year,Date,FillingDate,NetIncome,Revenue,OperatingIncome,EPSDiluted,GrossProfit,GrossProfitRatio,TotalAssets,CommonStockEquity,CurrentAssets,CurrentLiability,TotalLiability,Inventory,RetainedEarnings,EnterpriseValue,bookValuePerShare,currentRatio,debtToAssets,debtToEquity,roic,shareholdersEquityPerShare,roe,priceToSalesRatio,peRatio,pbRatio,payoutRatio,inventoryTurnover,dividendYield,assetTurnover,quickRatio,returnOnAssets,priceToFreeCashFlowsRatio,grossProfitMargin,epsdilutedGrowth,fiveYNetIncomeGrowthPerShare,fiveYRevenueGrowthPerShare,fiveYShareholdersEquityGrowthPerShare,grossProfitGrowth,netIncomeGrowth,operatingIncomeGrowth,threeYNetIncomeGrowthPerShare,threeYRevenueGrowthPerShare,threeYShareholdersEquityGrowthPerShare,Industry,Sector,Price,MarketCap,AvgVolume,Symbol
2023,2023-03-31,2023-05-19,793000000.0,30346000000.0,1184000000.0,1.72,2265000000.0,0.0746391617,21395000000.0,5351000000.0,16021000000.0,10855000000.0,15689000000.0,7530000000.0,-560000000.0,11499540000.0,11.786343612334802,1.4759097190234916,0.20317831268988082,0.812371519342179,0.12306161693646732,11.786343612334802,0.1481965987665857,0.3442476767943057,13.173442622950821,1.9522593907680807,0.027742749054224466,3.7292164674634796,0.0021059604424048537,1.4183687777518112,0.6977429755872869,0.03706473475111007,33.16361904761905,0.0746391616687537,-0.11340206185567009,1.1833700440528632,0.40735766920075966,1.091571486580034,0.17236024844720496,-0.1527777777777778,0.21810699588477367,9.151614906979137,0.4053060810751834,1.1190126067642456,Electronic Components,Technology,27.875,12362952304,4359555,FLEX
2022,2022-03-31,2022-05-20,936000000.0,26041000000.0,972000000.0,1.94,1932000000.0,0.0741906993,19325000000.0,4129000000.0,14337000000.0,10711000000.0,15118000000.0,6580000000.0,-1353000000.0,10327393787.6,8.965166759744596,1.3385304826813555,0.2456921086675291,1.1499152337127634,0.09273811287968446,8.965166759744596,0.22668927100992978,0.32807472015667605,9.127557465384616,2.0691193479292807,0.0,3.663981762917933,0.0,1.347529107373868,0.6399029035570909,0.0484346701164295,14.70463646746988,0.07419069928190161,0.6033057851239669,2.444588332380041,0.28337372492502194,0.8361798541748183,0.14522821576763487,0.5269168026101142,0.18392204628501826,10.290595088574399,0.11934865010246,0.5650444795371645,Electronic Components,Technology,27.875,12362952304,4359555,FLEX
2021,2021-03-31,2021-05-19,613000000.0,24124000000.0,821000000.0,1.21,1687000000.0,0.0699303598,15836000000.0,3436000000.0,11363000000.0,7834000000.0,12400000000.0,3895000000.0,-2289000000.0,10844690000.0,6.885771543086173,1.4504723002297677,0.2743748421318515,1.2645518044237485,0.08448569407386591,6.885771543086173,0.17840512223515717,0.3787386005637539,14.904877650897225,2.6591065192083816,0.0,5.760462130937099,0.0,1.5233644859813085,0.8779678325248915,0.038709270017681235,-44.138599033816426,0.06993035980766042,6.117647058823529,0.5550087514004456,0.11290487680782385,0.5055918534001962,0.26087853412219836,5.999394832094452,1.3578741796981577,0.535571142284569,0.017905960933717557,0.2219297091891143,Electronic Components,Technology,27.875,12362952304,4359555,FLEX
2020,2020-03-31,2020-05-28,87579000.0,24209870000.0,348195000.0,0.17,1337956000.0,0.0552648982,13689617000.0,2831153000.0,9086270000.0,7211085000.0,10858464000.0,3785073000.0,-2902410000.0,5707395000.0,5.562186640471513,1.2600420047745935,0.24596787477692034,1.1893408798464795,0.028601701810960296,5.562186640471513,0.030934039947682093,0.17608004503948183,48.67462519553774,1.505702800237218,0.0,6.042661264393051,0.0,1.7684841000299716,0.643608000737753,0.0063974762770938,-2.136756956443065,0.05526489815930445,-0.055555555555555455,-0.8313128395450227,0.07144052558871263,0.3877596649021377,-0.1184753998451681,-0.06231330099894003,-0.2898356523122484,-0.7083713497696726,0.07958457736336215,0.13920636705312806,Electronic Components,Technology,27.875,12362952304,4359555,FLEX
2019,2019-03-31,2019-05-21,93399000.0,26210511000.0,490302000.0,0.18,1517775000.0,0.05790711215054144,13499367000.0,2972360000.0,9103432000.0,7597513000.0,10527007000.0,3722854000.0,-3012012000.0,6723143663.22,5.728378251841055,1.1982120991434961,0.22627097996520873,1.027639653339434,0.04171975579994112,5.728378251841055,0.03142250602215075,0.204698552547106,57.44444440754183,1.8050484003350873,0.0,6.63274358865537,0.0,1.9416103732863919,0.5956933538646133,0.006918768857828667,-1.4513904997849394,0.05790711215054144,-0.774609228750346,-0.6949152542666125,0.19886177623599469,0.6410135853030162,-0.04894284163866752,-0.7820499656970042,-0.015147345649130348,-0.7721518986288526,0.16282681569993723,0.2525248006269523,Electronic Components,Technology,27.875,12362952304,4359555,FLEX
2018,2018-03-31,2018-06-14,428534000.0,25441131000.0,497843000.0,0.798613,1595882000.0,0.06272842194004662,13715855000.0,3018573000.0,9170414000.0,7268064000.0,10697282000.0,3799829000.0,-3144114000.0,10215668275.0,5.635161737458405,1.2617409532992554,0.21439727964461566,0.9741828340742463,0.06872901409003065,5.635161737458405,0.1419657566671404,0.3438310299569622,20.412499999999998,2.8978760079680033,0.0,6.275347916972053,0.0,1.8548702213606079,0.5489933770533666,0.031243695708360872,45.654512633023835,0.06272842194004662,0.3650430906287712,0.9140851323402551,0.3357408029473904,0.6625743411422158,0.04927002620081594,0.34099585685496486,-0.008695565600047788,-0.21568627482311115,0.06987862365883055,0.4059668741683383,Electronic Components,Technology,27.875,12362952304,4359555,FLEX
2017,2017-03-31,2017-04-28,319564000.0,23862934000.0,502210000.0,0.585046,1520945000.0,0.06373671401848574,12593363000.0,2644533000.0,8387776000.0,6504627000.0,9915087000.0,3396462000.0,-3572648000.0,10220917486.4,4.8825101415642935,1.289509144798003,0.23442054358315567,1.1163192140162366,0.07732449598608222,4.8825101415642935,0.12083948281227726,0.3813214873912822,28.47457625514764,3.440853067970791,0.0,6.578018243690051,0.0,1.8948817722478102,0.6185410785276388,0.02537558871287995,14.56382620687006,0.06373671401848574,-0.25582383364327643,-0.13540099999380317,0.07378138739972599,0.5311363376655391,-0.0541745617859024,-0.28039254100040306,-0.23112018139200913,-1.7525660759019793e-10,0.04563798122608284,0.3986969994713042,Electronic Components,Technology,27.875,12362952304,4359555,FLEX
2016,2016-03-31,2016-05-20,444081000.0,24418885000.0,653171000.0,0.786166,1608061000.0,0.06585317060955076,12384981000.0,2570872000.0,8315126000.0,6572205000.0,9779451000.0,3491656000.0,-3892212000.0,7946246846.88,4.57346493177118,1.2651957752382952,0.22402577767378085,1.0792272038436763,0.11934537905931716,4.57346493177118,0.17273555431775678,0.2776237263445894,15.26582278206003,2.636950360375779,0.0,6.5329528452974746,0.0,1.971653004554468,0.5557232313964644,0.03585641350600376,10.832762362566335,0.06585317060955076,-0.2259311480187627,0.0030294424158449525,0.14658199863557123,0.5087337185432695,0.04058718469721873,-0.2608517628965331,-0.06805285453588199,0.8901590685265091,0.22172034098950613,0.3493357954808168,Electronic Components,Technology,27.875,12362952304,4359555,FLEX
2015,2015-03-31,2015-05-21,600801000.0,26147916000.0,700867000.0,1.015628,1545340000.0,0.05909992979937675,11665624000.0,2360814000.0,8740900000.0,6756223000.0,9269374000.0,3488752000.0,-4336293000.0,7921160952.900001,4.008033077444824,1.293755401501697,0.17862164938626515,0.8826332781828641,0.14126663128213046,4.008033077444824,0.2544889178054688,0.2855231733534711,12.426470583271334,3.1623990508782143,0.0,7.051970446738547,0.0,2.2414502644693504,0.5870029748870041,0.05150183136367159,16.71626715470164,0.05909992979937675,0.7320392853062107,43.52568249600531,0.49444326543387507,0.6392635089675393,0.07298810390905285,0.6433557443502902,0.27717844894508004,0.49473047434214645,0.08194323213565605,0.25690370516568795,Electronic Components,Technology,27.875,12362952304,4359555,FLEX
2014,2014-03-31,2014-05-20,365594000.0,26108607000.0,548762000.0,0.586377,1440221000.0,0.05516269021935946,12500150000.0,2163050000.0,9400326000.0,7656687000.0,10298471000.0,3599008000.0,-4937094000.0,6234440826.28,3.490756141901957,1.2277276059475855,0.1682055815330216,0.9720510390420933,0.11744803214787243,3.490756141901957,0.16901782205681792,0.21929832665067117,15.661016937586504,2.6469909739858073,0.0,6.854218162338067,0.0,2.0886634960380475,0.5605182763772373,0.029247169033971593,9.435420936262497,0.05516269021935946,0.430187804878049,1.0795845795965353,0.11767451554389044,0.5624415375152435,0.2349183021107003,0.31959097783440593,0.570525424068366,-0.2509020615749509,0.1121184450456756,0.15156048489911045,Electronic Components,Technology,27.875,12362952304,4359555,FLEX
2013,2013-03-31,2013-03-31,277051000.0,23569475000.0,349413000.0,0.41,1166248000.0,0.04948128882802862,10591555000.0,2246758000.0,7771401000.0,6172785000.0,8344797000.0,2722500000.0,-5302688000.0,4882023360.0,3.38941940700646,1.2589780787764355,0.1952146781091162,0.9202713420849064,0.0745069509057733,3.38941940700646,0.12331145588443437,0.1867450742963091,15.886906598424115,1.9590375821517048,0.0,8.228917171717171,0.0,2.225308276263495,0.5992567374369916,0.026157726603883942,7.026218693978804,0.04948128882802862,-0.3880597014925374,1.4710037131530467,-0.07035540367691635,-0.700879246719738,-0.23138701188460603,-0.4331611306046873,-0.39840291731016564,17.24480181912694,0.1969933840686725,0.38625391635595185,Electronic Components,Technology,27.875,12362952304,4359555,FLEX
2012,2012-03-31,2012-05-29,488765000.0,29387656000.0,580809000.0,0.67,1517341000.0,0.05163191647540723,11033804000.0,2283979000.0,8534550000.0,6288185000.0,8749825000.0,3308070000.0,-5579739000.0,5853239340.0,3.1888147524527155,1.3572358319610507,0.19941128191147858,0.9633472987273526,0.1171112150816987,3.1888147524527155,0.21399715146242587,0.17596855428006916,10.58034707886203,2.264164136360273,0.0,8.424947174636571,0.0,2.663420158632508,0.65527461421698,0.04429705294746943,14.087789046984692,0.05163191647540723,-0.10666666666666662,-0.21033375713144717,0.28091676109052205,-0.6961279485251815,-0.04264236942292574,-0.1802257224274973,-0.24430603569974121,1.0920479662618359,0.0883806869955548,0.42729438039715334,Electronic Components,Technology,27.875,12362952304,4359555,FLEX
2011,2011-03-31,2011-05-23,596219000.0,28679925000.0,768577000.0,0.75,1584926000.0,0.055262557346297106,11633152000.0,2294696000.0,9054199000.0,6828931000.0,9338456000.0,3550286000.0,-6068504000.0,6126647716.86,3.0313267845481744,1.3258589082244352,0.19086606966022623,0.967611396019342,0.16486642211667832,3.0313267845481744,0.25982483082726426,0.19716734673678538,9.48434168797036,2.4642674745848687,0.0,7.631779242573697,0.0,2.465361494459971,0.6411111783088744,0.05125171578605695,14.62527277652195,0.055262557346297106,36.5,2.1999572369894835,0.4212948575890458,-0.6753237818526471,0.30174236289179346,31.06512853608691,1.130243657720632,1.8875830579625128,-0.009433503604236811,-0.7324813950854456,Electronic Components,Technology,27.875,12362952304,4359555,FLEX
2010,2010-03-31,2010-05-24,18594000.0,24110733000.0,360793000.0,0.02,1217542000.0,0.05049792555041773,10642552000.0,1984567000.0,7990001000.0,6347211000.0,8657985000.0,2875819000.0,-6664723000.0,6692800680.0,2.4450206178073297,1.258820763954436,0.2120552476511273,1.1371795459664502,-0.09428912946880114,2.4450206178073297,0.009369298189479116,0.26393007960396725,342.23661826395613,3.206516927873939,0.0,7.960581316139854,0.0,2.265502954554509,0.6879408924644226,0.001747137340743085,10.223338436797638,0.05049792555041773,1.0026990553306343,-0.9627318549750438,0.03244708642447549,-0.7412158540660367,-0.15187201685191326,1.0030551348825456,0.12525574490381497,-0.9734908454714695,-0.0726451430803168,-0.7670063993338356,Electronic Components,Technology,27.875,12362952304,4359555,FLEX
2009,2009-03-31,2009-05-20,-6086147000.0,30948575000.0,320632000.0,-7.41,1435564000.0,0.04638546362796995,11317480000.0,1834151000.0,7935006000.0,6414726000.0,9483329000.0,2996785000.0,-6458317000.0,3520313950.0,2.2341675244075496,1.2369984314217006,0.26239410186720014,1.6190815260030391,0.06680279324881358,2.2341675244075496,-3.318236611925627,0.07666136324531905,-0.3898295506171639,1.2935466872683876,0.0,9.848224347091968,0.0,2.7345818150330286,0.6452068256695609,-0.537765209216186,2.7758979173979172,0.04638546362796995,-7.325842696629214,-10.051890702962089,0.36290485572968795,-0.7312591770571472,-0.09448020245397225,-8.518974928445187,-0.4699631689270057,-31.11992249540635,0.4142294603578383,-0.7607050924928912,Electronic Components,Technology,27.875,12362952304,4359555,FLEX
TTM,,,,,,,,,,,,,,,,13415952304.0,11.86261405423455,1.4759097190234916,0.20317831268988082,0.812371519342179,0.12306161693646732,11.86261405423455,0.2237546201798422,0.40739973321030776,12.400279409270219,2.349819346103532,0.021696252465483234,3.7292164674634796,0.0,1.4183687777518112,0.6977429755872869,0.04739425099322272,39.247467631746034,0.0746391616687537,,,,,,,,,,,Electronic Components,Technology,27.875,12362952304,4359555,FLEX
