Quarters,Year,Quarter,FillingDate,Date,NetIncome,Revenue,OperatingIncome,EPSDiluted,GrossProfit,GrossProfitRatio,TotalAssets,CommonStockEquity,CurrentAssets,CurrentLiability,TotalLiability,Inventory,RetainedEarnings,MarketCap,EnterpriseValue,bookValuePerShare,currentRatio,debtToAssets,debtToEquity,roic,shareholdersEquityPerShare,roe,priceToSalesRatio,peRatio,pbRatio,payoutRatio,inventoryTurnover,dividendYield,assetTurnover,quickRatio,returnOnAssets,priceToFreeCashFlowsRatio,grossProfitMargin,epsdilutedGrowth,fiveYNetIncomeGrowthPerShare,fiveYRevenueGrowthPerShare,fiveYShareholdersEquityGrowthPerShare,grossProfitGrowth,netIncomeGrowth,operatingIncomeGrowth,threeYNetIncomeGrowthPerShare,threeYRevenueGrowthPerShare,threeYShareholdersEquityGrowthPerShare,Industry,Sector,Symbol
2023Q1,2023,Q1,2023-04-28,2023-03-31,-89035000.0,199087000.0,-88191000.0,-1.27,168562000.0,0.8466750717,1849396000.0,125182000.0,1055747000.0,414810000.0,1724214000.0,0.0,-532194000.0,4111386160.0,4893144160.0,1.791539056015113,2.5451339167329623,0.7436206199213149,10.985996389257242,-0.058263103045201714,1.791539056015113,-0.711244428112668,20.65120354417918,-11.544297635761218,32.84326947963765,0.0,0.0,0.0,0.10764974078023311,2.1595381017815387,-0.04814274498268624,126.09293258909403,0.8466750717023211,-1.7608695652173914,-13.755030820117277,2.995746866673831,-0.3109147405217542,-0.3740758482144515,-1.8128455438663003,-15.183177870697973,-4.399694535797473,0.7166163209700314,-0.7244991630478208,Software—Application,Technology,AYX
2022Q4,2022,Q4,2023-02-10,2022-12-31,-31653000.0,301078000.0,6218000.0,-0.46,269301000.0,0.8944559217,1557284000.0,173656000.0,747148000.0,512412000.0,1383628000.0,0.0,-443159000.0,3507124050.0,4341130050.0,2.508935924293867,1.4581001225576293,0.6028168272453837,5.4058425853411345,0.005369461603203739,2.508935924293867,-0.1822741511954669,11.648556354167358,-27.69977608757464,20.195812698668632,0.0,0.0,0.0,0.1933353196976274,1.1736278619548333,-0.02032577230614326,-6296.452513464991,0.8944559217212815,0.5779816513761469,-16.639727639066844,5.691791022037694,-0.02974539247279011,0.4658389488237407,0.5752016426663804,1.0972352536435854,-1.9708984796508016,0.811469322999855,-0.6152988928410357,Software—Application,Technology,AYX
2022Q3,2022,Q3,2022-11-02,2022-09-30,-74513000.0,215712000.0,-63948000.0,-1.09,183718000.0,0.8516818721,1424028000.0,156149000.0,626422000.0,391243000.0,1267879000.0,0.0,-411506000.0,3834700320.0,4689234320.0,2.2738048432426137,1.6011072402573336,0.6616885342142149,6.034383825704936,-0.055840800277565675,2.2738048432426137,-0.4771916566868824,17.776944815309303,-12.865876826862428,24.557956310959405,0.0,0.0,0.0,0.15148016752479587,1.2534332882633044,-0.05232551607131321,-57.00207096457717,0.8516818721257974,0.30128205128205127,-18.386016655665006,4.420743575840035,-0.11508197270154157,0.21787724310743714,0.3020905531723582,0.3329786901148418,-10.122710484693904,0.9432538685238828,-0.6239124966634594,Software—Application,Technology,AYX
2022Q2,2022,Q2,2022-08-03,2022-06-30,-106766000.0,180623000.0,-95871000.0,-1.56,150851000.0,0.8351704932,1456287000.0,171596000.0,633269000.0,403398000.0,1284691000.0,0.0,-336993000.0,3307618620.0,4142707620.0,2.5119819648372883,1.5698367369198658,0.6498698402169353,5.515262593533649,-0.08189138198100229,2.5119819648372883,-0.62219399053591,18.312278170554137,-7.745018592061143,19.27561609827735,0.0,0.0,0.0,0.12402981005804488,1.296833400264751,-0.0733138454164598,-45.9028077771764,0.8351704932372953,0.0,-12.01973335821798,4.081043630025421,-0.02817410000697164,0.12827973074046373,-0.01135771595290195,-0.04777049180327869,-29.40085971043322,1.0179267088665498,-0.5254392303475954,Software—Application,Technology,AYX
2022Q1,2022,Q1,2022-05-04,2022-03-31,-105567000.0,157941000.0,-91500000.0,-1.56,133700000.0,0.8465186367,1476688000.0,230593000.0,621546000.0,363328000.0,1246095000.0,0.0,-230227000.0,4851593780.0,5655091780.0,3.399772948426857,1.710702175444777,0.6437622571592645,4.122570936671972,-0.07383958340599703,3.399772948426857,-0.45780661164909603,30.71776030289792,-11.489371157653434,21.03964031865668,0.0,0.0,0.0,0.10695624261861679,1.4749427514532323,-0.07148903492139165,-10044.707619047618,0.8465186367061118,-1.7857142857142856,-8.64733720515534,1.8654796432136578,-0.10060081800869289,-0.14997234390198932,-1.8116710168859533,-2.348949564453554,-17.29760105681708,0.8968973989830656,-0.3538680583471494,Software—Application,Technology,AYX
2021Q4,2021,Q4,2022-02-15,2021-12-31,-37546000.0,173805000.0,-27322000.0,-0.56,157289000.0,0.9049739651,1599688000.0,402754000.0,932927000.0,408948000.0,1196934000.0,0.0,-190429000.0,4083024000.0,4772849000.0,5.967786865813181,2.2812851511683636,0.5264776631443131,2.0911027575145127,-0.02076280121041002,5.967786865813181,-0.09322315855336012,23.491982394062312,-27.18681084536302,10.13776151198995,0.0,0.0,0.0,0.10864931161576508,2.0823356514764715,-0.02347082681122819,153.06556701030928,0.9049739650758033,0.34883720930232553,-2.2157077950871202,2.623973607023501,8.717433777515012,0.45590780765492667,0.3530901635107428,0.40058357649020426,-1.8824124127183604,0.44173809682979603,0.21511763397704328,Software—Application,Technology,AYX
2021Q3,2021,Q3,2021-11-03,2021-09-30,-58039000.0,123501000.0,-45581000.0,-0.86,108035000.0,0.8747702447753459,1473787000.0,409327000.0,767865000.0,289459000.0,1064460000.0,0.0,-152883000.0,4921457500.0,5574773500.0,6.07986632008912,2.6527591126895347,0.5684939546895176,2.0468696176895245,-0.034340056953620246,6.07986632008912,-0.14179128178693318,39.849535631290436,-21.19892443012457,12.02329066980678,0.0,0.0,0.0,0.08379840506124697,2.3116607187891893,-0.03938086032784927,-6931.630281690141,0.8747702447753459,-0.323076923076923,-8.683298206687963,2.8454459437257946,0.0,0.008353556094829195,-0.33607274401473297,-0.30053070075325267,-214.8819171135853,1.0688340750411125,0.9078186138144527,Software—Application,Technology,AYX
2021Q2,2021,Q2,2021-08-04,2021-06-30,-43440000.0,120070000.0,-35048000.0,-0.65,107140000.0,0.8923128175231115,1471509000.0,431634000.0,843287000.0,282053000.0,1039875000.0,0.0,-94844000.0,5778221460.0,6316204460.0,6.425706757179224,2.9898175165660357,0.5584124867737812,1.9037170380461224,-0.026882366769457752,6.425706757179224,-0.1006408206953113,48.12377329890897,-33.25403694751381,13.386854279319978,0.0,0.0,0.0,0.0815965107926625,2.663736957238533,-0.029520716488991912,-363.43301213912827,0.8923128175231115,-0.06557377049180334,-3.0840419481846535,3.2142396627992937,0.0,-0.007209177338349488,-0.06847697756788666,-0.21647981673666308,-6.4115742493833,1.3179944400999088,1.1065415591694778,Software—Application,Technology,AYX
2021Q1,2021,Q1,2021-05-05,2021-03-31,-40656000.0,118759000.0,-28811000.0,-0.61,107918000.0,0.908714286917202,1415747000.0,451486000.0,987724000.0,239133000.0,964261000.0,0.0,-51404000.0,5552678720.0,6089307720.0,6.745443136317457,4.13043787348463,0.5582840719422326,1.750639000987849,-0.022819815688342245,6.745443136317457,-0.09004930385438308,46.75585614563949,-34.14427587563951,12.298673092853376,0.0,0.0,0.0,0.08388433809148103,3.763591808742415,-0.02871699533885645,273.1945249692497,0.908714286917202,-2.9062499999999996,-3.3780347939370903,3.5421091780602083,0.0,-0.27950915985686053,-2.8450646698434308,-2.1827661234040807,-6.0337318713325825,1.488303786166107,1.5945208497011165,Software—Application,Technology,AYX
2020Q4,2020,Q4,2021-02-12,2020-12-31,22035000.0,160527000.0,24359000.0,0.32,149784000.0,0.9330766786895662,1465295000.0,476791000.0,972465000.0,268179000.0,988504000.0,0.0,-10748000.0,8116572760.0,8728661760.0,7.154297461136786,3.626178783573658,0.5350321948822592,1.644284392952048,0.01871258555218944,7.154297461136786,0.046215217988594584,50.562041027366114,92.0872788745178,17.02333466864937,0.0,0.0,0.0,0.10955268393053959,3.3310624620123126,0.015037927516302178,174.97138829007503,0.9330766786895662,4.333333333333334,2.911135412171453,2.3895055698634673,10.649446162613145,0.2554923178796845,4.0573789304567365,1.5287034153430914,13.753495106464854,2.7055323106269524,1.7667067971223096,Software—Application,Technology,AYX
2020Q3,2020,Q3,2020-11-06,2020-09-30,4357000.0,129717000.0,9633000.0,0.06,119303000.0,0.9197175389501762,1356473000.0,435890000.0,866610000.0,215088000.0,920583000.0,0.0,-32783000.0,7524390750.0,8198482750.0,6.577982343620312,4.029095068065164,0.5676810375142004,1.7666016655578243,0.006479045579886312,6.577982343620312,0.009995641102112918,58.00620389000671,431.74149357355975,17.26213207460598,0.0,0.0,0.0,0.09562814740875786,3.648446217362196,0.0032120064313849225,1294.8529943211151,0.9197175389501762,1.1132075471698115,1.7385554466135567,3.1036025637853344,0.0,0.3776646111919444,1.1234522426543507,1.5413622569405419,2.174751234783081,2.378183778609999,1.5600152873363733,Software—Application,Technology,AYX
2020Q2,2020,Q2,2020-08-07,2020-06-30,-35293000.0,96233000.0,-17794000.0,-0.53,86598000.0,0.8998784200845864,1316239000.0,409478000.0,872899000.0,224183000.0,906761000.0,0.0,-37140000.0,10848886920.0,11467774920.0,6.200548160935205,3.8936895304282664,0.5675739740275132,1.8244276859806876,-0.023195314565947686,6.200548160935205,-0.0861902226737456,112.73562000561138,-76.84871589266993,26.494431739922536,0.0,0.0,0.0,0.07311210198147905,3.5878857897342797,-0.0268135194292222,-577.867631831256,0.8998784200845864,-1.2083333333333335,-2.3750733061917435,2.4356032173597373,0.0,-0.09590328238536708,-1.2809409939895302,0.1149465307137528,-3.451925096401147,1.8002322458978757,1.3988441721719498,Software—Application,Technology,AYX
2020Q1,2020,Q1,2020-05-07,2020-03-31,-15473000.0,108831000.0,-20105000.0,-0.24,95784000.0,0.880116878462938,1323322000.0,426385000.0,880278000.0,214062000.0,896937000.0,0.0,-1847000.0,6240201730.0,6718331730.0,6.502844331925147,4.11225719651316,0.5336191796101024,1.656132368633981,-0.008320703063893913,6.502844331925147,-0.03628880002814358,57.33845806801371,-100.82404397983585,14.635134280052066,0.0,0.0,0.0,0.08224075470671537,3.8153946053012677,-0.011692543462588849,416.04118474564973,0.880116878462938,-1.5454545454545454,-0.7008433984956148,3.2489233735687075,0.0,-0.3359354959476979,-1.504203597497393,-1.5190396282431908,-0.46268716212330135,1.0424559986055852,0.7203069032761656,Software—Application,Technology,AYX
2019Q4,2019,Q4,2020-02-14,2019-12-31,30688000.0,156450000.0,38735000.0,0.44,144239000.0,0.9219495046340684,1342338000.0,424907000.0,971985000.0,246830000.0,917431000.0,0.0,14235000.0,6519760640.0,6808286640.0,6.521779837917485,3.9378722197463842,0.5203421194959839,1.643830296982634,0.028594291175412262,6.521779837917485,0.07222286288529019,41.67312649408757,53.11327424400417,15.343970892454113,0.0,0.0,0.0,0.11655037702873643,3.7145241664303366,0.022861604156330224,423.00399922143646,0.9219495046340684,5.4,3.7225777699613314,2.379069572292124,9.619508556772187,0.5385165116477515,5.917948717948718,2.2452245308310994,3.7225777699613314,2.379069572292124,9.619508556772187,Software—Application,Technology,AYX
2019Q3,2019,Q3,2019-11-01,2019-09-30,-6240000.0,103397000.0,11936000.0,-0.1,93752000.0,0.9067187636004913,1239309000.0,386735000.0,995491000.0,190795000.0,852574000.0,0.0,-16453000.0,6871867380.0,6920216380.0,6.045946283963356,5.217594800702324,0.5574065870577879,1.7862334673613716,0.004511201899858814,6.045946283963356,-0.016135079576454162,66.46099383927967,-275.31519951923076,17.76893061140057,0.0,0.0,0.0,0.08343117011173162,4.937917660316046,-0.0050350638944766804,1634.9910492505353,0.9067187636004913,-1.0,-0.09575924519061055,2.3885300636337465,0.0,0.28872271402650246,-0.9384902143522833,2.44015444015444,-0.09575924519061055,2.3885300636337465,0.0,Software—Application,Technology,AYX
2019Q2,2019,Q2,2019-08-01,2019-06-30,-3219000.0,82043000.0,-8288000.0,-0.05,72748000.0,0.8867057518618285,663502000.0,331428000.0,441155000.0,297575000.0,332074000.0,0.0,-10213000.0,6788501460.0,6888068460.0,5.293277753821092,1.4825002100310847,0.2700217934535239,0.5405698975343061,-0.00469659763557647,5.293277753821092,-0.009712516745718528,82.74321343685628,-527.2213000931966,20.48258282341866,0.0,0.0,0.0,0.12365147354491772,1.3362446442073428,-0.004851530213925505,-596.1624185474664,0.8867057518618285,-1.5555555555555558,0.6753229538676476,2.089274388420857,0.0,0.06950896795060277,-1.5443016570848833,-0.882780554293503,0.6753229538676476,2.089274388420857,0.0,Software—Application,Technology,AYX
2019Q1,2019,Q1,2019-05-02,2019-03-31,5914000.0,76020000.0,-4402000.0,0.09,68020000.0,0.8947645356485135,644192000.0,325838000.0,458616000.0,290107000.0,318354000.0,0.0,-6994000.0,5227792920.0,5299877920.0,5.261731744340019,1.580851203176759,0.2737460260295067,0.5412045249479803,0.010877578947666972,5.261731744340019,0.018150123681093058,68.76865193370166,220.9922607372337,16.044147459780625,0.0,0.0,0.0,0.1180082956634047,1.4448979169754608,0.009180492772341165,360.2889676085458,0.8947645356485135,-0.64,1.688329931906353,2.1425317652385294,0.0,-0.33997690598406705,-0.8473609497999742,-1.098005165197257,1.688329931906353,2.1425317652385294,0.0,Software—Application,Technology,AYX
2018Q4,2018,Q4,2019-03-01,2018-12-31,38745000.0,109774000.0,44916000.0,0.25,103057000.0,0.9388106473299689,618167000.0,301818000.0,461813000.0,124580000.0,316349000.0,0.0,-12908000.0,3654669380.0,3978060380.0,4.911283236241742,3.7069593835286563,0.2809062923125951,0.5753367923715617,0.08460804696148758,4.911283236241742,0.12837206528437667,33.292668391422374,23.58155491031101,12.108851625814232,0.0,0.0,0.0,0.1775798449286358,3.4083641033873815,0.06267723770437439,268.23261504587157,0.9388106473299689,63.609566741798155,4.644223209849018,1.5136143762810814,6.9971136174776305,1.1306415265976142,159.79098360655738,122.06738544474393,4.644223209849018,1.5136143762810814,6.9971136174776305,Software—Application,Technology,AYX
2018Q3,2018,Q3,2018-11-08,2018-09-30,-244000.0,54179000.0,-371000.0,-0.003993,48369000.0,0.892762878606102,526490000.0,194724000.0,407255000.0,154044000.0,331766000.0,0.0,-115850000.0,3468817310.0,3797154310.0,3.186815704629887,2.6437576276907895,0.3246538395790993,0.8777911300096547,-0.00015599836396448682,3.186815704629887,-0.0012530556069102936,64.02512615589066,-3554.1160963114758,17.81402040837288,0.0,0.0,0.0,0.10290603810138844,2.4621926202903066,-0.00046344659917567284,1209.4899965132497,0.892762878606102,0.9556333333333333,0.9551453945927618,0.8587502932778102,0.0,0.16476027644664917,0.953918791312559,0.9584406855606586,0.9551453945927618,0.8587502932778102,0.0,Software—Application,Technology,AYX
2018Q2,2018,Q2,2018-08-09,2018-06-30,-5295000.0,46796000.0,-8927000.0,-0.09,41527000.0,0.8874049064022566,507291000.0,185111000.0,398801000.0,147390000.0,322180000.0,0.0,-115606000.0,2315739600.0,2617467600.0,3.0503584081733544,2.7057534432458104,0.3316735364908898,0.9089411218133985,-0.011987302397579874,3.0503584081733544,-0.02860445894625387,49.48584494401231,-109.33614730878185,12.510005348142464,0.0,0.0,0.0,0.0922468563408379,2.545674740484429,-0.010437796057883936,-296.2440322374312,0.8874049064022566,0.0,0.4489643076132607,0.8180542584121355,0.0,0.09810402728931433,-0.021018125723100654,-0.5265047879616963,0.4489643076132607,0.8180542584121355,0.0,Software—Application,Technology,AYX
2018Q1,2018,Q1,2018-05-10,2018-03-31,-5186000.0,42821000.0,-5848000.0,-0.09,37817000.0,0.8831414492889003,289289000.0,156128000.0,229738000.0,126460000.0,133161000.0,0.0,-110311000.0,2050175280.0,1991098280.0,2.599880103909945,1.816685117823818,0.0,0.0,-0.03823801750390957,2.599880103909945,-0.03321633531461365,47.87780014478877,-98.83220593906672,13.131374769419963,0.0,0.0,0.0,0.14802152864436602,1.6466234382413412,-0.01792670996823246,191.87414880673842,0.8831414492889003,-2.0,0.37756586773222484,0.8253837024692768,0.0,0.1697185276832663,-2.3697205977907734,-2.1040339702760087,0.37756586773222484,0.8253837024692768,0.0,Software—Application,Technology,AYX
2017Q4,2017,Q4,2018-03-08,2017-12-31,-1539000.0,38588000.0,-1884000.0,-0.03,32330000.0,0.8378252306416503,291416000.0,153504000.0,242339000.0,130840000.0,137912000.0,0.0,-103546000.0,1500103010.0,1380716010.0,2.5858531408453076,1.8521782329562826,0.0011289702693057348,0.002143266624973942,-0.01037968058199034,2.5858531408453076,-0.010025797373358349,38.874857727791024,-243.68145061728396,9.77240339013967,0.0,0.0,0.0,0.1324155159634337,1.711242739223479,-0.005281110165536553,134.6954305468259,0.8378252306416503,0.5,0.850148104796568,-0.08528511271030184,3.2105821168798574,0.12530455969369997,0.5334949984843892,0.2649239172844323,0.850148104796568,-0.08528511271030184,3.2105821168798574,Software—Application,Technology,AYX
2017Q3,2017,Q3,2017-11-09,2017-09-30,-3299000.0,34155000.0,-2563000.0,-0.06,28730000.0,0.8411652759478846,254346000.0,151452000.0,200319000.0,96841000.0,102894000.0,0.0,-102007000.0,1200648540.0,1104872540.0,2.569509008856164,2.068535021323613,0.0,0.0,-0.017052074989644932,2.569509008856164,-0.021782478937221034,35.152936319718926,-90.98579418005457,7.927584581253466,0.0,0.0,0.0,0.1342855794862117,1.9352133910223976,-0.01297052047211279,-3470.082485549133,0.8411652759478846,0.5,0.37130906974536493,0.2147363295533373,0.0,0.14805194805194805,0.5283099799828425,0.6850577537478496,0.37130906974536493,0.2147363295533373,0.0,Software—Application,Technology,AYX
2017Q2,2017,Q2,2017-08-03,2017-06-30,-6994000.0,30319000.0,-8138000.0,-0.12,25025000.0,0.8253900194597447,250172000.0,150596000.0,191376000.0,93260000.0,99576000.0,0.0,-98708000.0,1137274240.0,1038859240.0,2.584806563454739,2.052069483165344,0.0,0.0,-0.04844841782673167,2.584806563454739,-0.04644213657733273,37.51028200138527,-40.65178152702316,7.551822359159606,0.0,0.0,0.0,0.12119261947779927,1.9289084280506112,-0.027956765745167325,-35539.82,0.8253900194597447,0.2561990471148756,0.24188452565832932,0.2268993839323975,0.0,0.05506134322694886,-0.23416269631198164,-0.4495903099394371,0.24188452565832932,0.2268993839323975,0.0,Software—Application,Technology,AYX
2017Q1,2017,Q1,2017-05-11,2017-03-31,-5667000.0,28545000.0,-5614000.0,-0.16133348516768206,23719000.0,0.8309336135925731,223674000.0,132778000.0,200423000.0,84727000.0,90896000.0,0.0,-91714000.0,549019380.0,407433380.0,3.780048966577464,2.365515125048686,0.0,0.0,-0.04343066850594226,3.780048966577464,-0.042680263296630466,19.233469259064634,-24.220018528321866,4.134867071352182,0.0,0.0,0.0,0.12761876659781646,2.2253708971166217,-0.025335980042383112,121.59897674418605,0.8309336135925731,0.06749040420968692,-0.16282103414826954,1.080301057388512,0.0,0.14789720756908484,0.0674675004113872,-0.011349306431273645,-0.16282103414826954,1.080301057388512,0.0,Software—Application,Technology,AYX
2016Q4,2016,Q4,2016-12-31,2016-12-31,-6077000.0,24962000.0,-5551000.0,-0.17301,20663000.0,0.8277782228988062,111415000.0,21572000.0,100438000.0,85577000.0,89843000.0,0.0,-86047000.0,544453000.0,513476000.0,0.6141319820076296,1.173656473117777,0.002952923753534084,0.015251251622473577,-0.25219762330317513,0.6141319820076296,-0.28170776933061376,21.81127313516545,-22.39809939114695,25.23887446690154,0.0,0.0,0.0,0.22404523627877754,1.0290966030592332,-0.05454382264506574,242.84255129348796,0.8277782228988062,-0.9433496827290074,0.0,0.0,0.0,0.12298913043478261,-0.44966603053435117,-0.44181818181818183,0.0,0.0,0.0,Software—Application,Technology,AYX
2016Q3,2016,Q3,2016-09-30,2016-09-30,-4192000.0,22462000.0,-3850000.0,-0.08902669526620936,18400000.0,0.819161250111299,,,,,,,,729848500.0,,,0.0,0.0,0.0,0.0,,0.0,32.492587481079156,-43.526270276717554,0.0,0.0,0.0,0.0,0.0,0.0,0.0,-115.70204502219404,0.819161250111299,0.5295691021363346,0.0,0.0,0.0,0.13538195729976552,0.43776824034334766,0.4663894663894664,0.0,0.0,0.0,Software—Application,Technology,AYX
2016Q2,2016,Q2,2016-06-30,2016-06-30,-7456000.0,19972000.0,-7215000.0,-0.189245,16206000.0,0.8114360104145805,,,,,,,,729848500.0,,,0.0,0.0,0.0,0.0,,0.0,36.5435860204286,-24.471851528969957,0.0,0.0,0.0,0.0,0.0,0.0,0.0,-92.66740731335703,0.8114360104145805,-0.14082732511875765,0.0,0.0,0.0,0.11804070369092791,-0.14128271850604623,-0.12628785513581017,0.0,0.0,0.0,Software—Application,Technology,AYX
2016Q1,2016,Q1,2016-03-31,2016-03-31,-6533000.0,18394000.0,-6406000.0,-0.165884,14495000.0,0.7880287050125041,,,,,,,,729848500.0,,,0.0,0.0,0.0,0.0,,0.0,39.6786180276177,-27.929301239859175,0.0,0.0,0.0,0.0,0.0,0.0,0.0,455.0177680798005,0.7880287050125041,0.0,0.0,0.0,0.0,0.0,0.0,0.0,0.0,0.0,0.0,Software—Application,Technology,AYX
