Quarters,Year,Quarter,FillingDate,Date,NetIncome,Revenue,OperatingIncome,EPSDiluted,GrossProfit,GrossProfitRatio,TotalAssets,CommonStockEquity,CurrentAssets,CurrentLiability,TotalLiability,Inventory,RetainedEarnings,MarketCap,EnterpriseValue,bookValuePerShare,currentRatio,debtToAssets,debtToEquity,roic,shareholdersEquityPerShare,roe,priceToSalesRatio,peRatio,pbRatio,payoutRatio,inventoryTurnover,dividendYield,assetTurnover,quickRatio,returnOnAssets,priceToFreeCashFlowsRatio,grossProfitMargin,epsdilutedGrowth,fiveYNetIncomeGrowthPerShare,fiveYRevenueGrowthPerShare,fiveYShareholdersEquityGrowthPerShare,grossProfitGrowth,netIncomeGrowth,operatingIncomeGrowth,threeYNetIncomeGrowthPerShare,threeYRevenueGrowthPerShare,threeYShareholdersEquityGrowthPerShare,Industry,Sector,Symbol
2023Q1,2023,Q1,2023-05-09,2023-03-31,43825000.0,147819000.0,61957000.0,0.38,81963000.0,0.5544821708,649618000.0,241612000.0,103151000.0,366262000.0,408006000.0,0.0,131240000.0,1322452580.94,1486718580.94,2.4006771401537614,0.28163172810720194,0.335574137416143,0.9022523715709485,0.09867329485620374,2.4006771401537614,0.18138585831829546,8.946431655876443,7.543939423502568,5.473455709732961,0.0,0.0,0.0,0.22754757411278628,0.259988751221803,0.06746272424717295,-156.07843513985603,0.5544821707628924,0.22580645161290325,22.59115530155345,0.0,-0.6906415174029216,-0.023063720231709932,0.38809704801723044,-0.0351330727422796,9.98071873682286,0.9646738830143308,0.7991958385906623,Specialty Business Services,Industrials,TH
2022Q4,2022,Q4,2023-03-10,2022-12-31,31572000.0,152438000.0,64213000.0,0.31,83898000.0,0.5503745785,771727000.0,200847000.0,236379000.0,190896000.0,570880000.0,0.0,87683000.0,1477500488.0,1638326488.0,2.058086345620212,1.2382606235856173,0.44380849704623526,1.705273168132957,0.07976244578121419,2.058086345620212,0.15719428221482024,9.69246833466721,11.69945274293678,7.356348304928629,0.0,0.0,0.0,0.1975284005872543,1.1725023049199563,0.04091084023236196,131.70801283651275,0.5503745785171676,0.5499999999999999,3454.225397289306,0.0,0.0,0.01361587995795629,0.6597623804016403,0.07127008224754341,478.57107450973524,1.0078405648501718,0.6316912053215092,Specialty Business Services,Industrials,TH
2022Q3,2022,Q3,2022-11-09,2022-09-30,19022000.0,159565000.0,59941000.0,0.2,82771000.0,0.5187290446,729698000.0,145618000.0,227809000.0,201697000.0,584080000.0,0.0,56111000.0,1227196185.3999999,1385227185.3999999,1.4974778946212328,1.12946151901119,0.45911870390216225,2.3006633795272564,0.07611814661603158,1.4974778946212328,0.13062945514977545,7.69088575439476,16.128642958153716,8.427503367715529,0.0,0.0,0.0,0.21867265635920613,1.084418707268824,0.026068318674300876,6.517343268347344,0.518729044589979,-0.1666666666666666,1590.3696119697863,0.0,0.0,0.5752402702445523,-0.16756378276661854,0.5843575714323475,1.046352830802297,1.0119147553681052,0.06704364293690412,Specialty Business Services,Industrials,TH
2022Q2,2022,Q2,2022-08-09,2022-06-30,22851000.0,109647000.0,37833000.0,0.24,52545000.0,0.4792196777,546855000.0,124528000.0,94215000.0,56439000.0,422327000.0,0.0,37089000.0,554309298.85,899419298.85,1.2827763876146274,1.6693244033381172,0.6488154995382688,2.849222664782218,0.06192156766509456,1.2827763876146274,0.18350089939611974,5.055398678030407,6.064387760382478,4.4512824332680205,0.0,0.0,0.0,0.20050470417203828,1.5597902159854002,0.041786213895822474,-459.62628428689885,0.47921967769296014,46.05882352941176,7.176598016707371,0.0,9.422537304294238,0.8822539045708554,45.25708502024292,2.0557305548824814,1.2296928250033508,0.3913038389207102,-0.05353795878059986,Specialty Business Services,Industrials,TH
2022Q1,2022,Q1,2022-05-10,2022-03-31,494000.0,80335000.0,12381000.0,0.0051,27916000.0,0.3474948653,492538000.0,98307000.0,54579000.0,32799000.0,394231000.0,0.0,14238000.0,581620710.0,924720710.0,1.0141351397201794,1.66404463550718,0.7084204670502581,3.549330159602063,0.008611488331602227,1.0141351397201794,0.005025074511479345,7.239941619468476,294.3424645748988,5.916371265525345,0.0,0.0,0.0,0.16310416658207083,1.441720784170249,0.0010029682988926742,-17.341106440071556,0.34749486525175827,-0.8235294117647058,-0.7239101980454219,0.0,-0.8693154932311654,-0.04436532931671916,-0.8235083958556627,-0.05430797433547204,1.0290148425718,-0.1954451382697194,-0.3552194450680545,Specialty Business Services,Industrials,TH
2021Q4,2021,Q4,2022-03-11,2021-12-31,2799000.0,81690000.0,13092000.0,0.0289,29212000.0,0.357595789,513392000.0,97271000.0,60536000.0,72796000.0,416121000.0,0.0,13744000.0,344688644.68,652919644.6800001,1.0046306002377356,0.8315841529754382,0.6459722784928476,3.409412877424926,0.01865772158797767,1.0046306002377356,0.02877527731800845,4.219471718447791,30.786767120400143,3.5435910464578346,0.0,0.0,0.0,0.15911817870165487,0.7168800483543052,0.005451974319817995,-51.02718648112509,0.35759578895825683,-0.5871428571428573,309.56773319427856,0.0,0.0,-0.13080218995477266,-0.5806741573033708,-0.21520201414698478,0.8438382328824109,0.0,7.162615464316137,Specialty Business Services,Industrials,TH
2021Q3,2021,Q3,2021-11-12,2021-09-30,6675000.0,89169000.0,16682000.0,0.07,33608000.0,0.3769022866691339,529956000.0,93446000.0,69779000.0,94670000.0,436510000.0,0.0,10945000.0,361119838.1,659871838.1,0.9652019723809242,0.7370761592901658,0.6215478266120206,3.524955589324316,0.031576396394499225,0.9652019723809242,0.07143162896218137,4.049836132512421,13.525087569288388,3.8644761477216787,0.0,0.0,0.0,0.16825736476235764,0.6761804161825288,0.012595385277268301,11.954048068456421,0.3769022866691339,8.0,561.1858369630235,0.0,0.0,0.241567845136503,8.319078947368421,0.5372281607077036,0.27006683088100564,0.0,6.842253477989444,Specialty Business Services,Industrials,TH
2021Q2,2021,Q2,2021-08-11,2021-06-30,-912000.0,74986000.0,10852000.0,-0.01,27069000.0,0.3609873843117382,513976000.0,86199000.0,41834000.0,77045000.0,427777000.0,0.0,4270000.0,358183586.11,686171586.11,0.8928334585990446,0.5429813745213836,0.6507210453406385,3.8800334110604533,0.0241394091032352,0.8928334585990446,-0.010580169143493544,4.776672793721495,-98.18629005208332,4.155310225292636,0.0,0.0,0.0,0.1458939717029589,0.4715296255435135,-0.0017744019175992653,6.347284047952367,0.3609873843117382,0.9285714285714285,-1.32813046994126,0.0,6.254257342602552,1.3618357909431986,0.930583041558837,3.638463408704109,-1.32813046994126,0.0,6.254257342602552,Specialty Business Services,Industrials,TH
2021Q1,2021,Q1,2021-05-24,2021-03-31,-13138000.0,45492000.0,-4113000.0,-0.14,11461000.0,0.2519344060494153,522267000.0,86441000.0,43806000.0,33299000.0,435826000.0,0.0,5182000.0,241382746.74999997,624879746.75,0.8988501163453597,1.3155350010510827,0.7464955664439836,4.510243981443991,-0.007729112785694328,0.8988501163453597,-0.1519880612209484,5.306048244746329,-4.593217132554422,2.792456666975162,0.0,0.0,0.0,0.08710487164611204,1.1197933871888044,-0.02515571537163941,-21.550106843139,0.2519344060494153,-0.4000000000000001,-8.401313194336993,0.0,-0.8841714683645474,0.135426986328512,-0.42633807404190643,-0.6078967943706021,-8.401313194336993,0.0,-0.8841714683645474,Specialty Business Services,Industrials,TH
2020Q4,2020,Q4,2021-03-31,2020-12-31,-9211000.0,51609000.0,-2558000.0,-0.1,10094000.0,0.19558604119436532,534237000.0,99421000.0,43562000.0,45533000.0,434816000.0,0.0,10237000.0,151924926.86,523284926.86,1.0339658096051296,0.9567127138558847,0.7081856928666491,3.805423401494654,-0.003920496400730636,1.0339658096051296,-0.09264642278794219,2.9437680803735784,-4.1234645223102815,1.5280969499401535,0.0,0.0,0.0,0.09660319296492006,0.7986954516504513,-0.01724141158324863,8.72429808544849,0.19558604119436532,-0.25000000000000006,-1021.4908336215835,0.0,0.0,-0.13859020310633213,-0.1703939008894536,-1.6983122362869199,-1021.4908336215835,0.0,0.0,Specialty Business Services,Industrials,TH
2020Q3,2020,Q3,2020-11-09,2020-09-30,-7870000.0,48263000.0,-948000.0,-0.08,11718000.0,0.24279468744172555,551493000.0,107760000.0,48478000.0,33113000.0,443733000.0,0.0,19446000.0,117288919.98,505299919.98,1.1208833709306698,1.4640171533838673,0.7200689763967992,3.6851614699331847,-0.0013566224850653508,1.1208833709306698,-0.07303266518188567,2.4302036752791993,-3.7258233792884368,1.0884272455456572,0.0,0.0,0.0,0.08751335012411762,1.3140760426418627,-0.014270353386171719,30.623738898172324,0.24279468744172555,0.4666666666666666,-664.1214369891243,0.0,0.0,0.43007078350012207,0.44577464788732396,0.8530460393737405,-664.1214369891243,0.0,0.0,Specialty Business Services,Industrials,TH
2020Q2,2020,Q2,2020-08-10,2020-06-30,-14200000.0,53620000.0,-6451000.0,-0.15,8194000.0,0.15281611339052592,587185000.0,114702000.0,69331000.0,53926000.0,472483000.0,0.0,27316000.0,162245203.51,554126203.51,1.194774180107286,1.2856692504543263,0.7013292233282526,3.5902599780300255,-0.01042262576937415,1.194774180107286,-0.12379906191696745,3.025833709623275,-2.856429639260563,1.4144932390891178,0.0,0.0,0.0,0.09131704658668052,1.1795979675852093,-0.02418317906622274,12.2987570883869,0.15281611339052592,-4.75,-6.137912162434415,0.0,8.707520798330101,-0.6981618595056543,-4.735858984477769,-1.4589499146272054,-6.137912162434415,0.0,8.707520798330101,Specialty Business Services,Industrials,TH
2020Q1,2020,Q1,2020-05-28,2020-03-31,3801000.0,71655000.0,14056000.0,0.04,27147000.0,0.3788570232363408,593188000.0,127893000.0,62595000.0,46462000.0,465295000.0,0.0,41516000.0,190741209.46,594920209.46,1.3343056318061788,1.3472299944040291,0.6940177481675287,3.2189642904615576,0.024422567993991687,1.3343056318061788,0.02972015669348596,2.6619385871188332,12.545462342804527,1.491412426481512,0.0,0.0,0.0,0.12079644227462458,1.2276268778786965,0.006407749313876882,-895.4986359624413,0.3788570232363408,0.0,1.1484163165424328,0.0,-0.8280573598706167,-0.13903777235101963,56.59090909090909,0.22695530726256982,1.1484163165424328,0.0,-0.8280573598706167,Specialty Business Services,Industrials,TH
2019Q4,2019,Q4,2020-03-13,2019-12-31,66000.0,76113000.0,11456000.0,0.0,31531000.0,0.41426563136389316,600792000.0,123402000.0,60795000.0,60921000.0,477390000.0,0.0,37715000.0,489177625.0,887633625.0,1.2613209772217198,0.9979317476732161,0.6745146406743099,3.283925706228424,0.0006749893294254862,1.2613209772217198,0.0005348373608207323,6.426991775386596,1852.945549242424,3.9640980292053616,0.0,0.0,0.0,0.12668777214077417,0.9216198026952939,0.00010985499141133704,93.1944417984378,0.41426563136389316,-1.0,8.200654044490763,0.0,0.0,-0.18220251063388318,-0.9931027275577385,-0.5025834744474839,8.200654044490763,0.0,0.0,Specialty Business Services,Industrials,TH
2019Q3,2019,Q3,2019-11-14,2019-09-30,9569000.0,81643000.0,23031000.0,0.1,38556000.0,0.47225114216773023,607743000.0,140483000.0,55979000.0,59099000.0,467260000.0,0.0,37649000.0,681698985.2099999,1071102985.2099999,1.4033895469351303,0.9472072285487064,0.6465611286349657,2.797085768384787,0.03209957023693586,1.4033895469351303,0.06811500323882605,8.349754237472899,17.81008948714599,4.852537212402924,0.0,0.0,0.0,0.13433803433359168,0.8924347281679893,0.015745142272309182,-369.0844532809962,0.47225114216773023,-0.09090909090909087,777.6840537204208,0.0,0.0,-0.015725518227305217,-0.09555765595463138,-0.0620265537183351,777.6840537204208,0.0,0.0,Specialty Business Services,Industrials,TH
2019Q2,2019,Q2,2019-08-14,2019-06-30,10580000.0,81358000.0,24554000.0,0.11,39172000.0,0.48147692912805135,608729000.0,135828000.0,66103000.0,64946000.0,472901000.0,0.0,28080000.0,945046640.05,1326462640.05,1.355338441214111,1.017814799987682,0.6436509514085906,2.8845966958211857,0.03345468070443641,1.355338441214111,0.07789262891303708,11.615903046412154,22.330969755434783,6.9576717617133435,0.0,0.0,0.0,0.13365224919463342,0.964801527422782,0.017380476369616035,-141.5800209812734,0.48147692912805135,1.6111111111111112,2.6671410182678787,0.0,10.012102810659028,0.037558934152672564,1.7568495600543672,3.254522082453402,2.6671410182678787,0.0,10.012102810659028,Specialty Business Services,Industrials,TH
2019Q1,2019,Q1,2019-05-15,2019-03-31,-13979000.0,81982000.0,-10891000.0,-0.18,37754000.0,0.46051572296357735,585386000.0,125182000.0,82639000.0,80354000.0,460204000.0,0.0,17500000.0,784756463.3,1123094463.3,1.5728376607560972,1.0284366677452275,0.6174694987580844,2.8874598584461024,-0.019724994443497946,1.5728376607560972,-0.11166940934000096,9.57230200897758,-14.034560113384362,6.268924152833474,0.0,0.0,0.0,0.1400477633561445,0.9738407546606267,-0.023879969797706128,-36.66229681382854,0.46051572296357735,-12.464968152866241,-10.515467859988105,0.0,-0.7973194046110339,0.0,-22.94722554977965,-8.536426856455368,-10.515467859988105,0.0,-0.7973194046110339,Specialty Business Services,Industrials,TH
2018Q4,2018,Q4,2019-02-28,2018-12-31,636937.0,0.0,-1142042.0,0.0157,0.0,0.0,330953169.0,5000005.0,573931.0,1058964.0,325953164.0,0.0,4002997.0,409500000.0,409001902.0,0.12307704615384615,0.5419740425547989,0.0,0.0,-0.2284081715918284,0.12307704615384615,0.1273872726127274,0.0,160.73018210592258,81.8999181000819,0.0,0.0,0.0,0.0,0.47036348733290273,0.001924553259074549,-1792.4676961865741,0.0,-0.686,168.3507619548082,0.0,0.0,0.0,-0.711184216492695,-2.817304253363416,168.3507619548082,0.0,0.0,Specialty Business Services,Industrials,TH
2018Q3,2018,Q3,2018-11-05,2018-09-30,2205340.0,0.0,-299175.0,0.05,0.0,0.0,329425036.0,5000008.0,574527.0,167768.0,324425028.0,0.0,3366060.0,399343750.0,398867196.0,0.12307712,3.424532687997711,0.0,0.0,-0.05983490426415318,0.12307712,0.44106729429232916,0.0,45.27008873915133,79.86862221020446,0.0,0.0,0.0,0.0,2.840553621668018,0.006694512435296509,-2445.955091965921,0.0,0.6666666666666669,442.068,0.0,0.0,0.0,0.8856699209765324,-0.6953498651313552,442.068,0.0,0.0,Specialty Business Services,Industrials,TH
2018Q2,2018,Q2,2018-08-13,2018-06-30,1169526.0,0.0,-176468.0,0.03,0.0,0.0,328008373.0,5000010.0,762254.0,206583.0,323008363.0,0.0,1910582.0,394875000.0,394235179.0,0.12307716923076924,3.6898195882526634,0.0,0.0,-0.03529352941294117,0.12307716923076924,0.23390473219053562,0.0,84.40919654629312,78.9748420503159,0.0,0.0,0.0,0.0,3.097161915549682,0.0035655370297513716,-6932.2530810013695,0.0,0.4999999999999999,0.0,0.0,0.0,0.0,0.5596549765156789,-0.17439422878552938,0.0,0.0,0.0,Specialty Business Services,Industrials,TH
2018Q1,2018,Q1,2018-05-15,2018-03-31,749862.0,0.0,-150263.0,0.02,0.0,0.0,326743801.0,315257264.0,843676.0,111537.0,11486537.0,0.0,741056.0,400156250.0,399459467.0,7.760178806153847,7.564090839811004,0.0,0.0,-0.00047663612280794264,7.760178806153847,0.002378571679794823,0.0,133.40996410006107,1.2693006496433972,0.0,0.0,0.0,0.0,6.247101858576078,0.002294954021178201,-2112.478553517223,0.0,201.0,0.0,0.0,0.0,0.0,198.02101944298477,-38.48055701523909,0.0,0.0,0.0,Specialty Business Services,Industrials,TH
2017Q4,2017,Q4,2017-12-31,2017-12-31,-3806.0,0.0,-3806.0,-0.0001,0.0,0.0,,,,,,,,400156250.0,,,0.0,0.0,0.0,0.0,,0.0,0.0,-26284.567130846033,0.0,0.0,0.0,0.0,0.0,0.0,0.0,0.0,0.0,0.0,0.0,0.0,0.0,0.0,0.2388,0.2388,0.0,0.0,0.0,Specialty Business Services,Industrials,TH
2017Q3,2017,Q3,2017-09-30,2017-09-30,-5000.0,0.0,-5000.0,0.0,0.0,0.0,,,,,,,,400156250.0,,,0.0,0.0,0.0,0.0,,0.0,0.0,-20007.8125,0.0,0.0,0.0,0.0,0.0,0.0,0.0,0.0,0.0,0.0,0.0,0.0,0.0,0.0,0.0,0.0,0.0,0.0,0.0,Specialty Business Services,Industrials,TH
