Year,Date,FillingDate,NetIncome,Revenue,OperatingIncome,EPSDiluted,GrossProfit,GrossProfitRatio,TotalAssets,CommonStockEquity,CurrentAssets,CurrentLiability,TotalLiability,Inventory,RetainedEarnings,EnterpriseValue,bookValuePerShare,currentRatio,debtToAssets,debtToEquity,roic,shareholdersEquityPerShare,roe,priceToSalesRatio,peRatio,pbRatio,payoutRatio,inventoryTurnover,dividendYield,assetTurnover,quickRatio,returnOnAssets,priceToFreeCashFlowsRatio,grossProfitMargin,epsdilutedGrowth,fiveYNetIncomeGrowthPerShare,fiveYRevenueGrowthPerShare,fiveYShareholdersEquityGrowthPerShare,grossProfitGrowth,netIncomeGrowth,operatingIncomeGrowth,threeYNetIncomeGrowthPerShare,threeYRevenueGrowthPerShare,threeYShareholdersEquityGrowthPerShare,Industry,Sector,Price,MarketCap,AvgVolume,Symbol
2022,2022-09-30,2023-01-13,-337262000.0,547656000.0,-27447000.0,-13.85,157212000.0,0.2870634121,962900000.0,360372000.0,232977000.0,164099000.0,603134000.0,71441000.0,-348277000.0,778341900.0,14.797240699679724,1.4197344286071214,0.40138332121715653,1.0724806588747184,-0.033685149294031554,14.797240699679724,-0.9358718213401707,0.7493114290722644,-1.216754036920851,1.138725816656122,0.0,5.465265043882365,0.0,0.5687568802575553,0.7226613203005503,-0.3502565167722505,-9.884261868632128,0.28706341206888997,-73.89473684210526,-129.11263111191374,6.586058853590913,13.292173667412397,4.213290887385595,-31.955667737494263,-18.89243807040417,-181.00900358946052,4.353213545725132,13.345448196524238,Diagnostics & Research,Healthcare,5.01,129057600,383709,NOTV
2021,2021-09-30,2021-12-21,10895000.0,89605000.0,1534000.0,0.19,30156000.0,0.3365437197,321856000.0,105128000.0,189019000.0,55109000.0,216728000.0,602000.0,-11015000.0,420970840.0,7.969676294443181,3.4299116296793626,0.5412047623782064,1.65693250133171,0.00948723213646075,7.969676294443181,0.10363556806940111,4.304501311310752,35.402004589261125,3.668906856403622,0.0,98.75249169435216,0.0,0.27840089978126864,3.035584024388031,0.03385054185722808,-223.46746234067209,0.3365437196585012,1.4418604651162792,3.0730375316879206,1.6940928458058528,7.663202697646938,0.6535614410264846,3.3255069370330843,1.5008161932745674,38.341941592479095,1.26146019196738,5.422457807659053,Diagnostics & Research,Healthcare,5.01,129057600,383709,NOTV
2020,2020-09-30,2020-12-22,-4685000.0,60469000.0,-3063000.0,-0.43,18237000.0,0.3015925516,61593000.0,7596000.0,15300000.0,31642000.0,53997000.0,700000.0,-21910000.0,86873780.0,0.7000276472214543,0.48353454269641616,0.5911710746351047,4.793575566087415,-0.059675790545976444,0.7000276472214543,-0.6167719852553976,0.8577581901470175,-11.071030949839916,6.828301737756714,0.0,60.331428571428575,0.0,0.9817511730229085,0.3864799949434296,-0.07606383842319744,-10.563702647657841,0.3015925515553424,-4.650459921156373,-4.1759118824269414,0.9847313800039901,-0.4724996737380466,0.4114232644532157,-4.930379746835443,-19.019607843137255,-4.9942447492171835,0.8799300172436458,-0.3238660565752861,Diagnostics & Research,Healthcare,5.01,129057600,383709,NOTV
2019,2019-09-30,2019-12-26,-790000.0,43616000.0,-153000.0,-0.0761,12921000.0,0.2962444974,41980000.0,10710000.0,12421000.0,17481000.0,31270000.0,1095000.0,-17097000.0,53302970.0,1.0314937879225656,0.7105428751215606,0.39623630300142926,1.5531279178338002,-0.005616458216004327,1.0314937879225656,-0.07376283846872082,0.8546168837123991,-47.183506329113925,3.480389355742297,0.0,28.031963470319635,0.0,1.0389709385421628,0.5792574795492249,-0.01881848499285374,-7.307384826504607,0.296244497432135,-2.8049999999999997,0.43397771879087044,0.3601396485324722,-0.13897959816866368,0.5920404139970429,-3.0721649484536084,-11.928571428571429,0.8090314335561015,0.6660230853153252,0.12125504675358531,Diagnostics & Research,Healthcare,5.01,129057600,383709,NOTV
2018,2018-09-30,2018-12-21,-194000.0,26346000.0,14000.0,-0.02,8116000.0,0.30805435360206485,31268000.0,10884000.0,8061000.0,11801000.0,20384000.0,1182000.0,-16231000.0,23241860.0,1.240907536198837,0.6830777052792136,0.30238582576435974,0.8687063579566336,0.0005225486676355749,1.240907536198837,-0.01782432929070195,0.5526402489941548,-75.05082474226803,1.3377306137449467,0.0,15.423011844331642,0.0,0.842586670078035,0.5010592322684518,-0.006204426250479724,6.709612903225806,0.30805435360206485,-1.2,-1.219294945134818,0.04317722605186686,0.005425029858112673,0.05443679355593088,-1.2194570135746607,-0.9890453834115805,-1.1626976317542435,0.06980417798989297,-0.06492388864360557,Diagnostics & Research,Healthcare,5.01,129057600,383709,NOTV
2017,2017-09-30,2017-12-22,884000.0,24242000.0,1278000.0,0.1,7697000.0,0.31750680636911144,20417000.0,8467000.0,5306000.0,7723000.0,11950000.0,913000.0,-16037000.0,18341280.0,1.0353387136219125,0.687038715525055,0.21462506734583925,0.5175386795795441,0.09537178171985135,1.0353387136219125,0.10440533837250501,0.5937331903308308,16.281990950226245,1.6999267745364355,0.0,18.12157721796276,0.0,1.1873438800999168,0.46342095040787257,0.04329725228975854,16.190416197975253,0.31750680636911144,1.25,1.1210865748825716,-0.24778716454519392,-0.22722059310681442,0.7394350282485875,1.2736842105263158,1.4203947368421053,1.8041451535119295,-0.04019753456628104,-0.13577011740452763,Diagnostics & Research,Healthcare,5.01,129057600,383709,NOTV
2016,2016-09-30,2016-12-28,-3230000.0,20441000.0,-3040000.0,-0.4,4425000.0,0.21647668900738712,21139000.0,7458000.0,4877000.0,13483000.0,13681000.0,1453000.0,-16921000.0,14285050.0,0.9199457259158752,0.36171475190981234,0.23766497942192158,0.6736390453204613,-0.2363642350909417,0.9199457259158752,-0.43309198176454816,0.45609559219216284,-2.886393188854489,1.2500737463126843,0.0,11.022711631108052,0.0,0.9669804626519702,0.1947637766075799,-0.15279814560764463,-47.56658163265306,0.21647668900738712,-6.714285714285714,-5.158107685398404,-0.5688878551152413,-0.6655118421169469,-0.40913339564694884,-3.9390354868061874,-4.344334433443344,-4.9501933310790935,-0.12434206803381248,-0.25462902596265274,Diagnostics & Research,Healthcare,5.01,129057600,383709,NOTV
2015,2015-09-30,2015-12-24,1099000.0,22698000.0,909000.0,0.07,7489000.0,0.3299409639615825,23815000.0,10728000.0,6691000.0,9303000.0,13087000.0,1466000.0,-13691000.0,17761960.0,1.3270658090054428,0.7192303557992046,0.19055217300020996,0.4230052199850858,0.057617599791813454,1.3270658090054428,0.10244220730797912,0.6019014891179839,12.431264786169244,1.2734862043251305,0.0,10.374488403819917,0.0,0.9530967877388201,0.4785553047404063,0.04614738610119672,24.223333333333333,0.3299409639615825,1.5384615384615385,1.2483025684787619,-0.5205106896677344,-0.38853206606714624,-0.05940718412459181,2.027102803738318,1.721556886227545,1.1522867868600355,-0.2875068621504829,-0.009474759034310831,Diagnostics & Research,Healthcare,5.01,129057600,383709,NOTV
2014,2014-09-30,2014-12-29,-1070000.0,24584000.0,334000.0,-0.13,7962000.0,0.3238691832085909,23774000.0,9536000.0,6655000.0,9467000.0,14238000.0,1564000.0,-14790000.0,22846600.0,1.1979899497487436,0.7029682053448822,0.22882140153108438,0.5704697986577181,0.021616372118545397,1.1979899497487436,-0.11220637583892618,0.7479498861047836,-17.18467289719626,1.9282298657718122,0.0,10.627877237851662,0.0,1.0340708336838562,0.4664624485053343,-0.045007150668797846,15.4,0.3238691832085909,-2.4444444444444446,0.8790619305570503,-0.5224108523994248,-0.5512103198921436,0.12856130403968816,-2.3842173350582145,-0.5975903614457831,-2.402891529470557,-0.4719345278164901,-0.5644162039505883,Diagnostics & Research,Healthcare,5.01,129057600,383709,NOTV
2013,2013-09-30,2013-12-30,773000.0,22068000.0,830000.0,0.09,7055000.0,0.3196936740982418,25597000.0,9459000.0,7233000.0,11026000.0,16138000.0,1379000.0,-13720000.0,15711400.0,1.2342118997912317,0.6559949210955922,0.260538344337227,0.7050428163653664,0.04821062238734518,1.2342118997912317,0.08172111216830531,0.46884176182707993,13.384734799482537,1.093815413891532,0.0,10.886874546773024,0.0,0.8621322811266945,0.5093415563214221,0.030198851427901706,6.847385837193912,0.3196936740982418,1.101123595505618,1.3328621792939452,-0.6606578385882885,-0.6591785740053884,0.03173442527054694,1.1209702660406886,1.145972564192754,1.18421874624221,-0.5082717924773353,-0.4313160694221521,Diagnostics & Research,Healthcare,5.01,129057600,383709,NOTV
2012,2012-09-30,2012-12-31,-6390000.0,28208000.0,-5686000.0,-0.89,6838000.0,0.2424134997163925,26975000.0,9590000.0,6892000.0,11387000.0,17385000.0,1656000.0,-14096000.0,16228300.0,1.339759709416038,0.6052516027048388,0.27010194624652456,0.7597497393117831,-0.3169562670882801,1.339759709416038,-0.6663190823774765,0.3425730289279637,-1.5122535211267607,1.0076433785192909,0.0,12.904589371980677,0.0,1.0457089898053753,0.4397997716694476,-0.23688600556070435,-7.4909302325581395,0.2424134997163925,-10.288453038674033,-5.7325063952972615,-0.5724341205132245,-0.6455276267369122,-0.349133828288597,-12.767955801104973,-5.418026418026418,0.19684108240776677,-0.39060965231434,-0.4981006881265375,Diagnostics & Research,Healthcare,5.01,129057600,383709,NOTV
2011,2011-09-30,2011-12-29,543000.0,33144000.0,1287000.0,0.09581789306511382,10506000.0,0.3169804489500362,32346000.0,15586000.0,10373000.0,9847000.0,16760000.0,1636000.0,-7706000.0,11703730.0,2.7503088053643903,1.0534172844521175,0.24494527916898534,0.5083408186834338,0.046778231245342444,2.7503088053643903,0.03483895803926601,0.2034675959449674,12.41939226519337,0.4326786860002566,0.0,13.837408312958436,0.0,1.0246707475421999,0.827866355235097,0.016787237989241328,-78.41546511627907,0.3169804489500362,1.1742143510274796,1.1792497082233564,-0.3366469899802754,-0.22618686057433807,0.43270148643120143,1.201783723522854,1.644466700050075,1.3162183522645865,-0.31074162763346297,-0.2405160174453153,Diagnostics & Research,Healthcare,5.01,129057600,383709,NOTV
2010,2010-09-30,2011-01-12,-2691000.0,28781000.0,-1997000.0,-0.55,7333000.0,0.2547861436364268,29743000.0,10667000.0,8634000.0,11976000.0,19076000.0,1673000.0,-3981000.0,13020000.0,2.17029501525941,0.7209418837675351,0.32031066133207814,0.8931283397393831,-0.08327127416263352,2.17029501525941,-0.2522733664572982,0.17077238455925783,-1.8264585655890002,0.4607668510359051,0.0,12.820083682008368,0.0,0.9676562552533369,0.5349031396125584,-0.0904750697643143,2.4686087393269713,0.2547861436364268,0.5045045045045045,-25.402153849445206,-0.3272879576624562,-0.46064469030500094,-0.03563913729615992,0.5074135090609555,0.5658695652173913,-3.9024999505634668,-0.36466205075182967,-0.4257853708144635,Diagnostics & Research,Healthcare,5.01,129057600,383709,NOTV
2009,2009-09-30,2010-01-13,-5463000.0,31784000.0,-4600000.0,-1.11,7604000.0,0.23923986911653664,32585000.0,13120000.0,9563000.0,10379000.0,19465000.0,1847000.0,-1290000.0,14666450.0,2.669379450661241,0.9213797090278447,0.32143624367040047,0.7983231707317073,-0.17734038955635337,2.669379450661241,-0.4163871951219512,0.15927668009061163,-0.9266794801391176,0.38585746951219513,0.0,13.091499729290742,0.0,0.975418137179684,0.6834955197995953,-0.16765382844867271,2.887877923559612,0.23923986911653664,-2.7,-25.610706127317105,-0.1540443598451891,-0.33195480323061566,-0.5040761755690341,-2.668905305574211,-2.64638511095204,-1.0793113242579178,-0.2665373109495746,-0.24895673932845847,Diagnostics & Research,Healthcare,5.01,129057600,383709,NOTV
2008,2008-09-30,2009-01-14,-1489000.0,41697000.0,2794000.0,-0.3,15333000.0,0.3677242967119937,40347000.0,17795000.0,14944000.0,12050000.0,22552000.0,2184000.0,4173000.0,34218400.0,3.621286121286121,1.2401659751037344,0.29615584801844,0.6714807530205114,0.024326035253060294,3.621286121286121,-0.08367518966001686,0.5421109432333261,-15.180926796507721,1.2702669289126158,0.0,12.071428571428571,0.0,1.033459736783404,0.9108713692946058,-0.03690485042258408,-20.273004484304934,0.3677242967119937,-2.5789473684210527,-17.15464255881295,0.3236341430018225,-0.14553260666950898,0.1117314385150812,-2.6079913606911447,0.16903765690376568,-13.61196850466935,-0.025197796284988964,-0.10004866448673967,Diagnostics & Research,Healthcare,5.01,129057600,383709,NOTV
TTM,,,,,,,,,,,,,,,,521315600.0,10.664772063689805,1.5903377046952505,0.4798783421936625,1.52166485365729,-0.037003590654079765,10.664772063689805,-0.8993353382632459,0.21605058349474093,-0.3743785272932497,0.4697709402582991,0.0,6.806614192825809,0.0,0.6876624617516974,0.7444904985164549,-0.3957194134454439,-3.090755819522943,0.26748014979517837,,,,,,,,,,,Diagnostics & Research,Healthcare,5.01,129057600,383709,NOTV
