Quarters,Year,Quarter,FillingDate,Date,NetIncome,Revenue,OperatingIncome,EPSDiluted,GrossProfit,GrossProfitRatio,TotalAssets,CommonStockEquity,CurrentAssets,CurrentLiability,TotalLiability,Inventory,RetainedEarnings,MarketCap,EnterpriseValue,bookValuePerShare,currentRatio,debtToAssets,debtToEquity,roic,shareholdersEquityPerShare,roe,priceToSalesRatio,peRatio,pbRatio,payoutRatio,inventoryTurnover,dividendYield,assetTurnover,quickRatio,returnOnAssets,priceToFreeCashFlowsRatio,grossProfitMargin,epsdilutedGrowth,fiveYNetIncomeGrowthPerShare,fiveYRevenueGrowthPerShare,fiveYShareholdersEquityGrowthPerShare,grossProfitGrowth,netIncomeGrowth,operatingIncomeGrowth,threeYNetIncomeGrowthPerShare,threeYRevenueGrowthPerShare,threeYShareholdersEquityGrowthPerShare,Industry,Sector,Symbol
2023Q1,2023,Q1,2023-05-09,2023-03-31,-133533000.0,128714000.0,-134055000.0,-1.3,75641000.0,0.5876672312,1511631000.0,-44551000.0,1104460000.0,204155000.0,1556182000.0,46474000.0,-1795946000.0,2406420720.0,3525671720.0,-0.43395381003867023,5.409909137665009,0.9039970733598345,-30.67293663441898,-0.08795845210885565,-0.43395381003867023,2.9973064577675026,18.695873953105334,-4.505292174967986,-54.01496532064376,0.0,1.1419933726384646,0.0,0.08514908731032904,5.016894026597439,-0.08833703463345222,-29.35912548038797,0.5876672312258184,0.04411764705882357,-5.644017254772948,4.311548446886725,0.0,-0.051761313777109186,0.04574299312533051,0.08256284261458127,-3.4272049094382266,0.7528021770908748,-1.0521675586814505,Diagnostics & Research,Healthcare,GH
2022Q4,2022,Q4,2023-02-23,2022-12-31,-139934000.0,126891000.0,-146119000.0,-1.36,79770000.0,0.628649786,1609985000.0,60180000.0,1191594000.0,193220000.0,1549805000.0,51598000.0,-1662413000.0,2788435200.0,4016072200.0,0.5870303172187756,6.167032398302453,0.8504948803870843,22.753140578265203,-0.08951034079573737,0.5870303172187756,-2.3252575606513792,21.975043147268128,-4.981697085769005,46.33491525423729,0.0,0.9132330710492654,0.0,0.07881502001571443,5.736916468274506,-0.08691633772985463,-27.67677617866005,0.6286497860368347,0.1392405063291139,-5.409502355010874,3.3760616505363394,-0.8654840284620424,0.0372132938055859,0.136177883131474,-0.010504840940525588,-4.089472163972074,0.8497934150486344,-0.9308873089723817,Diagnostics & Research,Healthcare,GH
2022Q3,2022,Q3,2022-11-03,2022-09-30,-161994000.0,117404000.0,-144600000.0,-1.58,76908000.0,0.6550713775,1701779000.0,166745000.0,1130849000.0,175124000.0,1535034000.0,63047000.0,-1522479000.0,5506216870.0,6721320870.0,1.6301361827762515,6.457418743290469,0.8070460382928688,8.236612791987765,-0.08143892891801507,1.6301361827762515,-0.9715073915259828,46.89973825423325,-8.49756298072768,33.02178098293802,0.0,0.6423144638127112,0.0,0.06898898153050426,5.9628434709120395,-0.09519097368107139,-55.125011212782574,0.6550713774658444,0.29777777777777775,-2.9171799974963437,6.291190583582051,0.0,0.06201582501346369,0.29393458628264585,-0.10956791307617345,-10.55300762267873,0.7599618779515794,-0.8134690429416228,Diagnostics & Research,Healthcare,GH
2022Q2,2022,Q2,2022-08-04,2022-06-30,-229432000.0,109144000.0,-130321000.0,-2.25,72417000.0,0.6634995969,1853737000.0,319087000.0,1037139000.0,167755000.0,1534650000.0,59890000.0,-1360485000.0,4116575980.0000005,5278316980.0,3.126863112095407,6.182462519746058,0.742775269631021,4.315155427830027,-0.06741774764269284,3.126863112095407,-0.7190264724040779,37.716924246866526,-4.485616631507375,12.901108412439243,0.0,0.6132409417264986,0.0,0.05887782355317933,5.6568567255819495,-0.12376728737679617,-30.50015914765613,0.6634995968628601,-0.859504132231405,-7.681621780639158,3.610896082697451,-0.05603282123451242,0.1294332324776194,-0.8618495796409907,-0.05661677666250466,-16.25684509808361,0.7643007314201412,-0.6585993127328074,Diagnostics & Research,Healthcare,GH
2022Q1,2022,Q1,2022-05-05,2022-03-31,-123228000.0,96099000.0,-123338000.0,-1.21,64118000.0,0.6672077753,2129598000.0,533040000.0,1113280000.0,228809000.0,1596558000.0,36613000.0,-1131053000.0,6746742719.999999,7550534719.999999,5.233424641394952,4.86554287637287,0.6467868583648182,2.584038721296713,-0.057292213023799096,5.233424641394952,-0.23117964880684377,70.2061698873037,-13.687519719544259,12.65710400720396,0.0,0.8734875590637206,0.0,0.045125418036643536,4.5741076618489656,-0.05786444202145193,-131.46676123852762,0.6672077753150397,-0.7042253521126761,-5.1800454793139625,2.99718596858868,0.0,-0.14149907613207294,-0.7041390659788967,-0.36652004830650253,-2.9909956736293197,1.2119835891617188,-0.0393042450275451,Diagnostics & Research,Healthcare,GH
2021Q4,2021,Q4,2022-02-24,2021-12-31,-72311000.0,108108000.0,-90257000.0,-0.71,74686000.0,0.6908461908,2204499000.0,645005000.0,1114126000.0,194687000.0,1559494000.0,30674000.0,-1007825000.0,10171733940.0,11053261940.0,6.3424191470741516,5.72265225721286,0.6231483888175953,2.1297974434306712,-0.03998448473143963,6.3424191470741516,-0.1121092084557484,94.08863303363303,-35.16662036204727,15.770007891411694,0.0,1.089587272608724,0.0,0.049039713785309046,5.292597862209598,-0.03280155717920489,-100.10268312125417,0.6908461908461908,0.3301886792452831,-2.338788746995361,2.758321734126478,0.4533434619044857,0.16764379406844582,0.32750218551792126,0.15874095891432405,-1.3809855881116606,1.7203520028688128,0.10429704504859509,Diagnostics & Research,Healthcare,GH
2021Q3,2021,Q3,2021-11-04,2021-09-30,-107526000.0,94779000.0,-107288000.0,-1.06,63963000.0,0.6748646852150793,2225534000.0,709420000.0,1593412000.0,102304000.0,1456714000.0,24739000.0,-916914000.0,12678514200.0,13205383200.0,6.994872806152633,15.575265874257116,0.610747353219497,1.9159862986665164,-0.0468165106207783,6.994872806152633,-0.15156888726001522,133.7692336910075,-29.477787232855313,17.87166163908545,0.0,1.245644528881523,0.0,0.04258708247099348,15.118812558648733,-0.048314696607645626,-168.38677982309346,0.6748646852150793,-0.10416666666666677,-1.6223666661631486,4.936534629036634,0.0,0.028774085630649468,-0.10198308993082245,-0.09878945535732574,-2.622040004705284,2.5997572875180732,1.2903696215832077,Diagnostics & Research,Healthcare,GH
2021Q2,2021,Q2,2021-08-05,2021-06-30,-97575000.0,92101000.0,-97642000.0,-0.96,62174000.0,0.6750632457845192,2291885000.0,788065000.0,1891059000.0,96612000.0,1444420000.0,26494000.0,-809388000.0,12564550680.0,12978829680.0,7.789358715850235,19.573748602658053,0.5902865981495581,1.7166972267516005,-0.04140432074665625,7.789358715850235,-0.12381592888911448,136.42143603218207,-32.19203351268255,15.943546128809173,0.0,1.1295765078885784,0.0,0.04018569867161747,19.10041195710678,-0.04257412566511845,-154.60637249593935,0.6750632457845192,0.11926605504587166,-2.7241343248682357,2.9245486798248415,1.3515257009335804,0.2455226571577387,0.11018803917634828,0.09475909255258987,-2.7241343248682357,2.9245486798248415,1.3515257009335804,Diagnostics & Research,Healthcare,GH
2021Q1,2021,Q1,2021-05-06,2021-03-31,-109658000.0,78665000.0,-107863000.0,-1.09,49918000.0,0.6345642916163478,2346741000.0,847046000.0,2033044000.0,95501000.0,1499695000.0,28876000.0,-711813000.0,15410780750.0,15681387750.0,8.390332326283987,21.2881959351211,0.48577111832963243,1.3458289160210897,-0.04898209438750107,8.390332326283987,-0.12945932098138707,195.90390580308906,-35.133735682759124,18.193558260118106,0.0,0.9955326222468486,0.0,0.033520955231105605,20.82165631773489,-0.046727781208066844,-595.5396974146926,0.6345642916163478,-0.15957446808510653,-4.548410489704856,2.3011330221973254,0.0,0.0001803281973191208,-0.16974771987839352,-0.18314941973981527,-4.548410489704856,2.3011330221973254,0.0,Diagnostics & Research,Healthcare,GH
2020Q4,2020,Q4,2021-02-25,2020-12-31,-93745000.0,78316000.0,-91166000.0,-0.94,49909000.0,0.6372771847387507,2271781000.0,1298495000.0,1888361000.0,66809000.0,973286000.0,22716000.0,-606592000.0,12890319840.0,12870266840.0,12.982613129636665,28.265069077519495,0.35783554840893556,0.626050928189943,-0.04233364602036326,12.982613129636665,-0.0721951181945252,164.59369528576536,-34.376019627713475,9.927123200320372,0.0,1.250528262017961,0.0,0.0344733933420519,27.6636231645437,-0.041264981087525604,-193.82482279527855,0.6372771847387507,-0.205128205128205,-3.401114452784953,1.7683219480247578,1.974920999835993,-0.06505938331272713,-0.20696536629329212,-0.22779184399073427,-3.401114452784953,1.7683219480247578,1.974920999835993,Diagnostics & Research,Healthcare,GH
2020Q3,2020,Q3,2020-11-05,2020-09-30,-77670000.0,74569000.0,-74252000.0,-0.78,53382000.0,0.7158738886132306,1262109000.0,1092204000.0,1087288000.0,71967000.0,169905000.0,27731000.0,-512847000.0,11128146120.0,11032321120.0,10.970970528557366,15.108146789500744,0.0058933103242271466,0.006810083098029306,-0.0648107599392707,10.970970528557366,-0.07111308876363756,149.2328731778621,-35.818675550405565,10.188706615247701,0.0,0.7640186073347517,0.0,0.05908285259038641,14.585282143204525,-0.06153985115390192,-623.6701294625343,0.7158738886132306,-0.3684210526315791,-0.9297369942556604,3.7582153559023443,0.0,0.21599088838268793,-0.4215121067369461,-0.35942878066642253,-0.9297369942556604,3.7582153559023443,0.0,Diagnostics & Research,Healthcare,GH
2020Q2,2020,Q2,2020-08-06,2020-06-30,-54639000.0,66335000.0,-54620000.0,-0.57,43900000.0,0.6617924172759478,1277536000.0,1114589000.0,1010303000.0,70048000.0,162947000.0,20354000.0,-435177000.0,7789372430.0,7674058430.0,11.608971888637761,14.423009936043856,0.006449916088470306,0.007392859610134319,-0.046628574335482995,11.608971888637761,-0.049021657310452556,117.42477470415317,-35.640167417046435,6.988560294422427,0.0,1.1022403458779602,0.0,0.05192417278260652,13.97396071265418,-0.04276904916965158,-236.9607091141397,0.6617924172759478,-0.9655172413793103,-1.1974998882506218,1.9785675275282242,2.5046268574071417,-0.06603693302697643,-0.9704641350210971,-0.5645050412465628,-1.1974998882506218,1.9785675275282242,2.5046268574071417,Diagnostics & Research,Healthcare,GH
2020Q1,2020,Q1,2020-05-07,2020-03-31,-27729000.0,67510000.0,-34912000.0,-0.29,47004000.0,0.6962524070508073,948167000.0,785113000.0,607392000.0,82322000.0,163054000.0,25148000.0,-380538000.0,6568987199.999999,6457828199.999999,8.318461147252654,7.378246398289643,0.007706448336632682,0.009306940529579819,-0.04190445448864022,8.318461147252654,-0.03531848281712314,97.30391349429712,-59.22488369576977,8.366932148620645,0.0,0.8154127564816288,0.0,0.07120053745806382,6.901034960277933,-0.0292448482176663,-161.13887062748367,0.6962524070508073,-0.07407407407407393,-0.5007250377340263,2.0303182619856734,0.0,0.14479164129667063,-0.09992066640222134,-0.34473461212541406,-0.5007250377340263,2.0303182619856734,0.0,Diagnostics & Research,Healthcare,GH
2019Q4,2019,Q4,2020-03-02,2019-12-31,-25210000.0,62897000.0,-25962000.0,-0.27,41059000.0,0.6527974307200661,962535000.0,798393000.0,597358000.0,72734000.0,164142000.0,15181000.0,-352809000.0,7344925580.0,7242093580.0,8.493813632349969,8.212912805565486,0.007417912075924512,0.00894296417929516,-0.03002643364120611,8.493813632349969,-0.0315759281456626,116.77704151231379,-72.8374214597382,9.199636745312146,0.0,1.4385086621434688,0.0,0.06534515628003137,7.847609096158605,-0.02619125538292114,-196.58286486631158,0.6527974307200661,-0.9285714285714285,-0.2593648513068168,1.3657029022461327,0.9463280844353656,-0.03011763594274106,-0.9710711493354183,-0.4854952222921554,-0.2593648513068168,1.3657029022461327,0.9463280844353656,Diagnostics & Research,Healthcare,GH
2019Q3,2019,Q3,2019-11-07,2019-09-30,-12790000.0,60848000.0,-17477000.0,-0.14,42334000.0,0.695733631343676,948334000.0,815396000.0,583062000.0,67817000.0,132938000.0,14760000.0,-327599000.0,5955530490.0,5808479490.0,8.7392259627236,8.597578778182461,8.435846442287212e-05,9.811183768377573e-05,-0.021102410199788216,8.7392259627236,-0.015685630049693648,97.87553395345779,-116.40990011727912,7.3038505094457165,0.0,1.2543360433604336,0.0,0.06416304804003653,8.296518572039458,-0.013486809499606678,-839.1616866281528,0.695733631343676,-0.07692307692307698,0.6609385083580436,3.142811656845813,0.0,0.1397878412578752,-0.10258620689655172,-0.1446816871888918,0.6609385083580436,3.142811656845813,0.0,Diagnostics & Research,Healthcare,GH
2019Q2,2019,Q2,2019-08-07,2019-06-30,-11600000.0,53975000.0,-15268000.0,-0.13,37142000.0,0.6881333950903196,939989000.0,815474000.0,604248000.0,57049000.0,124515000.0,14176000.0,-314809000.0,7846742680.0,7672243680.0,9.158924479985624,10.591736927904082,7.872432549742604e-05,9.074476929981826e-05,-0.01691125809872963,9.158924479985624,-0.01422485572807962,145.37735396016674,-169.11083362068965,9.622308841238347,0.0,1.1874294582392777,0.0,0.05742088471248068,10.271696261108872,-0.012340569942839757,-464.77182254338686,0.6881333950903196,0.5666666666666667,0.496917209878458,1.6134411217899318,1.764983241017041,0.6064878892733564,0.5547195884994818,0.3548005409060176,0.496917209878458,1.6134411217899318,1.764983241017041,Diagnostics & Research,Healthcare,GH
2019Q1,2019,Q1,2019-05-10,2019-03-31,-26051000.0,36655000.0,-23664000.0,-0.3,23120000.0,0.6307461465011595,579171000.0,468134000.0,512255000.0,48192000.0,111037000.0,10256000.0,-303209000.0,5896859700.0,5743265700.0,5.447535928317914,10.629461321381141,0.00016575415550847678,0.00020506948865068548,-0.05057971113948147,5.447535928317914,-0.055648596342072996,160.87463374710134,-56.589571417603935,12.596520867956613,0.0,1.3197152886115444,0.0,0.06328873510586683,10.289010624169986,-0.04497980734532634,-841.446875,0.6307461465011595,0.0,-0.5484971632890727,0.8070595044981794,0.0,0.22159991546021346,-0.036979539845553695,0.13594040968342644,-0.5484971632890727,0.8070595044981794,0.0,Diagnostics & Research,Healthcare,GH
2018Q4,2018,Q4,2019-03-19,2018-12-31,-25122000.0,32873000.0,-27387000.0,-0.3,18926000.0,0.5757308429410154,587403000.0,483152000.0,468991000.0,46944000.0,104251000.0,9136000.0,-280799000.0,3162183570.0000005,3021855570.0000005,5.743399545903023,9.99043541240627,0.0001651336475979864,0.00020076497665330993,-0.05672588860242118,5.743399545903023,-0.05199605921117992,96.19394548717794,-31.468270539765946,6.5449042330363945,0.0,1.5265980735551663,0.0,0.05596328244833615,9.684965064758009,-0.04276791231914035,-107.30542502290544,0.5757308429410154,-0.02490869771684503,-0.4022717162447531,0.38155714045941436,0.3160801873200075,0.6258053431835753,-0.027148581241311635,-0.13146044205742616,-0.4022717162447531,0.38155714045941436,0.3160801873200075,Diagnostics & Research,Healthcare,GH
2018Q3,2018,Q3,2018-11-19,2018-09-30,-24458000.0,21692000.0,-24205000.0,-0.292709,11641000.0,0.5366494560206527,344599000.0,255187000.0,297081000.0,32050000.0,89412000.0,7075000.0,-255677000.0,2690544448.2000003,2576826448.2000003,3.0540366673731283,9.269297971918876,0.0002959962158915145,0.0003997068816201452,-0.09472543126389281,3.0540366673731283,-0.09584344030064228,124.03395022127975,-27.501680924441903,10.543422855396239,0.0,1.4206360424028268,0.0,0.06294852857959542,8.922995319812793,-0.07097524949288883,-96.23178397653709,0.5366494560206527,-0.13027277080147667,0.2759973211901276,0.6491485827728402,0.0,0.23538151331847607,-0.13027404223855077,-0.06615865744615249,0.2759973211901276,0.6491485827728402,0.0,Diagnostics & Research,Healthcare,GH
2018Q2,2018,Q2,2018-06-30,2018-06-30,-21639000.0,19382000.0,-22703000.0,-0.258972,9423000.0,0.4861727375915798,362847000.0,276781000.0,283761000.0,29806000.0,86066000.0,6728000.0,-231219000.0,2690544448.2000003,2580033448.2000003,3.312470160439998,9.520264376300073,0.0002921341502065609,0.0003829742648519949,-0.08192817511235796,3.312470160439998,-0.07818094450124828,138.81665711484885,-31.084436066823795,9.720842283971805,0.0,1.4802318668252081,0.0,0.053416453767014746,9.192645776018251,-0.0596367063803752,-110.35867301886793,0.4861727375915798,-0.3228447813494475,0.0,0.0,0.0,0.2667025137787337,-0.5630598093036695,-0.2175148817504156,0.0,0.0,0.0,Diagnostics & Research,Healthcare,GH
2018Q1,2018,Q1,2018-03-31,2018-03-31,-13844000.0,16692000.0,-18647000.0,-0.195769,7439000.0,0.44566259285885457,,,,,,,,2277055200.0,,,0.0,0.0,0.0,0.0,,0.0,136.41595974119338,-41.11989309448137,0.0,0.0,0.0,0.0,0.0,0.0,0.0,-215.22260869565218,0.44566259285885457,0.08074365179282875,0.0,0.0,0.0,-0.3146305509489589,0.08074369189907038,-0.1940193379010053,0.0,0.0,0.0,Diagnostics & Research,Healthcare,GH
2017Q4,2017,Q4,2017-12-31,2017-12-31,-15060000.0,20002000.0,-15617000.0,-0.21296453419311048,10854000.0,0.5426457354264573,342938000.0,308606000.0,242935000.0,19627000.0,34332000.0,7287000.0,-195736000.0,2277055200.0,2205434200.0,4.3640194581141465,12.377592092525603,0.0005802798173430766,0.0006448351619864812,-0.050488141668501026,4.3640194581141465,-0.0488000881382734,113.84137586241376,-37.79972111553785,7.378518888161605,0.0,1.2553863043776587,0.0,0.05832541159043326,11.927803535945381,-0.043914643463249914,-102.79694821904204,0.5426457354264573,0.5478296792174866,0.0,0.0,0.0,3.3925536220153782,0.4732423924449108,0.45543622288862545,0.0,0.0,0.0,Diagnostics & Research,Healthcare,GH
2017Q3,2017,Q3,2017-09-30,2017-09-30,-28590000.0,11132000.0,-28678000.0,-0.470983,2471000.0,0.22197269134028028,,,,,,,,2277055200.0,,,0.0,0.0,0.0,0.0,,0.0,204.5504132231405,-19.911290661070307,0.0,0.0,0.0,0.0,0.0,0.0,0.0,-77.19092850605105,0.22197269134028028,0.0,0.0,0.0,0.0,0.0,0.0,0.0,0.0,0.0,0.0,Diagnostics & Research,Healthcare,GH
