Quarters,Year,Quarter,FillingDate,Date,NetIncome,Revenue,OperatingIncome,EPSDiluted,GrossProfit,GrossProfitRatio,TotalAssets,CommonStockEquity,CurrentAssets,CurrentLiability,TotalLiability,Inventory,RetainedEarnings,MarketCap,EnterpriseValue,bookValuePerShare,currentRatio,debtToAssets,debtToEquity,roic,shareholdersEquityPerShare,roe,priceToSalesRatio,peRatio,pbRatio,payoutRatio,inventoryTurnover,dividendYield,assetTurnover,quickRatio,returnOnAssets,priceToFreeCashFlowsRatio,grossProfitMargin,epsdilutedGrowth,fiveYNetIncomeGrowthPerShare,fiveYRevenueGrowthPerShare,fiveYShareholdersEquityGrowthPerShare,grossProfitGrowth,netIncomeGrowth,operatingIncomeGrowth,threeYNetIncomeGrowthPerShare,threeYRevenueGrowthPerShare,threeYShareholdersEquityGrowthPerShare,Industry,Sector,Symbol
2023Q1,2023,Q1,2023-05-08,2023-03-31,-41771000.0,0.0,-48823000.0,-1.62,0.0,0.0,531847000.0,489566000.0,355429000.0,35076000.0,42281000.0,0.0,-326056000.0,2058520333.2,1926533333.2,19.040207341100846,10.133110959060327,0.016467141865987776,0.017889314208911565,-0.08878747384907469,19.040207341100846,-0.08532251014163565,0.0,-12.320272038016805,4.204786143645596,0.0,0.0,0.0,0.0,9.989365948226707,-0.07853950478239043,-65.273181761106,0.0,-0.40869565217391324,-6.788343228076532,0.0,3.1404804595731703,0.0,-0.4240275457675655,-0.4041298783468983,-4.28015083205568,0.0,0.6662166848044957,Biotechnology,Healthcare,KRYS
2022Q4,2022,Q4,2023-02-27,2022-12-31,-29333000.0,0.0,-34771000.0,-1.15,0.0,0.0,558450000.0,522231000.0,383779000.0,28847000.0,36219000.0,0.0,-280759000.0,2019454137.62,1866487137.62,20.486298276997463,13.303948417513086,0.015996060524666487,0.017105457163592356,-0.05891783287719956,20.486298276997463,-0.05616863035706421,0.0,-17.21145243940272,3.8669748399080097,0.0,0.0,0.0,0.0,13.144209103199639,-0.05252574088996329,-73.31206482320482,0.0,-0.04545454545454529,-7.514407946405978,0.0,3.2681012379847965,0.0,-0.038373039753619595,-0.105561031445741,-2.72880170824487,0.0,0.7526092083965896,Biotechnology,Healthcare,KRYS
2022Q3,2022,Q3,2022-11-07,2022-09-30,-28249000.0,0.0,-31451000.0,-1.1,0.0,0.0,576379000.0,540772000.0,397578000.0,28032000.0,35607000.0,0.0,-248707000.0,1785653012.5,1608366012.5,21.10813698750445,14.183005136986301,0.015826392009424355,0.016868476918183634,-0.053243790195209965,21.10813698750445,-0.05223828156783265,0.0,-15.80279843976778,3.3020441378251837,0.0,0.0,0.0,0.0,14.070348173515981,-0.0490111541190779,-52.917644988738736,0.0,-0.018518518518518535,0.1252646737585049,0.0,0.7589728700148448,0.0,-0.02862032552889342,-0.09383368691962578,-3.4630711077341907,0.0,0.7577317557020188,Biotechnology,Healthcare,KRYS
2022Q2,2022,Q2,2022-08-08,2022-06-30,-27463000.0,0.0,-28753000.0,-1.08,0.0,0.0,601324000.0,559181000.0,428770000.0,34427000.0,42143000.0,0.0,-218857000.0,1677295665.22,1467708665.22,21.889894084466153,12.454468876172772,0.01518815147906952,0.01633281531382504,-0.04865069703998844,21.889894084466153,-0.049112899043422434,0.0,-15.26868573371445,2.999557683862649,0.0,0.0,0.0,0.0,12.361373340691898,-0.04567088624435413,-28.15482702554806,0.0,0.45454545454545453,-11.299277767882563,0.0,55.01985179465325,0.0,0.4475134787156997,0.4274819800087611,-1.9193735292082938,0.0,0.6031888405369457,Biotechnology,Healthcare,KRYS
2022Q1,2022,Q1,2022-05-09,2022-03-31,-49708000.0,0.0,-50222000.0,-1.98,0.0,0.0,616874000.0,548554000.0,437998000.0,60437000.0,68320000.0,0.0,-190749000.0,1671115702.6200001,1411106702.6200001,21.84216395236639,7.247183017025994,0.015066285821739933,0.016942725784517113,-0.08809729855074437,21.84216395236639,-0.09061642062586363,0.0,-8.404661737647864,3.0464014529472037,0.0,0.0,0.0,0.0,7.191488657610404,-0.08058047510512682,-51.129473216864525,0.0,-1.0204081632653061,-16.13002342912247,0.0,0.0,0.0,-1.2795560854810604,-1.3031275795652573,-5.941439418323725,0.0,1.8762823855622761,Biotechnology,Healthcare,KRYS
2021Q4,2021,Q4,2022-02-28,2021-12-31,-21806000.0,0.0,-21806000.0,-0.98,0.0,0.0,626295000.0,593576000.0,442267000.0,25736000.0,32719000.0,0.0,-140784000.0,1553748006.7,1220526006.7,26.722892657597384,17.184760646565124,0.012811853838845911,0.013518066768198176,-0.035769589123787776,26.722892657597384,-0.036736660511880535,0.0,-17.813308340594332,2.6176058444074557,0.0,0.0,0.0,0.0,17.022691949020828,-0.034817458226554576,-25.14847137076542,0.0,-0.4000000000000001,-5.694188555911144,0.0,394.3374568421731,0.0,-0.39880685098466867,-0.3931765908510095,-2.8171380332996607,0.0,2.402763381219122,Biotechnology,Healthcare,KRYS
2021Q3,2021,Q3,2021-11-08,2021-09-30,-15589000.0,0.0,-15652000.0,-0.7,0.0,0.0,451095000.0,408237000.0,345812000.0,35779000.0,42858000.0,0.0,-118978000.0,1159702407.8600001,881190407.8600001,18.378899298252595,9.665222616618687,0.017960739977166674,0.01984631476323802,-0.03687673905207084,18.378899298252595,-0.03818615167170051,0.0,-18.59808852171403,2.840757716375537,0.0,0.0,0.0,0.0,9.589228318287264,-0.034558130770680234,-41.057226080152944,0.0,0.054054054054054106,-8.318625519987371,0.0,0.0,0.0,0.04730183951598118,0.04520222045995242,-1.7064279475067878,0.0,2.734022469216252,Biotechnology,Healthcare,KRYS
2021Q2,2021,Q2,2021-08-09,2021-06-30,-16363000.0,0.0,-16393000.0,-0.74,0.0,0.0,443556000.0,418540000.0,369927000.0,18119000.0,25016000.0,0.0,-103389000.0,1509916812.0,1188220812.0,18.84919736889452,20.416524090733486,0.017655042429817205,0.018710278587470732,-0.03775431711507547,18.84919736889452,-0.03909542696038611,0.0,-23.069070647191836,3.6075806661251018,0.0,0.0,0.0,0.0,20.295270158397262,-0.03689049409770131,-106.94976710582236,0.0,0.0,-7.43061392326474,0.0,47.23820704564138,0.0,-0.03484695168226663,-0.14213056503866786,-2.338177951899704,0.0,3.2927509584996306,Biotechnology,Healthcare,KRYS
2021Q1,2021,Q1,2021-05-10,2021-03-31,-15812000.0,0.0,-14353000.0,-0.74,0.0,0.0,443018000.0,430652000.0,405826000.0,9144000.0,12366000.0,0.0,-87026000.0,1637370256.3200002,1239068256.3200002,20.262631467708765,44.38167104111986,0.008735536705054874,0.008986374148964825,-0.03274010474643698,20.262631467708765,-0.03671642068305732,0.0,-25.888095375664054,3.802072801983969,0.0,0.0,0.0,0.0,44.11854768153981,-0.03569155203626038,-135.01857477694404,0.0,-0.40231646344987,-5.438898419443318,0.0,0.0,0.0,-0.5228739285370317,-0.377447216890595,-2.5666949607937997,0.0,3.406308615688105,Biotechnology,Healthcare,KRYS
2020Q4,2020,Q4,2021-03-01,2020-12-31,-10383000.0,0.0,-10420000.0,-0.5276982901416628,0.0,0.0,310844000.0,292084000.0,275058000.0,15452000.0,18760000.0,0.0,-71214000.0,1180560960.0,923837960.0,14.84467180754478,17.800802485115195,0.026502039608292262,0.028204215225756973,-0.03341157156232765,14.84467180754478,-0.03554799304309719,0.0,-28.425333718578447,4.04185426110297,0.0,0.0,0.0,0.0,17.555138493398914,-0.033402607095520585,-77.51040378176089,0.0,-0.0769352860033935,-2.5983258262801003,0.0,218.61150969870712,0.0,-0.08043704474505724,-0.07644628099173553,-2.904656334631789,0.0,2.0927286746771854,Biotechnology,Healthcare,KRYS
2020Q3,2020,Q3,2020-11-09,2020-09-30,-9610000.0,0.0,-9680000.0,-0.49,0.0,0.0,311451000.0,301720000.0,287652000.0,7198000.0,9731000.0,0.0,-60831000.0,847052488.8,567780488.8,15.33440509501517,39.962767435398725,0.0018108787578142308,0.0018692827787352513,-0.031698108264757795,15.33440509501517,-0.031850722524194616,0.0,-22.03570470343392,2.8074124645366565,0.0,0.0,0.0,0.0,39.783967768824674,-0.030855575997508437,-77.37052327365728,0.0,-0.32432432432432434,-5.485040440709628,0.0,0.0,0.0,-0.4064100687838431,-0.3920046016681047,0.6125424744411189,0.0,0.2778390890639184,Biotechnology,Healthcare,KRYS
2020Q2,2020,Q2,2020-08-07,2020-06-30,-6833000.0,0.0,-6954000.0,-0.37,0.0,0.0,318145000.0,309696000.0,298539000.0,5831000.0,8449000.0,0.0,-51221000.0,761462836.22,472941836.22,16.846007066711103,51.198593723203565,0.0016941960426849392,0.0017404164083488325,-0.022189462398529636,16.846007066711103,-0.02206357201901219,0.0,-27.85975545953461,2.45874288405404,0.0,0.0,0.0,0.0,50.96450008574858,-0.02147762812554024,-108.5942436138049,0.0,-0.1935483870967742,-3.252195095505269,0.0,42.111712444443846,0.0,-0.27934843662235537,-0.16952573158425832,-3.252195095505269,0.0,42.111712444443846,Biotechnology,Healthcare,KRYS
2020Q1,2020,Q1,2020-05-04,2020-03-31,-5341000.0,0.0,-5946000.0,-0.31,0.0,0.0,205131000.0,198369000.0,188329000.0,4061000.0,6762000.0,0.0,-44388000.0,750618553.44,573603553.44,11.427209626900906,46.375030780595914,0.0024813411917262627,0.0025659251193482853,-0.029422825699695183,11.427209626900906,-0.026924569867267566,0.0,-35.13473850589777,3.783950886680883,0.0,0.0,0.0,0.0,45.97488303373553,-0.026037020245599153,-97.0418297918552,0.0,-0.00455485532947543,-1.6628356287985322,0.0,0.0,0.0,0.0029867463132350197,0.033799155021124475,-1.6628356287985322,0.0,0.0,Biotechnology,Healthcare,KRYS
2019Q4,2019,Q4,2020-03-10,2019-12-31,-5357000.0,0.0,-6154000.0,-0.3085943971654248,0.0,0.0,209023000.0,202914000.0,195880000.0,3327000.0,6109000.0,0.0,-39047000.0,961361135.2800001,777109135.2800001,11.689028095281875,58.87586414186955,0.0022963980040474016,0.002365534167184127,-0.029778956333230102,11.689028095281875,-0.026400346945011186,0.0,-44.8647160388277,4.737776276057838,0.0,0.0,0.0,0.0,58.216110610159305,-0.025628758557670685,-103.09502791206435,0.0,-0.23437758866169922,-1.1042766480588537,0.0,171.92703673049607,0.0,-0.25397940074906367,-0.15200299513290902,-1.1042766480588537,0.0,171.92703673049607,Biotechnology,Healthcare,KRYS
2019Q3,2019,Q3,2019-11-04,2019-09-30,-4272000.0,0.0,-5342000.0,-0.25,0.0,0.0,214232000.0,207646000.0,204435000.0,3726000.0,6586000.0,0.0,-33690000.0,600438482.625,408954482.625,12.008736213037292,54.867149758454104,0.0021565405728369244,0.002224940523776042,-0.02526604549969257,12.008736213037292,-0.020573476012058986,0.0,-35.13801981653792,2.8916448312271847,0.0,0.0,0.0,0.0,54.5378421900161,-0.019940998543634937,-110.82290192414175,0.0,0.32432432432432434,-2.280435081920043,0.0,0.0,0.0,0.2011967090501122,0.09303904923599321,-2.280435081920043,0.0,0.0,Biotechnology,Healthcare,KRYS
2019Q2,2019,Q2,2019-08-05,2019-06-30,-5348000.0,0.0,-5890000.0,-0.37,0.0,0.0,205156000.0,198290000.0,196203000.0,3940000.0,6866000.0,0.0,-29418000.0,644944891.15,461721891.15,13.65397109247262,49.79771573604061,0.0021349607128234123,0.0022088859750869936,-0.029145141816598382,13.65397109247262,-0.026970598618185487,0.0,-30.14888234620419,3.2525336181854856,0.0,0.0,0.0,0.0,49.61065989847716,-0.026067967790364407,-118.40368847989718,0.0,-0.2758620689655173,-3.212985301410885,0.0,33.94276555461232,0.0,-0.30090002432498175,-0.2547933532168726,-3.212985301410885,0.0,33.94276555461232,Biotechnology,Healthcare,KRYS
2019Q1,2019,Q1,2019-05-07,2019-03-31,-4111000.0,0.0,-4694000.0,-0.29,0.0,0.0,115704000.0,109486000.0,107894000.0,3242000.0,6218000.0,0.0,-24070000.0,475782417.0,381163417.0,7.593887186461537,33.28007402837755,0.0036126668049505633,0.003817839723800303,-0.04143056364631326,7.593887186461537,-0.037548179675940305,0.0,-28.933496533690104,4.345600506000768,0.0,0.0,0.0,0.0,32.89019123997532,-0.035530318744382214,-96.66444880130028,0.0,-0.12759390776699014,-1.467791245703787,0.0,0.0,0.0,-0.10868392664509169,-0.11258592083432092,-1.467791245703787,0.0,0.0,Biotechnology,Healthcare,KRYS
2018Q4,2018,Q4,2019-03-12,2018-12-31,-3708000.0,0.0,-4219000.0,-0.257184787894337,0.0,0.0,116116000.0,113226000.0,112650000.0,2596000.0,2890000.0,0.0,-19959000.0,299598746.22,195928746.22000003,7.853291476301025,43.39368258859784,0.0,0.0,-0.037261759666507695,7.853291476301025,-0.032748661968099196,0.0,-20.1994839684466,2.646024289650787,0.0,0.0,0.0,0.0,43.051232665639446,-0.03193358365772159,-62.13163546661137,0.0,0.010827738867934575,-0.7537192780331462,0.0,115.1812951861889,0.0,-0.34591651542649726,-0.4195827725437416,-0.7537192780331462,0.0,115.1812951861889,Biotechnology,Healthcare,KRYS
2018Q3,2018,Q3,2018-11-05,2018-09-30,-2755000.0,0.0,-2972000.0,-0.26,0.0,0.0,54453000.0,52292000.0,52821000.0,1916000.0,2161000.0,0.0,-16251000.0,180716162.13000003,134049162.13000003,4.922010901051222,27.568371607515658,0.0,0.0,-0.056834697468063945,4.922010901051222,-0.05268492312399602,0.0,-16.398925783121598,3.4559045767995102,0.0,0.0,0.0,0.0,27.293319415448853,-0.05059409031641966,-65.1934206818182,0.0,-0.18181818181818185,-2.443145615079782,0.0,0.0,0.0,-0.21045694200351495,-0.21355655369538587,-2.443145615079782,0.0,0.0,Biotechnology,Healthcare,KRYS
2018Q2,2018,Q2,2018-08-06,2018-06-30,-2276000.0,0.0,-2449000.0,-0.22,0.0,0.0,46030000.0,45271000.0,45710000.0,759000.0,759000.0,0.0,-13496000.0,153311201.87,111498201.87,4.390936616430818,60.223978919631094,0.0,0.0,-0.05409644143049634,4.390936616430818,-0.05027501049236818,0.0,-16.839982630711773,3.3865212138013296,0.0,0.0,0.0,0.0,59.88142292490119,-0.04944601346947643,-89.34219223193473,0.0,-0.047619047619047665,-1.5255136319101896,0.0,10.237131506576203,0.0,-0.0586046511627907,-0.07553798858146685,-1.5255136319101896,0.0,10.237131506576203,Biotechnology,Healthcare,KRYS
2018Q1,2018,Q1,2018-05-07,2018-03-31,-2150000.0,0.0,-2277000.0,-0.21,0.0,0.0,47851000.0,47399000.0,47669000.0,452000.0,452000.0,0.0,-11220000.0,104001454.11,56773454.11,4.598550223097453,105.46238938053098,0.0,0.0,-0.04803898816430727,4.598550223097453,-0.04535960674275829,0.0,-12.093192338372093,2.1941697949323826,0.0,0.0,0.0,0.0,104.48672566371681,-0.044931140415038345,-43.900993714647534,0.0,-0.5538762311557789,-0.8052843010747082,0.0,0.0,0.0,-0.5434314429289304,-0.5200267022696929,-0.8052843010747082,0.0,0.0,Biotechnology,Healthcare,KRYS
2017Q4,2017,Q4,2018-03-12,2017-12-31,-1393000.0,0.0,-1498000.0,-0.13514589887497103,0.0,0.0,50114000.0,49474000.0,49914000.0,640000.0,640000.0,0.0,-9070000.0,108433627.08,58842627.08,4.799862312232819,77.990625,0.0,0.0,-0.030278530137041678,4.799862312232819,-0.028156203258277075,0.0,-19.46044994256999,2.191729536322108,0.0,0.0,0.0,0.0,77.4859375,-0.02779662369796863,-47.43378262467191,0.0,0.8927413500992294,0.07845261710607776,0.0,70.0089803534511,0.0,0.7358240091029774,0.2842809364548495,0.07845261710607776,0.0,70.0089803534511,Biotechnology,Healthcare,KRYS
2017Q3,2017,Q3,2017-11-13,2017-09-30,-5273000.0,0.0,-2093000.0,-1.26,0.0,0.0,52673000.0,50198000.0,52618000.0,2475000.0,2475000.0,0.0,-7677000.0,41705257.75,-10864742.25,12.000262964446012,21.25979797979798,0.0,0.0,-0.041694888242559465,12.000262964446012,-0.10504402565839277,0.0,-1.9773021880333779,0.8308151270966971,0.0,0.0,0.0,0.0,21.24040404040404,-0.10010821483492491,-37.57230427927928,0.0,-13.414826678869694,-15.73742284746024,0.0,0.0,0.0,-5.94729907773386,-1.9272727272727272,-15.73742284746024,0.0,0.0,Biotechnology,Healthcare,KRYS
2017Q2,2017,Q2,2017-06-30,2017-06-30,-759000.0,0.0,-715000.0,-0.08741,0.0,0.0,3977000.0,3393000.0,3929000.0,584000.0,584000.0,0.0,-5536000.0,92389748.08,88871748.08,0.3907524454849666,6.727739726027397,0.0,0.0,-0.210727969348659,0.3907524454849666,-0.22369584438549955,0.0,-30.43140582345191,27.229516086059537,0.0,0.0,0.0,0.0,6.023972602739726,-0.1908473723912497,-209.9767001818182,0.0,0.2434851094397757,0.0,0.0,0.0,0.0,-0.5364372469635628,-0.5376344086021505,0.0,0.0,0.0,Biotechnology,Healthcare,KRYS
2017Q1,2017,Q1,2017-03-31,2017-03-31,-494000.0,0.0,-465000.0,-0.115543,0.0,0.0,,,,,,,,45490841.2,,,0.0,0.0,0.0,0.0,,0.0,0.0,-23.02168076923077,0.0,0.0,0.0,0.0,0.0,0.0,0.0,-172.31379242424242,0.0,0.21212297118819773,0.0,0.0,0.0,0.0,0.21212121212121213,0.25,0.0,0.0,0.0,Biotechnology,Healthcare,KRYS
2016Q4,2016,Q4,2016-12-31,2016-12-31,-627000.0,0.0,-620000.0,-0.14665105819146734,0.0,0.0,2182000.0,289000.0,2169000.0,43000.0,1893000.0,0.0,-1150000.0,45490841.2,45410841.2,0.06759514484423296,50.44186046511628,0.8446379468377635,6.377162629757786,-0.29080675422138835,0.06759514484423296,-2.169550173010381,0.0,-18.13829393939394,157.40775501730104,0.0,0.0,0.0,0.0,44.72093023255814,-0.2873510540788268,-52.28832321839081,0.0,-0.9471951853767869,0.0,0.0,0.0,0.0,-0.9472049689440993,-0.9254658385093167,0.0,0.0,0.0,Biotechnology,Healthcare,KRYS
2016Q3,2016,Q3,2016-09-30,2016-09-30,-322000.0,0.0,-322000.0,-0.075314,0.0,0.0,,,,,,,,45490841.2,,,0.0,0.0,0.0,0.0,,0.0,0.0,-35.318976086956525,0.0,0.0,0.0,0.0,0.0,0.0,0.0,-145.8039782051282,0.0,0.0,0.0,0.0,0.0,0.0,0.0,0.0,0.0,0.0,0.0,Biotechnology,Healthcare,KRYS
