Year,Date,FillingDate,NetIncome,Revenue,OperatingIncome,EPSDiluted,GrossProfit,GrossProfitRatio,TotalAssets,CommonStockEquity,CurrentAssets,CurrentLiability,TotalLiability,Inventory,RetainedEarnings,EnterpriseValue,bookValuePerShare,currentRatio,debtToAssets,debtToEquity,roic,shareholdersEquityPerShare,roe,priceToSalesRatio,peRatio,pbRatio,payoutRatio,inventoryTurnover,dividendYield,assetTurnover,quickRatio,returnOnAssets,priceToFreeCashFlowsRatio,grossProfitMargin,epsdilutedGrowth,fiveYNetIncomeGrowthPerShare,fiveYRevenueGrowthPerShare,fiveYShareholdersEquityGrowthPerShare,grossProfitGrowth,netIncomeGrowth,operatingIncomeGrowth,threeYNetIncomeGrowthPerShare,threeYRevenueGrowthPerShare,threeYShareholdersEquityGrowthPerShare,Industry,Sector,Price,MarketCap,AvgVolume,Symbol
2022,2022-12-31,2022-12-31,264569000.0,1677614000.0,311674000.0,2.39,466308000.0,0.2779590538,2547608000.0,1895159000.0,1495174000.0,387388000.0,659067000.0,302108000.0,-50879000.0,4655461800.0,17.331287894722404,3.8596291057028096,0.10690184675193358,0.14370509281806962,0.13123453204417923,17.331287894722404,0.1396025346685951,2.8158305784286495,17.8549898136214,2.4926018344634935,0.0,4.009513154236234,0.0,0.6585055471642419,2.991179386041901,0.10384996435872394,14.935601344365647,0.2779590537513397,0.7445255474452555,-0.215342332386902,0.068789274544741,0.6167181255537674,0.4168413760414198,0.763652241154041,0.8717922539652035,1.8549830325225838,0.32103545393868305,0.35953446173637676,Semiconductors,Technology,36.5,4019489500,798613,TSEM
2021,2021-12-31,2021-12-31,150012000.0,1508166000.0,166511000.0,1.37,329118000.0,0.2182239886,2231241000.0,1622007000.0,1196203000.0,276328000.0,615852000.0,234512000.0,-315448000.0,4400420720.0,14.979885296317846,4.328924321820446,0.1411053310691225,0.1941052042315477,0.08540254098417899,14.979885296317846,0.09248542083973743,2.8488314416317566,28.641113510919126,2.648885436376045,0.0,5.027665961656546,0.0,0.6759314659420474,3.3471273269447903,0.06723254009764074,39.973119225938504,0.2182239886060288,0.8026315789473686,-0.40567746459873294,-0.024941099379282645,0.8991008615859629,0.4105984107527066,0.8227017569439382,0.8291278986741072,0.025932353486924315,0.07237179260509195,0.20998120935328515,Semiconductors,Technology,36.5,4019489500,798613,TSEM
2020,2020-12-31,2020-12-31,82302000.0,1265684000.0,91033000.0,0.76,233318000.0,0.1843414312,2094149000.0,1457812000.0,1102916000.0,272912000.0,639247000.0,199126000.0,-465460000.0,2947893280.0,13.59214574747795,4.041288034238143,0.18636591761140206,0.2677149042537721,0.04625924332957876,13.59214574747795,0.05645583929889451,2.1879855319337214,33.64800709581784,1.899626481329554,0.0,5.184486204714603,0.0,0.6043906140394022,3.286040921615759,0.039300928443964586,-74.65421970615986,0.18434143119451615,-0.09523809523809519,2.959185498060697,-0.08638911641774467,1.5438815095696794,0.01587923595055536,-0.08602078891257996,0.04978320033211864,-0.7511412164318366,-0.1778962050151812,0.2679189526248494,Semiconductors,Technology,36.5,4019489500,798613,TSEM
2019,2019-12-31,2019-12-31,90048000.0,1234003000.0,86716000.0,0.84,229671000.0,0.1861186723,1932833000.0,1354547000.0,1088481000.0,253056000.0,586110000.0,192256000.0,-547398000.0,2512711360.0,12.747957762385182,4.30134436646434,0.16129329331608058,0.23015295888588583,0.0503555367584237,12.747957762385182,0.06647831341400483,2.071728642474937,28.390628997867804,1.8873611325409898,0.0,5.223930592543276,0.0,0.6384426383448544,3.508946636317653,0.04658860853472597,25.584637924822864,0.18611867232089388,-0.3636363636363637,9.297179114962061,-0.27349064475477436,2.22139690493186,-0.21599811570010957,-0.3358263447879096,-0.44033612360674573,-0.636452601199225,-0.18700346613423363,0.616144389033343,Semiconductors,Technology,36.5,4019489500,798613,TSEM
2018,2018-12-31,2019-04-25,135579000.0,1304034000.0,154943000.0,1.32,292947000.0,0.22464675,1789977000.0,1242966000.0,987959000.0,203721000.0,553772000.0,170778000.0,-637446000.0,1362273260.0,12.380262751621032,4.8495687729787305,0.1494337636740584,0.2151973585761799,0.09751041415620469,12.380262751621032,0.10907699808361612,1.134848677258415,10.915269031339662,1.1906047792135908,0.0,5.9204757053016195,0.0,0.728519975396332,3.941719312196583,0.07574343134017923,14.409047855508495,0.22464675000805193,-0.5448275862068965,1.4971250080005412,0.01933598721647121,2.473797530832269,-0.17317847617166002,-0.5450537060712524,-0.2952074671809754,4.44779714457904,0.005562340766738597,1.3170676714753995,Semiconductors,Technology,36.5,4019489500,798613,TSEM
2017,2017-12-31,2018-04-30,298011000.0,1387310000.0,219842000.0,2.9,354305000.0,0.2553899273,1673639000.0,1036060000.0,874332000.0,302373000.0,643933000.0,143315000.0,-773025000.0,3223041500.0,10.720043043239832,2.891567699496979,0.1999720369804958,0.3230324498581163,0.23978109663545535,10.720043043239832,0.28763874679072643,2.4034437148150016,11.188585320676083,3.218270660000386,0.014690732892410012,7.207933572898859,0.0013130107579608025,0.8289183031705165,2.3766837647541283,0.17806169669803346,19.851996618222305,0.25538992726931975,0.38755980861244027,1.96117038813531,-0.5078251755814852,0.06719734981113659,0.1689376443418014,0.46138267197583416,0.25513548077691633,36.466366377953264,-0.10202634068732845,1.7089447677749272,Semiconductors,Technology,36.5,4019489500,798613,TSEM
2016,2016-12-31,2017-04-10,203924000.0,1249634000.0,175154000.0,2.09,303100000.0,0.2425510189,1379884000.0,690032000.0,697998000.0,247115000.0,697270000.0,137532000.0,-1071036000.0,1653688400.0,7.887882944673068,2.824587742549016,0.24946154894179512,0.49885802397569967,0.16820046025638385,7.887882944673068,0.2955283233241357,1.3321855839389773,8.163553088405484,2.412561156584043,0.012568407838214236,6.882281941657214,0.0015395756850120654,0.9056080076296268,2.205633004876272,0.14778343686860634,15.137893281926308,0.24255101893834516,6.358974358974359,3.5662546727103273,-0.5230947471575627,-0.07896592068026069,0.4759087478392131,8.001201634222543,1.1649877013213354,1.8581478894971648,0.12106782388463104,1.2132735666786623,Semiconductors,Technology,36.5,4019489500,798613,TSEM
2015,2015-12-31,2016-05-11,-29127000.0,960561000.0,80903000.0,-0.39,205365000.0,0.2137969374,966224000.0,397343000.0,446727000.0,211119000.0,580638000.0,105681000.0,-1273654000.0,1160144960.0,5.343073447543232,2.1159961917212566,0.30027612644686946,0.7301852555600576,0.08278457430013941,5.343073447543232,-0.07330442464067569,1.0885159401641333,-35.89748206131768,2.631444268553869,-0.0539018779826278,7.14599596900105,0.0015015503842457868,0.9941390402225571,1.530018615093857,-0.030145183725512923,211.82859805510535,0.2137969374146983,-16.972350230414747,0.8530844829095697,-0.5969273752352783,-0.27908133992258405,2.219492694550699,-7.832512315270936,2.7273678367068066,0.8779106450972299,-0.5571213103723728,-0.46808853284780405,Semiconductors,Technology,36.5,4019489500,798613,TSEM
2014,2014-12-31,2015-05-14,4263000.0,828008000.0,-46836000.0,-0.0217,63788000.0,0.077037903,884146000.0,204979000.0,394084000.0,300325000.0,688585000.0,87873000.0,-1244007000.0,890945340.0,3.957276342715935,1.3121917922250894,0.43844003139752935,1.8911449465555008,-0.004148315820796635,3.957276342715935,0.020797252401465516,0.8338896967179061,161.9674736101337,3.3684784294976557,0.0,8.696869345532757,0.0,0.9365059616850611,0.9725863647714975,0.004821601862135891,14.51903734544537,0.0770379030154298,0.9920220588235293,1.0078650371415594,-0.3841694957389513,-0.18672488873397863,1.2693087623181187,1.0395968790637191,0.021620605376950555,1.0906029894700546,-0.46632164507722434,-0.5379259050251761,Semiconductors,Technology,36.5,4019489500,798613,TSEM
2013,2013-12-31,2014-05-14,-107660000.0,505009000.0,-47871000.0,-2.72,28109000.0,0.0556603942,705887000.0,141248000.0,290414000.0,139916000.0,564639000.0,64804000.0,-1248270000.0,471911720.0,3.5638987712259986,2.075631092941479,0.5005418714326797,2.50145842772995,-0.08902902072665127,3.5638987712259986,-0.7622054825555052,0.45832197049953566,-2.1498859372097345,1.63865484821024,0.0,7.359113634960805,0.0,0.7154247067873469,1.5304182509505704,-0.1525173292609157,-5.852107911304392,0.055660394171192985,0.15264797507788155,0.7677510881509172,-0.5392446058364184,-0.7059094015653873,-0.6432188868439424,-0.5321123112610112,-15.599268069533395,-0.018928623921062652,-0.6023738422458618,-0.5191379732979036,Semiconductors,Technology,36.5,4019489500,798613,TSEM
2012,2012-12-31,2013-04-30,-70269000.0,638831000.0,3279000.0,-3.21,78785000.0,0.1233268267,814640000.0,220025000.0,298505000.0,169319000.0,594615000.0,65570000.0,-1140610000.0,389614520.05,10.045042789074554,1.7629740312664262,0.4159837474221742,1.540174980115896,0.00654971024624343,10.045042789074554,-0.3193682536075446,0.27258464296504087,-2.478127197626265,0.7914351553232588,0.0,8.541192618575568,0.0,0.7841881076303643,1.2882842445325096,-0.08625773347736423,-6.077816482845276,0.12332682665681534,-2.5274725274725274,0.8079820823474605,0.014075229436458416,0.8034196109815772,-0.07120542292956086,-2.792174851592013,-0.7197435897435898,0.6934213051511635,0.12358362108628551,1.0643954539575544,Semiconductors,Technology,36.5,4019489500,798613,TSEM
2011,2011-12-31,2012-04-30,-18530000.0,611023000.0,11700000.0,-0.91,84825000.0,0.1388245614,857221000.0,174703000.0,266090000.0,230260000.0,682518000.0,69024000.0,-1070341000.0,441428338.252,8.564159700256617,1.1556067054633892,0.4081386246953819,2.002627316073565,-0.14593727681392846,8.564159700256617,-0.10606572296984024,0.3153929365212111,-10.40001825429034,1.1030854550408407,0.0,7.623406351414001,0.0,0.7127951835057704,0.7882350386519587,-0.02161636264160584,-21.008649106290196,0.13882456143222105,0.6591760299625468,0.19075350009370767,-0.10879080193072653,-0.640862198018862,-0.20861127956337175,0.5626312932234995,-0.7299356000276989,0.9223366582979037,0.08310412602800295,-0.2932911361925024,Semiconductors,Technology,36.5,4019489500,798613,TSEM
2010,2010-12-31,2011-05-17,-42367000.0,509262000.0,43323000.0,-2.67,107185000.0,0.2104712309,801728000.0,117782000.0,322075000.0,250022000.0,683946000.0,42512000.0,-1051811000.0,619389310.25,7.411478913542709,1.2881866395757173,0.6007760736808494,4.089410945645345,0.10366529989150662,7.411478913542709,-0.3597069161671563,0.659998802679171,-7.93335167111195,2.8536814644852355,0.0,9.457964809936017,0.0,0.6352054562145765,1.0844685667661247,-0.05284460565179213,22.810472361723786,0.21047123091846634,0.7447418738049714,0.9285263926314468,0.690606830134104,2.326331319120627,5.045022265831384,0.6482869690102027,1.529517453798768,0.840429764260083,0.1142218081885524,0.33060721588929737,Semiconductors,Technology,36.5,4019489500,798613,TSEM
2009,2009-12-31,2010-04-30,-120459000.0,298812000.0,-81816000.0,-10.46,-26498000.0,-0.0886778309,650837000.0,56014000.0,167473000.0,97360000.0,594823000.0,32250000.0,-1009444000.0,529774551.15,4.865852019688224,1.7201417419884963,0.6823136975924847,7.927928732102688,-0.15705516503557382,4.865852019688224,-2.1505159424429605,0.5605348886590901,-1.3904693808681792,2.9902265710358127,0.0,10.087131782945736,0.0,0.4591195644992525,1.2830628594905504,-0.18508320823800736,18.239633142763804,-0.08867783087693934,0.10598290598290586,0.5647986723395669,-0.10001809627856302,-0.8733996723866182,0.4365005103776795,-0.13176116878846245,0.6248246008235736,-8.32228936622054,-0.2276786300341457,-0.7959506291009558,Semiconductors,Technology,36.5,4019489500,798613,TSEM
2008,2008-12-31,2008-12-31,-106435000.0,251659000.0,-218074000.0,-11.7,-47024000.0,-0.1868560234,705503000.0,110277000.0,129471000.0,106628000.0,595226000.0,38729000.0,-903075000.0,487450471.65,12.118370291998252,1.2142307836590764,0.7142818669800128,4.569656410674937,-0.35697936851065265,12.118370291998252,-0.965160459569992,0.07322397231968655,-0.17313357119368628,0.16710167714029217,0.0,7.712127862841798,0.0,0.3567086178230284,0.7792043365720074,-0.15086399349116872,-0.2465510449418659,-0.18685602342852828,0.29982046678635554,0.6711320226654306,0.44885458133728884,-0.8301999032529636,0.12786082569828258,0.20632494183618685,-1.1958474303206057,0.6864290823888234,0.4589726059733678,3.168659486517426,Semiconductors,Technology,36.5,4019489500,798613,TSEM
TTM,,,,,,,,,,,,,,,,3958224500.0,17.99630778184993,4.191314046903017,0.09455214144968387,0.12313405683584551,0.09933574451298907,17.99630778184993,0.15345717201963976,2.4933359924024234,14.23567060843164,2.0281938074437615,0.0,3.2189872182651964,0.0,0.6255487787369145,3.0783740663871124,0.10940185930931293,25.347720937858664,0.2837268073243913,,,,,,,,,,,Semiconductors,Technology,36.5,4019489500,798613,TSEM
