Quarters,Year,Quarter,FillingDate,Date,NetIncome,Revenue,OperatingIncome,EPSDiluted,GrossProfit,GrossProfitRatio,TotalAssets,CommonStockEquity,CurrentAssets,CurrentLiability,TotalLiability,Inventory,RetainedEarnings,MarketCap,EnterpriseValue,bookValuePerShare,currentRatio,debtToAssets,debtToEquity,roic,shareholdersEquityPerShare,roe,priceToSalesRatio,peRatio,pbRatio,payoutRatio,inventoryTurnover,dividendYield,assetTurnover,quickRatio,returnOnAssets,priceToFreeCashFlowsRatio,grossProfitMargin,epsdilutedGrowth,fiveYNetIncomeGrowthPerShare,fiveYRevenueGrowthPerShare,fiveYShareholdersEquityGrowthPerShare,grossProfitGrowth,netIncomeGrowth,operatingIncomeGrowth,threeYNetIncomeGrowthPerShare,threeYRevenueGrowthPerShare,threeYShareholdersEquityGrowthPerShare,Industry,Sector,Symbol
2023Q1,2023,Q1,2023-05-05,2023-03-31,-22120000.0,71757000.0,-19113000.0,-0.3,54311000.0,0.7568738938,461506000.0,34440000.0,362947000.0,77358000.0,427066000.0,7548000.0,-552107000.0,662829480.0,951619480.0,0.4645140406247471,4.691783655213423,0.7580833185267364,10.158536585365853,-0.04867784201770882,0.4645140406247471,-0.6422764227642277,9.237140348676784,-7.491291591320072,19.245919860627176,0.0,2.311340752517223,0.0,0.15548443573864695,4.412614079991727,-0.047930037745988134,-30.267568382117904,0.7568738938361415,0.33333333333333337,-0.6105215617459037,1.1525788130661294,0.0,0.006896679582491333,0.3292904790782292,0.18944020356234098,-3.2198627348654165,0.6600824848822527,29.95046871810445,Software—Application,Technology,BIGC
2022Q4,2022,Q4,2023-03-01,2022-12-31,-32980000.0,72431000.0,-23580000.0,-0.45,53939000.0,0.7446949511,474056000.0,45672000.0,374247000.0,78786000.0,428384000.0,7628000.0,-529987000.0,645178060.0,903719060.0,0.6187025020658639,4.75017135023989,0.7385498759640211,7.66583464704852,-0.058185209504376,0.6187025020658639,-0.7221054475389735,8.907485192804186,-4.89067662219527,14.126336924154842,0.0,2.4242265338227584,0.0,0.15278996574244394,4.511118726677329,-0.06956983985014428,-175.17731740429,0.7446949510568679,-0.09756097560975618,-1.4700756101439425,0.7998738257704914,1.1368247155009923,-0.016895709546896075,-0.08855662276793082,0.02962962962962963,-1.4700756101439425,0.7998738257704914,1.1368247155009923,Software—Application,Technology,BIGC
2022Q3,2022,Q3,2022-11-04,2022-09-30,-30297000.0,72391000.0,-24300000.0,-0.41,54866000.0,0.7579118951,481370000.0,65094000.0,375514000.0,66320000.0,416276000.0,6888000.0,-497007000.0,1087918400.0,1337624400.0,0.8855362681612886,5.6621531966224365,0.7277458088372769,5.38167880296187,-0.05684183224876511,0.8855362681612886,-0.4654346022674901,15.028365404539239,-8.977113245535861,16.713036531784805,0.0,2.544279907084785,0.0,0.1503853584560733,5.349924607961399,-0.06293911128653634,-21.114789224439097,0.7579118951250846,0.24074074074074084,-1.1867304410233073,0.9826400561910992,0.0,0.06861694875640302,0.23502083070319404,0.08711822382508734,-1.1867304410233073,0.9826400561910992,0.0,Software—Application,Technology,BIGC
2022Q2,2022,Q2,2022-08-08,2022-06-30,-39605000.0,68203000.0,-26619000.0,-0.54,51343000.0,0.7527967978,528591000.0,84979000.0,419980000.0,78629000.0,443612000.0,6469000.0,-466710000.0,1183960800.0,1314000800.0,1.1627579223906737,5.341286293861043,0.6632538200612572,4.12560750303016,-0.059260018290802956,1.1627579223906737,-0.4660563197966556,17.359365423808338,-7.473556369145309,13.932392708786876,0.0,2.606276085948369,0.0,0.12902792518222975,5.145264469852091,-0.07492560410601012,-73.90055552087885,0.7527967977948185,-0.058823529411764754,-1.7951234052393608,0.9497607381561751,0.0,0.04895090608208879,-0.06933606933606934,-0.13180832518389388,-1.7951234052393608,0.9497607381561751,0.0,Software—Application,Technology,BIGC
2022Q1,2022,Q1,2022-05-04,2022-03-31,-37037000.0,66050000.0,-23519000.0,-0.51,48947000.0,0.7410598032,535011000.0,109877000.0,433242000.0,64806000.0,425134000.0,5568000.0,-427105000.0,1587949160.0,1687938160.0,1.5160466913185053,6.685214332006296,0.6559173549702716,3.1937803179919366,-0.049595024620646515,1.5160466913185053,-0.3370769132757538,24.041622407267223,-10.718667548667549,14.452061486935392,0.0,3.0716594827586206,0.0,0.12345540558979161,6.4361941795512765,-0.06922661403223485,-68.07927802786709,0.7410598031794096,-0.06250000000000006,-1.7585909252431475,1.026925052518302,0.0,0.014319462864721485,-0.08156173344235486,0.3326807399841108,-1.7585909252431475,1.026925052518302,0.0,Software—Application,Technology,BIGC
2021Q4,2021,Q4,2022-03-01,2021-12-31,-34244000.0,64897000.0,-35244000.0,-0.48,48256000.0,0.7435782856,555460000.0,138288000.0,454548000.0,62811000.0,417172000.0,0.0,-390068000.0,2524427640.0,2580579640.0,1.937566552709746,7.236757892725796,0.636792928383682,2.557799664468356,-0.07101805742376142,1.937566552709746,-0.24762813837787806,38.89898824290799,-18.429707686017988,18.25485682054842,0.0,0.0,0.0,0.11683469556763763,7.000079603891038,-0.0616498037662478,-256.70405125076263,0.7435782855910135,-0.6,-1.6526770212501887,0.6679479430752355,1.4284886378405615,0.02930762339490636,-0.580395052612147,-0.6534834623504574,-1.6526770212501887,0.6679479430752355,1.4284886378405615,Software—Application,Technology,BIGC
2021Q3,2021,Q3,2021-11-12,2021-09-30,-21668000.0,59285000.0,-21315000.0,-0.3,46882000.0,0.7907902504849456,560493000.0,161189000.0,460459000.0,48758000.0,399304000.0,0.0,-355824000.0,3614278080.0,3598149080.0,2.258434680266771,9.443763074777472,0.6222736055579642,2.163795296205076,-0.04118940019956119,2.258434680266771,-0.1344260464423751,60.96446116218268,-41.7006424220048,22.42260997958918,0.0,0.0,0.0,0.10577295345347756,9.068275975224578,-0.038658823571391616,-245.5351956521739,0.7907902504849456,-0.764705882352941,-0.610724225428031,0.6722871948775334,0.0,0.2074276295456887,-0.773013665002864,-0.7370222475755848,-0.610724225428031,0.6722871948775334,0.0,Software—Application,Technology,BIGC
2021Q2,2021,Q2,2021-08-06,2021-06-30,-12221000.0,49013000.0,-12271000.0,-0.17,38828000.0,0.7921979882888214,266512000.0,211067000.0,243056000.0,42692000.0,55445000.0,0.0,-334156000.0,4584780240.0,4426181240.0,2.988686245079437,5.6932446359973765,0.05355481179083869,0.06762307703241151,-0.051236900782358735,2.988686245079437,-0.05790104563953626,93.5421263746353,-93.78897471565338,21.721918821985437,0.0,0.0,0.0,0.18390541514078165,5.440035603860208,-0.04585534610073843,-788.8472539573297,0.7921979882888214,-0.4166666666666668,0.10743467776199912,0.45001142747859624,0.0,0.03790430366212243,-0.4303604868913858,-0.4365488176071178,0.10743467776199912,0.45001142747859624,0.0,Software—Application,Technology,BIGC
2021Q1,2021,Q1,2021-05-12,2021-03-31,-8544000.0,46660000.0,-8542000.0,-0.12,37410000.0,0.8017573939134162,268829000.0,215338000.0,245364000.0,40101000.0,53491000.0,0.0,-321935000.0,4033977600.0,3859473600.0,3.085425263640532,6.118650407720506,0.056072819524679254,0.0700015789131505,-0.03479628166168335,3.085425263640532,-0.03967715869934707,86.45472781825976,-118.03539325842695,18.733236121817793,0.0,0.0,0.0,0.17356758385442048,5.835739757113289,-0.03178228539331694,-304.72711890013596,0.8017573939134162,0.42857142857142855,0.33915240509090916,0.4869561979432354,0.0,0.1361496644091475,0.39835222871628756,0.38119385685308604,0.33915240509090916,0.4869561979432354,0.0,Software—Application,Technology,BIGC
2020Q4,2020,Q4,2021-02-26,2020-12-31,-14201000.0,43143000.0,-13804000.0,-0.21,32927000.0,0.7632060820990659,276626000.0,216759000.0,254072000.0,45887000.0,59867000.0,0.0,-313391000.0,4403127700.0,4199525700.0,3.1580028555610595,5.536905877481639,0.011470360703621497,0.014638377183877024,-0.0586252839904469,3.1580028555610595,-0.06551515738677517,102.05891338108152,-77.51439511302023,20.313471182280782,-0.9023308217731145,0.0,0.002910204035190712,0.15596147867517876,5.281256129186915,-0.0513364615039801,-1124.681404853129,0.7632060820990659,-0.31249999999999994,-0.14388419869465716,0.15300571106575858,1.6983854773832228,0.057318091323614415,-0.30824504836480887,-0.37284932869219295,-0.14388419869465716,0.15300571106575858,1.6983854773832228,Software—Application,Technology,BIGC
2020Q3,2020,Q3,2020-11-06,2020-09-30,-10855000.0,39735000.0,-10055000.0,-0.16,31142000.0,0.783742292689065,235502000.0,158498000.0,212920000.0,52477000.0,77004000.0,0.0,-299190000.0,4111271500.0,3957394500.0,3.2113868908925136,4.057396573737066,0.10602457728596784,0.1575351108531338,-0.05022505882495986,3.2113868908925136,-0.06848666860149655,103.46725808481187,-94.68612390603408,25.938948756451182,0.0,0.0,0.0,0.16872468174367947,3.81698648931913,-0.04609302681081265,-628.7309221593516,0.783742292689065,-0.009673938422510723,-0.1668872700257566,0.6208244075720868,0.0,0.0935074967519927,-0.2799198207758519,-0.3619125016930787,-0.1668872700257566,0.6208244075720868,0.0,Software—Application,Technology,BIGC
2020Q2,2020,Q2,2020-09-11,2020-06-30,-8481000.0,36316000.0,-7383000.0,-0.158467,28479000.0,0.7841998017402798,79617000.0,-270506000.0,56563000.0,38338000.0,122671000.0,0.0,-291079000.0,4758513069.42,4807404069.42,-4.108314579533733,1.4753769106369659,0.9329791376213623,-0.2746001937110452,0.041230921612139246,-4.108314579533733,0.03135235447642566,131.03075970426258,-140.2698110311284,-17.59115535115672,0.0,0.0,0.0,0.45613374028159814,1.1903072669414159,-0.1065224763555522,-638.555162294686,0.7841998017402798,-1.6411166666666668,0.33563441152392115,0.15235143610929475,0.0,0.10839106406164864,-1.1081282624906785,0.0096579476861167,0.33563441152392115,0.15235143610929475,0.0,Software—Application,Technology,BIGC
2020Q1,2020,Q1,2020-03-31,2020-03-31,-4023000.0,33174000.0,-7455000.0,-0.06,25694000.0,0.7745222161934044,68481000.0,-913000.0,45049000.0,32747000.0,69394000.0,0.0,-286602000.0,4112307540.0,4118487540.0,-0.01604513022389371,1.3756680001221486,0.3743958178180809,-28.082146768893757,-0.17695138848842246,-0.01604513022389371,4.406352683461117,123.96176342919154,-255.54980984340042,-4504.170361445784,0.0,0.0,0.0,0.484426337232225,1.08464897547867,-0.05874622157970824,-388.4299178237461,0.7745222161934044,0.6682700281970476,0.6183474053695095,0.29666979362101314,0.0,0.11932040949684165,0.6091138748542557,0.23593317618120324,0.6183474053695095,0.29666979362101314,0.0,Software—Application,Technology,BIGC
2019Q4,2019,Q4,2019-12-31,2019-12-31,-10292000.0,31020000.0,-9757000.0,-0.18087,22955000.0,0.7400064474532559,56064000.0,-257303000.0,31671000.0,33914000.0,89613000.0,0.0,-274549000.0,4112307540.0,4148095540.0,-4.521862148957857,0.9338621218375892,0.7773794235159818,-0.1693839558808098,0.04999380759413217,-4.521862148957857,0.03999953362378208,132.56955319148935,-99.89087495141857,-15.982353645313113,0.0,0.0,0.0,0.5532962328767124,0.6882998171846435,-0.18357591324200914,-451.30679762949956,0.7400064474532559,0.18253803252311784,0.0,0.0,0.0,0.06976419051169727,0.04037296037296037,0.050598423664493526,0.0,0.0,0.0,Software—Application,Technology,BIGC
2019Q3,2019,Q3,2019-09-30,2019-09-30,-10725000.0,28264000.0,-10277000.0,-0.221258,21458000.0,0.7591989810359467,,,,,,,,4112307540.0,,,0.0,0.0,0.0,0.0,,0.0,145.49630413246533,-95.85798461538461,0.0,0.0,0.0,0.0,0.0,0.0,0.0,-366.8755053974485,0.7591989810359467,0.01870273866282292,0.0,0.0,0.0,0.02142041127189642,0.0278281363306744,0.03457022076092062,0.0,0.0,0.0,Software—Application,Technology,BIGC
2019Q2,2019,Q2,2019-06-30,2019-06-30,-11032000.0,27235000.0,-10645000.0,-0.225475,21008000.0,0.7713603818615752,,,,,,,,4112307540.0,,,0.0,0.0,0.0,0.0,,0.0,150.9934841196989,-93.190435551124,0.0,0.0,0.0,0.0,0.0,0.0,0.0,-318.6353277545328,0.7713603818615752,-0.04504141232961157,0.0,0.0,0.0,0.0686199704969734,-0.046580020870885114,-0.0326930539386884,0.0,0.0,0.0,Software—Application,Technology,BIGC
2019Q1,2019,Q1,2019-03-31,2019-03-31,-10541000.0,25584000.0,-10308000.0,-0.215757,19659000.0,0.7684099437148217,,,,,,,,4112307540.0,,,0.0,0.0,0.0,0.0,,0.0,160.73747420262663,-97.53124798406222,0.0,0.0,0.0,0.0,0.0,0.0,0.0,-333.76410518626733,0.7684099437148217,0.0,0.0,0.0,0.0,0.0,0.0,0.0,0.0,0.0,0.0,Software—Application,Technology,BIGC
