Quarters,Year,Quarter,FillingDate,Date,NetIncome,Revenue,OperatingIncome,EPSDiluted,GrossProfit,GrossProfitRatio,TotalAssets,CommonStockEquity,CurrentAssets,CurrentLiability,TotalLiability,Inventory,RetainedEarnings,MarketCap,EnterpriseValue,bookValuePerShare,currentRatio,debtToAssets,debtToEquity,roic,shareholdersEquityPerShare,roe,priceToSalesRatio,peRatio,pbRatio,payoutRatio,inventoryTurnover,dividendYield,assetTurnover,quickRatio,returnOnAssets,priceToFreeCashFlowsRatio,grossProfitMargin,epsdilutedGrowth,fiveYNetIncomeGrowthPerShare,fiveYRevenueGrowthPerShare,fiveYShareholdersEquityGrowthPerShare,grossProfitGrowth,netIncomeGrowth,operatingIncomeGrowth,threeYNetIncomeGrowthPerShare,threeYRevenueGrowthPerShare,threeYShareholdersEquityGrowthPerShare,Industry,Sector,Symbol
2023Q1,2023,Q1,2023-05-04,2023-03-31,33038000.0,67928000.0,-33993000.0,0.93,26242000.0,0.3863208103,684596000.0,232320000.0,246387000.0,190843000.0,452276000.0,82000.0,-962962000.0,114550695.0,241409695.0,6.885391659998222,1.2910455190916093,0.388627745414814,1.1452005853994491,-0.06969362973913557,6.885391659998222,0.1422090220385675,1.686354596042869,0.8668101504328349,0.4930728951446281,0.0,508.3658536585366,0.0,0.09922348363122192,1.2473289562624776,0.04825911924697194,-8.903365070729054,0.38632081026969733,1.0835579514824798,1.6392523018650196,-0.19423263773537003,1.2227534149700852,-0.21452303271573528,1.0888450254261672,-0.35263220723409333,2.9339427730932583,0.1822553808834933,0.3299707433863778,Advertising Agencies,Communication Services,CDLX
2022Q4,2022,Q4,2023-03-01,2022-12-31,-371861000.0,82503000.0,-25131000.0,-11.13,33409000.0,0.4049428506,691236000.0,211605000.0,250042000.0,248944000.0,479631000.0,80000.0,-976570000.0,193161820.0,306519820.0,6.331877075914899,1.0044106305032456,0.3403511969862681,1.1118026511660877,-0.05416681923148311,6.331877075914899,-1.7573356017107347,2.3412702568391452,-0.12986157462062436,0.9128414735001537,0.0,613.675,0.0,0.11935576272069164,0.9720419050067485,-0.5379653258800178,-11.883955949304786,0.4049428505630098,-8.46979865771812,-52.55013533089044,0.22724413341271224,1.5922574014389699,0.2840725651472058,-8.499163087099442,0.31096975845145725,-86.59409858727268,-0.060800893531082464,0.1650835024678362,Advertising Agencies,Communication Services,CDLX
2022Q3,2022,Q3,2022-11-01,2022-09-30,49587000.0,72706000.0,-36473000.0,1.49,26018000.0,0.3578521718,1066312000.0,580509000.0,249128000.0,254911000.0,485803000.0,0.0,-598291000.0,309730000.0,408117000.0,17.617875569044006,0.9773136506466963,0.22216855854571646,0.40809186420882365,-0.34827107096340587,17.617875569044006,0.08541986429150969,4.260033559816247,1.561548389698913,0.5335490061308266,0.0,0.0,0.0,0.06818454636166525,0.9429055631181079,0.04650327483888393,-17.461382342992447,0.35785217176023987,1.3973333333333333,9.53252397314468,-0.014476456322149153,276.9819354409227,-0.03504802878018025,1.3926439147992715,0.08682807140532285,5.57691217296313,-0.07852582513112323,2.2602223221797333,Advertising Agencies,Communication Services,CDLX
2022Q2,2022,Q2,2022-08-02,2022-06-30,-126290000.0,75405000.0,-39941000.0,-3.75,26963000.0,0.3575757576,1089507000.0,564157000.0,263938000.0,293528000.0,525350000.0,0.0,-604558000.0,750396850.0,831145850.0,16.772915118180467,0.8991918999209615,0.21825192495321277,0.42149082613527794,-0.04848727245963731,16.772915118180467,-0.22385612515664965,9.95155294741728,-1.4854637144667036,1.3301206047252803,0.0,0.0,0.0,0.06921020241265086,0.866012782426208,-0.11591481284654435,-68.54817301543802,0.3575757575757576,-2.3786764705882355,-80.27693586009576,-0.041613237757722105,0.0,0.027475040012194193,-2.2501979884374754,-0.17497720118847998,-12.110374109698931,0.04575715060866201,7.1925551925600635,Advertising Agencies,Communication Services,CDLX
2022Q1,2022,Q1,2022-05-02,2022-03-31,101016000.0,67928000.0,-33993000.0,2.72,26242000.0,0.3863208103,1231179000.0,711670000.0,319440000.0,246785000.0,519509000.0,0.0,-478268000.0,1855080180.0,1883252180.0,21.092143090009188,1.2944060619567639,0.19206386723620206,0.332267764553796,-0.1083059061176763,21.092143090009188,0.14194219230823274,27.309506830761983,4.591055327868852,2.606657832984389,0.0,0.0,0.0,0.05517313079576568,1.2583382296330814,0.08204818308304479,-82.62795332056479,0.38632081026969733,4.2771084337349405,4.369569508567445,0.05053434213934342,0.0,-0.7085808837410743,4.665046077933386,-3.7101288624082027,11.670089449679454,0.2588488467931168,9.060760454341667,Advertising Agencies,Communication Services,CDLX
2021Q4,2021,Q4,2022-03-01,2021-12-31,-27562000.0,90049000.0,-7217000.0,-0.83,90049000.0,1.0,1263797000.0,690700000.0,358725000.0,327350000.0,573097000.0,0.0,-522618000.0,2206943370.0,2189560370.0,20.683975683526487,1.0958454253856729,0.1709799912485945,0.3128478355291733,-0.011136313596090752,20.683975683526487,-0.039904444766179235,24.508249619651522,-20.0179900769175,3.1952271174171134,0.0,0.0,0.0,0.07125274074871202,1.07117458377883,-0.021808882280935943,-575.3241319082377,1.0,0.38518518518518524,-0.6433841365757987,0.038571469411534116,2.3380410307968087,2.674869409076069,0.3810325855060747,0.8186364435956073,-0.5528553189462313,0.22710537393382757,7.6596115608184,Advertising Agencies,Communication Services,CDLX
2021Q3,2021,Q3,2021-11-02,2021-09-30,-44529000.0,64984000.0,-39793000.0,-1.35,24504000.0,0.3770774344454019,1224581000.0,688620000.0,335532000.0,274456000.0,535961000.0,0.0,-510783000.0,2778497940.0,2736343940.0,20.80360109966466,1.2225347596700382,0.1594161594863876,0.28349162092300545,-0.04434635019942652,20.80360109966466,-0.06466411083035636,42.75664686692109,-15.599373105167418,4.034878365426505,0.0,0.0,0.0,0.05306631411070399,1.19386349724546,-0.036362641589245626,-208.45509340535673,0.3770774344454019,0.05594405594405584,-6.627231524827482,-0.12316576782804942,327.2475957536515,0.058396682791983415,0.05870291294973153,0.06912604098437354,-2.3711539579049536,0.1904568270956717,7.516046519608174,Advertising Agencies,Communication Services,CDLX
2021Q2,2021,Q2,2021-08-03,2021-06-30,-47306000.0,58853000.0,-42748000.0,-1.43,23152000.0,0.3933869131565086,1232867000.0,714392000.0,338456000.0,262972000.0,518475000.0,0.0,-466254000.0,4185770610.0,4128565610.0,21.66334111653577,1.2870419664450967,0.15686850244186923,0.27071691732270237,-0.046360653959818886,21.66334111653577,-0.06621854668025398,71.12246801352522,-22.120717298017166,5.859207003997805,0.0,0.0,0.0,0.047736698281323126,1.255696423953881,-0.038370724498262995,-233.46369624630486,0.3933869131565086,-0.6823529411764706,-30.052378724865104,-0.2370614571833118,0.0,0.18600481532708366,-0.9002209278971681,-0.9282782263521133,-1.230954860109129,0.01852017067227972,10.961209396335638,Advertising Agencies,Communication Services,CDLX
2021Q1,2021,Q1,2021-05-04,2021-03-31,-24895000.0,53230000.0,-22169000.0,-0.85,19521000.0,0.36672928799549126,1023035000.0,744892000.0,702573000.0,92037000.0,278143000.0,0.0,-418948000.0,3215636100.0,2792970100.0,25.411660355473682,7.6335930115062425,0.18658403671428642,0.25625459798198935,-0.023332940398856562,25.411660355473682,-0.03342095229912524,60.41022167950404,-32.2919873468568,4.316915875053028,0.0,0.0,0.0,0.05203145542430122,7.549061790366918,-0.024334455810407267,-202.75133039092054,0.36672928799549126,-2.5416666666666665,0.044140491764605695,-0.05242067958509192,0.0,-0.21245007463589785,-2.673454330824849,-2.6241621709988556,0.4455423701220511,-0.27319987655771816,7.203433824010476,Advertising Agencies,Communication Services,CDLX
2020Q4,2020,Q4,2021-03-01,2020-12-31,-6777000.0,67082000.0,-6117000.0,-0.24,24787000.0,0.3695029963328464,422537000.0,157192000.0,385591000.0,81274000.0,265345000.0,0.0,-394053000.0,4031467875.0000005,3926351875.0000005,5.566781761841523,4.744333981347048,0.4452225485578778,1.1967721003613416,-0.017018754851471925,5.566781761841523,-0.043112881062649495,60.097610014608996,-148.71875000000003,25.646775122143623,0.0,0.0,0.0,0.15876006124907405,4.673007357826611,-0.016038832102277432,2291.9089681637297,0.3695029963328464,0.5714285714285715,0.5221462029808376,-0.08505984275498187,1.360113670640584,0.6965776865160849,0.5586741338890336,0.620980234215255,-0.1550070414201183,0.18095794595592293,1.5206935733460571,Advertising Agencies,Communication Services,CDLX
2020Q3,2020,Q3,2020-11-02,2020-09-30,-15356000.0,46079000.0,-16139000.0,-0.56,14610000.0,0.31706417239957463,389422000.0,150358000.0,353943000.0,58255000.0,239064000.0,0.0,-387276000.0,1929595509.9999998,1826462509.9999998,5.498957685696522,6.075753154235688,0.47379449543169105,1.2271112943774192,-0.0463976357013693,5.498957685696522,-0.10212958405937829,41.875811324030465,-31.414357742901796,12.83334115910028,0.0,0.0,0.0,0.11832664821196542,5.951574972105399,-0.03943280040675668,-228.5438244699751,0.31706417239957463,0.23287671232876703,-2.184175839069001,-0.24732229210774076,85.76476879332407,0.846562184024267,0.22279582953740257,0.18233863613334683,-2.184175839069001,-0.24732229210774076,85.76476879332407,Advertising Agencies,Communication Services,CDLX
2020Q2,2020,Q2,2020-08-04,2020-06-30,-19758000.0,28222000.0,-19738000.0,-0.73,7912000.0,0.2803486641627099,183039000.0,130465000.0,146404000.0,42460000.0,52574000.0,0.0,-371920000.0,1894498560.0,1809978560.0,4.819185874704492,3.448045219029675,0.07566693436917815,0.10615873989192504,-0.12479372806878893,4.819185874704492,-0.1514429157245238,67.1284303026008,-23.97128454296994,14.521124899398306,0.0,0.0,0.0,0.154185719983173,3.2958784738577487,-0.10794420861127957,-306.15684550743373,0.2803486641627099,-0.4313725490196078,-14.798375456943349,-0.5543442233518038,0.0,-0.5044159098026934,-0.4602024979676299,-0.6546231871908794,-14.798375456943349,-0.5543442233518038,0.0,Advertising Agencies,Communication Services,CDLX
2020Q1,2020,Q1,2020-05-11,2020-03-31,-13531000.0,45509000.0,-11929000.0,-0.51,15965000.0,0.35080972994352766,206078000.0,138358000.0,170042000.0,58408000.0,67720000.0,0.0,-352162000.0,934306000.0,844805000.0,5.17710009354537,2.9112792768113955,0.016309358592377643,0.02429205394700704,-0.07726436602932794,5.17710009354537,-0.09779701932667428,20.530136895998595,-17.262323553322002,6.752815160670145,0.0,0.0,0.0,0.22083385902425295,2.806259416518285,-0.06565960461572802,-192.9188519512699,0.35080972994352766,-5.25,0.4301580964031456,-0.11141504692980583,0.0,-0.41088560885608855,-4.948351327691859,-10.497611464968152,0.4301580964031456,-0.11141504692980583,0.0,Advertising Agencies,Communication Services,CDLX
2019Q4,2019,Q4,2020-03-03,2019-12-31,3427000.0,69293000.0,1256000.0,0.12,27100000.0,0.39109289538625835,224313000.0,143267000.0,195730000.0,78401000.0,81046000.0,0.0,-338631000.0,1657086278.68,1552665278.68,5.434698081728008,2.4965242790270534,0.00016494808593349472,0.0002582590547718595,0.008762322015334063,5.434698081728008,0.023920372451436828,23.914194488332157,120.88461326816459,11.566419892089595,0.0,0.0,0.0,0.30891210050242296,2.421117077588296,0.015277759202542875,-3255.5722567387033,0.39109289538625835,1.3636363636363635,1.2588374779171125,0.012352013141620927,1.351569211577461,0.2979548828966905,1.442364786368917,1.1903607153682934,1.2588374779171125,0.012352013141620927,1.351569211577461,Advertising Agencies,Communication Services,CDLX
2019Q3,2019,Q3,2019-11-12,2019-09-30,-7747000.0,56419000.0,-6598000.0,-0.33,20879000.0,0.37007036636594054,193247000.0,127321000.0,166075000.0,63134000.0,65926000.0,0.0,-342058000.0,789764720.0000001,694622720.0000001,5.403887780654471,2.6305160452371146,0.00021733843216194818,0.0003298748831693122,-0.05178760645186609,5.403887780654471,-0.060846207616968136,13.998204860064874,-25.48614689557248,6.202941541458205,0.0,0.0,0.0,0.2919527858129751,2.542354357398549,-0.04008859128472887,86.99765587133732,0.37007036636594054,-0.13793103448275876,-0.8642533766647862,0.06950750282077968,84.26471754695191,0.1769447576099211,-0.19001536098310293,-0.20357533746807735,-0.8642533766647862,0.06950750282077968,84.26471754695191,Advertising Agencies,Communication Services,CDLX
2019Q2,2019,Q2,2019-08-08,2019-06-30,-6510000.0,48730000.0,-5482000.0,-0.29,17740000.0,0.36404678842602095,143556000.0,46538000.0,115301000.0,57424000.0,97018000.0,0.0,-334311000.0,648060810.0,652268810.0,2.0473362368571553,2.007888687656729,0.255670261082783,0.7886673256263699,-0.06585696952223064,2.0473362368571553,-0.13988568481670893,13.29901108146932,-24.887127880184334,13.92541170656238,0.0,0.0,0.0,0.3394494134693081,1.7316453050989133,-0.04534815681685196,-138.83050771208227,0.36404678842602095,-0.035714285714285546,-5.199436810881534,-0.08354749313980969,0.0,0.2913087785703887,-0.031042128603104215,0.15674511613597908,-5.199436810881534,-0.08354749313980969,0.0,Advertising Agencies,Communication Services,CDLX
2019Q1,2019,Q1,2019-05-09,2019-03-31,-6314000.0,35988000.0,-6501000.0,-0.28,13738000.0,0.38173835723018784,146467000.0,47177000.0,117298000.0,49555000.0,99290000.0,0.0,-327801000.0,383676150.0,393961150.0,2.096476025418833,2.36702653617193,0.31893190957690126,0.9901646988998877,-0.06924060070295027,2.096476025418833,-0.13383640333213218,10.661224574858286,-15.19148519163763,8.13269495728851,0.0,0.0,0.0,0.24570722415288085,1.8565432347896278,-0.04310868659834639,-110.76101327944573,0.38173835723018784,0.4716981132075471,0.684204192995901,-0.16548015687860296,0.0,-0.2563602901374905,0.4540895728860453,0.3985011102886751,0.684204192995901,-0.16548015687860296,0.0,Advertising Agencies,Communication Services,CDLX
2018Q4,2018,Q4,2019-03-05,2018-12-31,-11566000.0,47819000.0,-10808000.0,-0.53,18474000.0,0.3863317928020243,153763000.0,51975000.0,124368000.0,51922000.0,101788000.0,0.0,-321487000.0,235660800.0,242751800.0,2.3885569852941178,2.395285235545626,0.30380520671422906,0.8987782587782588,-0.10951575150219375,2.3885569852941178,-0.22253006253006252,4.9281833580794245,-5.09382673352931,4.5341183261183255,0.0,0.0,0.0,0.31099159095491113,1.92914371557336,-0.07521965622418918,-30.012837493632194,0.3863317928020243,-0.325,-0.05829829509873486,-0.15364116931367972,1.154515132855492,0.35908188037960714,-0.38217017208413,-0.24832524832524833,-0.05829829509873486,-0.15364116931367972,1.154515132855492,Advertising Agencies,Communication Services,CDLX
2018Q3,2018,Q3,2018-11-13,2018-09-30,-8368000.0,34582000.0,-8658000.0,-0.4,13593000.0,0.39306575675206756,138073000.0,51227000.0,111850000.0,36747000.0,86846000.0,0.0,-309921000.0,484826400.0,483829400.0,2.4428707677634716,3.0437858872833154,0.33905977272891874,0.9138735432486774,-0.08830909202178658,2.4428707677634716,-0.16335135768247214,14.01961714186571,-14.484536328871894,9.464274698889259,0.0,0.0,0.0,0.2504617122826331,2.399216262552045,-0.06060562166390243,-136.99530940943768,0.39306575675206756,0.375,-1.262498723009234,-0.2634472647688186,37.54459871700587,0.024803980699638118,0.3589213207691718,0.2558019597730789,-1.262498723009234,-0.2634472647688186,37.54459871700587,Advertising Agencies,Communication Services,CDLX
2018Q2,2018,Q2,2018-08-14,2018-06-30,-13053000.0,35570000.0,-11634000.0,-0.64,13264000.0,0.3728985099803205,140246000.0,36766000.0,117459000.0,52547000.0,103480000.0,0.0,-301553000.0,441728000.00000006,438731000.00000006,1.8111330049261083,2.235313148229204,0.3384838070247993,1.291165750965566,-0.13799729556615187,1.8111330049261083,-0.3550291029755753,12.41855496204667,-8.460277330881791,12.014578686830225,0.0,0.0,0.0,0.25362577185802093,1.789426608559956,-0.09307217318140981,-31.412885791494812,0.3728985099803205,0.5844155844155844,-12.918873608830504,-0.2509342821231449,0.0,0.4186096256684492,0.34913986537023184,-0.18508709381684832,-12.918873608830504,-0.2509342821231449,0.0,Advertising Agencies,Communication Services,CDLX
2018Q1,2018,Q1,2018-05-10,2018-03-31,-20055000.0,32713000.0,-9817000.0,-1.54,9350000.0,0.285819093326812,157807000.0,40558000.0,136098000.0,80801000.0,117249000.0,0.0,-288500000.0,191550590.0,160264590.0,3.097685786298022,1.6843603420749744,0.37069965210668726,1.4423541594753193,-0.09902957672598152,3.097685786298022,-0.4944770452191923,5.855488337969614,-2.3878158813263526,4.722880566102865,0.0,0.0,0.0,0.2072975216562003,1.639088625140778,-0.12708561724131376,-216.68618778280543,0.285819093326812,-5.80711122112503,-0.7239541070898508,0.3037687939938266,0.0,-0.37616760074726446,-3.9445266272189348,-3.4724373576309797,-0.7239541070898508,0.3037687939938266,0.0,Advertising Agencies,Communication Services,CDLX
2017Q4,2017,Q4,2018-03-19,2017-12-31,-4056000.0,39266000.0,-2195000.0,-0.226234,14988000.0,0.38170427341720575,100758000.0,-208686000.0,74629000.0,42139000.0,309444000.0,0.0,-268445000.0,260977306.02999997,296670306.03,-10.691089820964232,1.7710197204489901,0.5652652891085571,-0.27292199764239095,0.014476027171404076,-10.691089820964232,0.019435898910324604,6.646393980288289,-16.08587931644477,-1.250574097112408,0.0,0.0,0.0,0.3897060283054447,1.7206863001020432,-0.04025486809980349,-42.93096003125513,0.38170427341720575,-0.1237197381361572,0.5862762910677793,-0.22525593703133728,0.3083961679679698,-0.015954303722670867,-0.6394502829426031,0.1354864119732178,0.5862762910677793,-0.22525593703133728,0.3083961679679698,Advertising Agencies,Communication Services,CDLX
2017Q3,2017,Q3,2017-09-30,2017-09-30,-2474000.0,31406000.0,-2539000.0,-0.201326,15231000.0,0.48497102464497227,93415000.0,889000.0,71244000.0,33281000.0,92526000.0,0.0,-267407000.0,187540990.0,214804990.0,0.06337777144079276,2.140680868964274,0.5935877535727667,62.37345331833521,-0.04496590808465421,0.06337777144079276,-2.782902137232846,5.971501942304019,-18.95119139046079,210.95724409448815,0.0,0.0,0.0,0.33619868329497404,2.0658634055467084,-0.026483969383931917,-16.98433164281833,0.48497102464497227,-3.3580243858024694,0.0,0.0,0.0,0.35555357778568886,-2.817901234567901,0.5224750799322927,0.0,0.0,0.0,Advertising Agencies,Communication Services,CDLX
2017Q2,2017,Q2,2017-06-30,2017-06-30,-648000.0,32812000.0,-5317000.0,-0.04619662080273758,11236000.0,0.3424356942581982,,,,,,,,187540990.0,,,0.0,0.0,0.0,0.0,,0.0,5.715622028526149,-72.35377700617283,0.0,0.0,0.0,0.0,0.0,0.0,0.0,-466.51987562189055,0.3424356942581982,0.9490044985266106,0.0,0.0,0.0,0.29880938619812736,0.9480060980502287,0.24560158910329172,0.0,0.0,0.0,Advertising Agencies,Communication Services,CDLX
2017Q1,2017,Q1,2017-03-31,2017-03-31,-12463000.0,26881000.0,-7048000.0,-0.905896,8651000.0,0.3218258249321082,,,,,,,,187540990.0,,,0.0,0.0,0.0,0.0,,0.0,6.976711803876344,-3.761955187354569,0.0,0.0,0.0,0.0,0.0,0.0,0.0,-30.12222775457758,0.3218258249321082,-0.8036910137686302,0.0,0.0,0.0,-0.3696444185368697,-0.769056068133428,-1.07905604719764,0.0,0.0,0.0,Advertising Agencies,Communication Services,CDLX
2016Q4,2016,Q4,2016-12-31,2016-12-31,-7045000.0,36421000.0,-3390000.0,-0.5022456690667998,13724000.0,0.3768155734329096,86859000.0,-216835000.0,68324000.0,39604000.0,303694000.0,0.0,-248804000.0,187540990.0,276500990.0,-15.458401653953091,1.725179274820725,1.2871205056470831,-0.5155901953097978,0.03233591193948701,-15.458401653953091,0.03249014227407937,5.149254276379012,-6.655109652235627,-0.8649018378029376,0.0,0.0,0.0,0.41931175813675037,1.683011816988183,-0.0811084631414131,-58.42398442367601,0.3768155734329096,0.0,0.0,0.0,0.0,0.0,0.0,0.0,0.0,0.0,0.0,Advertising Agencies,Communication Services,CDLX
