Quarters,Year,Quarter,FillingDate,Date,NetIncome,Revenue,OperatingIncome,EPSDiluted,GrossProfit,GrossProfitRatio,TotalAssets,CommonStockEquity,CurrentAssets,CurrentLiability,TotalLiability,Inventory,RetainedEarnings,MarketCap,EnterpriseValue,bookValuePerShare,currentRatio,debtToAssets,debtToEquity,roic,shareholdersEquityPerShare,roe,priceToSalesRatio,peRatio,pbRatio,payoutRatio,inventoryTurnover,dividendYield,assetTurnover,quickRatio,returnOnAssets,priceToFreeCashFlowsRatio,grossProfitMargin,epsdilutedGrowth,fiveYNetIncomeGrowthPerShare,fiveYRevenueGrowthPerShare,fiveYShareholdersEquityGrowthPerShare,grossProfitGrowth,netIncomeGrowth,operatingIncomeGrowth,threeYNetIncomeGrowthPerShare,threeYRevenueGrowthPerShare,threeYShareholdersEquityGrowthPerShare,Industry,Sector,Symbol
2023Q1,2023,Q1,2023-05-11,2023-03-31,-506000.0,185028000.0,16848000.0,-0.0065,63062000.0,0.3408240915,1445985000.0,120817000.0,729106000.0,720180000.0,1324316000.0,11012000.0,-102714000.0,280497470.0,863094470.0,1.5462992589558828,1.0123941236912994,0.413890185582838,4.953599245139343,0.018547713006394986,1.5462992589558828,-0.004188152329556271,1.5159730959638542,-138.58570652173913,2.3216721984488937,-22.59881422924901,11.075735561205956,0.04076685611460239,0.12795983360823246,0.1326126801632925,-0.00034993447373243846,14.084026410925889,0.34082409148885573,0.6130952380952381,0.8961646006522186,18.132748263432248,-0.9322054214624779,0.03398973585400646,0.614329268292683,-0.0742348480685752,0.9260016675979208,0.6383297814015895,1.7863291824380885,Software—Infrastructure,Technology,PRTH
2022Q4,2022,Q4,2023-03-23,2022-12-31,-1312000.0,177555000.0,18199000.0,-0.0168,60989000.0,0.3434935654,1373363000.0,131538000.0,652470000.0,630001000.0,1240570000.0,10582000.0,-102208000.0,410195840.0,996867840.0,1.6867306114074683,1.0356650227539321,0.4406162099896386,4.600389241131841,-0.014699525615298806,1.6867306114074683,-0.00997430400340586,2.3102466278054687,-78.16231707317073,3.1184588483936198,-0.014481707317073171,11.015498015498016,4.631933858714901e-05,0.129284828555888,0.15561562600694284,-0.000955319169076202,21.394452615657436,0.3434935653741094,-0.6470588235294116,-5.431838613525792,0.0,-0.8402085625722153,0.04327819497425546,-0.6565656565656566,0.29254261363636364,0.8470548743670386,1.7227811042886882,1.8700825028676065,Software—Infrastructure,Technology,PRTH
2022Q3,2022,Q3,2022-11-10,2022-09-30,-792000.0,166417000.0,14080000.0,-0.0102,58459000.0,0.3512802178,1349749000.0,133231000.0,628417000.0,609867000.0,1216518000.0,28349000.0,-100896000.0,351707840.0,938268840.0,1.7084401928600739,1.030416467852827,0.44398477050177476,4.497962185977738,-0.016934060558330556,1.7084401928600739,-0.005944562451681666,2.1134129325729942,-111.01888888888888,2.639834873265231,-5.558080808080808,3.8081766552612084,0.01251607015641164,0.12329477554715729,0.13671997337124323,-0.0005867757634938052,29.64496291301416,0.35128021776621376,0.9072727272727272,-1.1562855881573042,0.0,-0.9255881953988321,0.04989134534221727,-3.759581881533101,0.0781010719754977,0.8835526415569687,0.3004729476895284,2.0320071037977674,Software—Infrastructure,Technology,PRTH
2022Q2,2022,Q2,2022-08-09,2022-06-30,287000.0,166430000.0,13060000.0,-0.11,55681000.0,0.3345610767,1361303000.0,139877000.0,627429000.0,603669000.0,1221426000.0,29917000.0,-100104000.0,259389900.0,845651900.0,1.7795376766790072,1.0393593177718252,0.4469423780010769,4.349707242791881,0.006643201142796063,1.7795376766790072,0.002051802655189917,1.558552544613351,225.94939024390243,1.8544142353639268,12.442508710801393,3.701875188020189,0.013766919991873239,0.1222578661767439,0.1546874197614918,0.0002108274204934537,18.142960061551374,0.33456107672895513,-25.190476190476193,1.1132856211336681,0.0,-0.9228260525929223,0.07577426148109508,1.8618618618618619,0.2063550711250693,1.0173869529262676,0.32620296413199523,2.1268984053800155,Software—Infrastructure,Technology,PRTH
2022Q1,2022,Q1,2022-05-11,2022-03-31,-333000.0,153239000.0,10826000.0,-0.0042,51759000.0,0.3377664955,1350339000.0,143484000.0,611654000.0,592775000.0,1206855000.0,25966000.0,-100391000.0,451932750.0,1042978750.0,1.8255658612924157,1.0318485091307832,0.4477416411730684,4.213731147723788,0.007323762543864517,1.8255658612924157,-0.0023208162582587606,2.949201900299532,-339.28885135135135,3.1497083298486244,-10.525525525525525,3.9081876299776632,0.0077555786784648814,0.11348187381094674,0.14688878579562228,-0.0002466047414760294,71.71259124087591,0.3377664954743897,-1.0233333333333334,0.9481584214480793,0.0,-0.9215184449260045,0.06303142329020332,-1.0236270753512133,-0.6556725294996979,0.957631970685904,0.25705285868688205,2.296576377206769,Software—Infrastructure,Technology,PRTH
2021Q4,2021,Q4,2022-03-17,2021-12-31,14094000.0,144048000.0,31441000.0,0.18,48690000.0,0.3380123292,1351942000.0,145921000.0,603132000.0,583567000.0,1206021000.0,0.0,-100058000.0,555546360.0,1145551360.0,1.859648004893777,1.0335265702138743,0.45142838967943894,4.182434330905079,0.06668657096143374,1.859648004893777,0.09658650913850646,3.8566752749083637,9.854306087696893,3.8071720999719028,0.24443025400879806,0.0,0.006201102640650908,0.10654894958511534,0.13536577633759278,0.010425003439496665,65.27392315826577,0.33801232922359215,19.0,5.646927729001337,0.0,-0.9426025302233976,0.22617038958422525,26.672131147540984,2.811030303030303,4.592338180381562,0.34267289059259864,2.5987146280064435,Software—Infrastructure,Technology,PRTH
2021Q3,2021,Q3,2021-11-15,2021-09-30,-549000.0,132542000.0,8250000.0,-0.01,39709000.0,0.29959559988531936,1335184000.0,131906000.0,580681000.0,569210000.0,1203278000.0,0.0,-114718000.0,480819720.0,1090002720.0,1.8325622751080177,1.0201524920503857,0.46896682404822104,4.746994071535791,-0.02479156543022188,1.8325622751080177,-0.004162054796597577,3.6276781699385854,-218.95251366120218,3.645169438842812,-4.444444444444445,0.0,0.005074667070643442,0.09926871502354731,0.12258568893729907,-0.00041117928315498087,13.589003758867253,0.29959559988531936,0.9655172413793103,0.7141023472014218,0.0,-0.9508728397978377,0.1286416735355143,0.9728942431124716,0.11411208642808914,0.8090157248245023,0.14034401059407126,2.4268683254773467,Software—Infrastructure,Technology,PRTH
2021Q2,2021,Q2,2021-08-16,2021-06-30,-20254000.0,125014000.0,7405000.0,-0.29,35183000.0,0.281432479562289,442876000.0,32188000.0,86334000.0,84168000.0,410688000.0,0.0,-114169000.0,530949440.0,841025440.0,0.46316334753079313,1.025734245794126,0.7252300869769416,9.978470237355536,0.02486431147466419,0.46316334753079313,-0.6292407108239095,4.247119842577631,-6.553636812481485,16.49526034547036,0.0,0.0,0.0,0.28227765785456876,0.735873491113012,-0.04573289137365764,-7.119002440267089,0.281432479562289,-6.249999999999999,0.0,0.0,6.504479687648732,0.11926576318635872,-6.560283687943262,0.6357411089021427,-3.290256674542429,0.0,-0.9776307952644839,Software—Infrastructure,Technology,PRTH
2021Q1,2021,Q1,2021-05-14,2021-03-31,-2679000.0,113297000.0,4527000.0,-0.04,31434000.0,0.2774477700203889,400492000.0,-99755000.0,122778000.0,140790000.0,500247000.0,0.0,-104692000.0,468748420.0,837890420.0,-1.4769110048413603,0.8720647773279352,0.9362708868092247,-3.758899303293068,0.00897493255276394,-1.4769110048413603,0.026855796701919704,4.137341853711925,-43.74285367674506,-4.698996742017944,0.0,0.0,0.0,0.28289453971614914,0.41581078201576815,-0.006689272195199904,-24.51997803002563,0.2774477700203889,-1.6845637583892619,0.33557973364137234,0.0,0.0,-0.03130970724191063,-1.6683266932270917,-0.27323807994862737,0.36405173369146054,12.552283141703608,-1.0647523812293989,Software—Infrastructure,Technology,PRTH
2020Q4,2020,Q4,2021-03-31,2020-12-31,-1004000.0,106091000.0,6229000.0,-0.0149,32450000.0,0.30586948940060893,417829000.0,-98564000.0,135884000.0,148848000.0,516393000.0,0.0,-102013000.0,472792320.0,840866320.0,-1.4676434676434675,0.9129044394281415,0.9030368882964084,-3.8281218294712067,0.007168186684374053,-1.4676434676434675,0.010186274907674202,4.456479060429254,-117.72717131474104,-4.796805324459235,0.0,0.0,0.0,0.2539100924062236,0.3544018058690745,-0.0024028968788667136,11.436125973586183,0.30586948940060893,-1.0248333333333335,0.6132283275495083,0.0,-1.045298369022102,-0.0453355299932335,-1.0248564072093485,-0.1154501562056234,-4.715349192536495,0.0,-1.1390363450690912,Software—Infrastructure,Technology,PRTH
2020Q3,2020,Q3,2020-11-13,2020-09-30,40392000.0,108962000.0,7042000.0,0.6,33991000.0,0.31195279088122463,380411000.0,-98261000.0,104682000.0,101042000.0,478672000.0,0.0,-101009000.0,211911885.0,577005885.0,-1.462935667813063,1.0360246234239228,1.0167660766907372,-3.936343004854418,0.02103627575279768,-1.462935667813063,-0.4110684808825475,1.9448237458930637,1.3115956439393939,-2.156622515545333,0.0,0.0,0.0,0.28643230611102205,0.6259971101126265,0.10617989490314424,-22.12716769343218,0.31195279088122463,6.0,23.541533655344594,0.0,-1.039218244255232,0.13462180385873557,6.14023924662764,0.7469610518481766,8.254195373469404,0.0,-1.0637187555715044,Software—Infrastructure,Technology,PRTH
2020Q2,2020,Q2,2020-08-14,2020-06-30,-7858000.0,92356000.0,4031000.0,-0.12,29958000.0,0.32437524362250425,449699000.0,-139152000.0,91376000.0,96160000.0,583197000.0,0.0,-141401000.0,173825260.0,660334260.0,-2.073367702714784,0.9502495840266223,1.0948723479482942,-3.538310624353225,0.012048766370490073,-2.073367702714784,0.05647062205358169,1.8821220061501147,-5.530200432680071,-1.249175434057721,0.0,0.0,0.0,0.20537292722465472,0.4469113976705491,-0.01747391032668518,13.612001566170713,0.32437524362250425,-0.3333333333333333,0.0,0.0,-34.59407840236223,-0.019987569105957014,-0.33889930141421026,0.13262152289969092,-2.6327115623583537,0.0,-1.0899165958337318,Software—Infrastructure,Technology,PRTH
2020Q1,2020,Q1,2020-05-13,2020-03-31,-5869000.0,96933000.0,3559000.0,-0.09,30569000.0,0.31536215736642836,447919000.0,-131874000.0,82260000.0,84551000.0,574139000.0,0.0,-133543000.0,130098340.0,618425340.0,-1.9664782809680739,0.9729039278068858,1.0965933572811155,-3.724653836237621,0.00818541902548507,-1.9664782809680739,0.04450460287850524,1.3421470500242436,-5.541759243482706,-0.9865351775179337,0.0,0.0,0.0,0.2164074308078023,0.49066244042057455,-0.013102815464403162,-12.410411141848707,0.31536215736642836,0.18181818181818185,-0.4660358415544738,0.0,0.0,-0.02773448681657708,0.1813363091086623,2.367076631977294,-0.0708633062773576,0.0,-1.084539416945687,Software—Infrastructure,Technology,PRTH
2019Q4,2019,Q4,2020-03-30,2019-12-31,-7169000.0,54498000.0,1057000.0,-0.11,31441000.0,0.5769202539542736,464505000.0,-126343000.0,94214000.0,93004000.0,585194000.0,0.0,-127674000.0,159673181.15,646024181.15,-1.938586979796012,1.0130101931099738,1.053992960248006,-3.8750465003997054,0.0023686970170108948,-1.938586979796012,0.05674236008326539,2.9298906592902494,-5.568181794880737,-1.2638071056568232,0.0,0.0,0.0,0.1173248942422579,0.4575394606683584,-0.015433633653028493,6.355657411535247,0.5769202539542736,-0.22222222222222227,-1.8458459458007126,0.0,-1.0598338972156789,0.042300679595557764,-0.22672826830937715,-0.6121100917431193,-1.8458459458007126,0.0,-1.0598338972156789,Software—Infrastructure,Technology,PRTH
2019Q3,2019,Q3,2019-11-14,2019-09-30,-5844000.0,109954000.0,2725000.0,-0.09,30165000.0,0.27434199756261707,452277000.0,-110927000.0,80769000.0,76466000.0,557550000.0,0.0,-111960000.0,322973740.0,807633740.0,-1.6554539078006776,1.0562733764025842,1.0808663717146794,-4.4069613349319825,0.005559081429698741,-1.6554539078006776,0.052683296221839586,2.937353256816487,-13.816467316906229,-2.9115881615837442,0.0,0.0,0.0,0.24311207512210437,0.6936939293280674,-0.012921284964745056,105.89302950819672,0.27434199756261707,0.5714285714285714,-2.2691442717498225,0.0,-1.044379255450419,0.0008626696307110389,0.586411889596603,0.11863711001642036,-2.2691442717498225,0.0,-1.044379255450419,Software—Infrastructure,Technology,PRTH
2019Q2,2019,Q2,2019-08-14,2019-06-30,-14130000.0,107425000.0,2436000.0,-0.21,30139000.0,0.2805585292064231,460314000.0,-106254000.0,82882000.0,80381000.0,560914000.0,0.0,-106116000.0,511371426.4,996362426.4,-1.5791465035207919,1.031114318060238,1.065598700017814,-4.616390912342124,0.010921417847745495,-1.5791465035207919,0.13298322886667796,4.760264616243891,-9.047619009200282,-4.812726357595949,0.0,0.0,0.0,0.23337330604761097,0.6991453204115401,-0.030696437649083017,1412.6282497237569,0.2805585292064231,-1.0999999999999999,0.0,0.0,-26.586378807112784,0.09437182280319535,-1.1920570896680112,1.5217391304347827,0.0,0.0,-26.586378807112784,Software—Infrastructure,Technology,PRTH
2019Q1,2019,Q1,2019-05-15,2019-03-31,-6446000.0,99977000.0,966000.0,-0.1,27540000.0,0.27546335657201154,472115000.0,-90759000.0,83980000.0,72272000.0,557220000.0,0.0,-91986000.0,418990000.0,895729000.0,-1.4079894508222153,1.1619991144564976,1.0290501254990838,-5.352967749754845,0.0019291687548085455,-1.4079894508222153,0.0710232594012715,4.1908638986967,-16.25,-4.616511861082648,0.0,0.0,0.0,0.21176408290352985,0.8084873810050919,-0.013653453078169514,-5.03388038541942,0.27546335657201154,-1.0,-0.6751376651982379,0.0,0.0,-0.07920692768063124,-0.7544910179640718,-0.8169067475360121,-0.6751376651982379,0.0,0.0,Software—Infrastructure,Technology,PRTH
2018Q4,2018,Q4,2019-03-29,2018-12-31,-3674000.0,100466000.0,5276000.0,-0.05,29909000.0,0.29770270539286925,388618000.0,-85473000.0,85145000.0,64060000.0,474091000.0,0.0,-85540000.0,587840000.0,977597000.0,-1.1632144801306479,1.3291445519825165,1.0431529162313635,-4.742877867864705,0.013640515427601588,-1.1632144801306479,0.042984334234202615,5.8511337168793425,-40.0,-6.8774934774724175,0.0,0.0,0.0,0.25852122135361716,0.9719169528566969,-0.009454013967443609,-9.785753524995423,0.29770270539286925,-0.25000000000000006,-0.29356633358715756,0.0,-1.0359022609608417,0.09798091042584435,-0.4340359094457455,0.4820224719101124,-0.29356633358715756,0.0,-1.0359022609608417,Software—Infrastructure,Technology,PRTH
2018Q3,2018,Q3,2018-11-14,2018-09-30,-2562000.0,103591000.0,3560000.0,-0.04,27240000.0,0.2629572067071464,327306000.0,-82392000.0,84409000.0,60365000.0,409698000.0,0.0,-82459000.0,644086080.0,971858080.0,-1.2843247287691733,1.3983102791352604,1.053983122826957,-4.1869963103213905,0.009776137699080513,-1.2843247287691733,0.03109525196621031,6.217587242134934,-62.84992974238875,-7.817337605592775,0.0,0.0,0.0,0.31649587847457733,0.996471465253044,-0.007827537533684075,-65.55962522820657,0.2629572067071464,0.4285714285714286,-0.4969695936268234,0.0,-1.0344300586991635,78.5246747037328,-14.762758790414372,10.33471780833412,-0.4969695936268234,0.0,-1.0344300586991635,Software—Infrastructure,Technology,PRTH
2018Q2,2018,Q2,2018-07-18,2018-06-30,-162535.0,0.0,-381372.0,-0.07,-351372.0,0.0,51933300.0,49540777.0,28626.0,1330501.0,2392523.0,0.0,-552360.0,25122825.0,25624467.0,20.7054007063298,0.021515203671398968,0.009676431114525747,0.010143744818536051,-0.007620839438545487,20.7054007063298,-0.003280832676483859,0.0,-38.64217706955424,0.5071140688810755,0.0,0.0,0.0,0.0,0.0006666661656022807,-0.0031296875030086668,-657.218254591116,0.0,-0.16666666666666682,0.0,0.0,334.482632323252,-0.2065186039803865,-0.10756388415672913,-0.18723149912211887,0.0,0.0,334.482632323252,Software—Infrastructure,Technology,PRTH
2018Q1,2018,Q1,2018-05-14,2018-03-31,-146750.0,291228.0,-321228.0,-0.06,-291228.0,-1.0,55464473.0,53666851.0,80603.0,735600.0,1797622.0,0.0,-389825.0,24564505.68,24685644.68,22.808597565070155,0.10957449700924415,0.0028892909520658386,0.0029860704888386314,-0.005967774153333607,22.808597565070155,-0.002734462657404661,84.34802175614982,-41.84753948892674,0.4577221361469485,0.0,0.0,0.0,0.0052507124695839085,0.05317292006525286,-0.0026458378140544127,-177.5636153879516,-1.0,-22.076923076923077,-0.044770937446466125,0.0,0.0,0.0,-10.004874390701163,-1.1824481781679088,-0.044770937446466125,0.0,0.0,Software—Infrastructure,Technology,PRTH
2017Q4,2017,Q4,2018-03-27,2017-12-31,-13335.0,0.0,-147187.0,-0.0026,0.0,0.0,55264031.0,53813601.0,182132.0,388408.0,1450430.0,0.0,-243075.0,51948620.0,51803924.0,10.555826010200079,0.4689192807563181,0.0004976111858362268,0.000511023226265791,-0.0027337293864031493,10.555826010200079,-0.0002477998080819754,0.0,-973.914885639295,0.9653436869983854,0.0,0.0,0.0,0.0,0.4433379333072439,-0.00024129618775003945,-169.11128762378493,0.0,-1.0433333333333334,0.9323275517521195,0.0,-0.6741976423532148,0.0,-1.087528716770594,0.6292827044603345,0.9323275517521195,0.0,-0.6741976423532148,Software—Infrastructure,Technology,PRTH
2017Q3,2017,Q3,2017-11-14,2017-09-30,152350.0,0.0,-397033.0,0.06,0.0,0.0,55462751.0,53826936.0,514704.0,573793.0,1635815.0,0.0,-229740.0,23913430.799999997,23461548.799999997,22.959263009638917,0.8970203540301119,0.0004958282722038076,0.000510896626179874,-0.00737233605046017,22.959263009638917,0.0028303673090365015,0.0,39.240943222842134,0.44426513149475944,0.0,0.0,0.0,0.0,0.8354615688933117,0.002746888628009094,67.4379532937205,0.0,3.0,3.4358177827073213,0.0,-0.38451019792403585,0.0,3.0306835146086586,-1.4502916036658746,3.4358177827073213,0.0,-0.38451019792403585,Software—Infrastructure,Technology,PRTH
2017Q2,2017,Q2,2017-08-10,2017-06-30,-75024.0,0.0,-162035.0,-0.03,0.0,0.0,55068787.0,53674586.0,242422.0,332179.0,1394201.0,0.0,-382090.0,23440220.96,23342937.96,23.058787796512306,0.7297932741082368,0.0004993754447505808,0.0005123467556880643,-0.0030172943375048784,23.058787796512306,-0.0013977564726815033,0.0,-78.1090749626786,0.43670986041699517,0.0,0.0,0.0,0.0,0.37564987551892204,-0.0013623688497079118,1213.3247559397485,0.0,0.625,0.0,0.0,372.61377052665915,0.0,0.6027218088908893,0.3398882126241516,0.0,0.0,372.61377052665915,Software—Infrastructure,Technology,PRTH
2017Q1,2017,Q1,2017-05-15,2017-03-31,-188845.0,0.0,-245466.0,-0.08,0.0,0.0,54966023.0,53749614.0,249276.0,154387.0,1216409.0,0.0,-307066.0,23107100.0,23006529.0,23.261081658884066,1.6146178110851301,0.0005003090727520891,0.0005116315812054018,-0.004564506752816821,23.261081658884066,-0.003513420580099422,0.0,-30.59003415499484,0.42990262218441233,0.0,0.0,0.0,0.0,0.8295452337308193,-0.003435667885231573,-75.4724561185762,0.0,-1.0671834625322998,-0.3690223887219132,0.0,0.0,0.0,-1.9346998399353525,-1.4818361053536222,-0.3690223887219132,0.0,0.0,Software—Infrastructure,Technology,PRTH
2016Q4,2016,Q4,2017-03-13,2016-12-31,-64349.0,0.0,-98905.0,-0.0387,0.0,0.0,55150604.0,53938455.0,418776.0,150127.0,1212149.0,0.0,-118221.0,16647940.0,16312905.0,32.399477052416096,2.789478241755314,0.0004986346115085159,0.0005098403356195501,-0.0018327295421715413,32.399477052416096,-0.0011930078457011793,0.0,-64.67831667935788,0.3086469569808776,0.0,0.0,0.0,0.0,2.414855422409027,-0.0011667868587622358,-114.38345528874231,0.0,-0.29,0.0,0.0,0.0,0.0,-0.7687043043263152,-0.4755993853223328,0.0,0.0,0.0,Software—Infrastructure,Technology,PRTH
2016Q3,2016,Q3,2016-11-14,2016-09-30,-36382.0,0.0,-67027.0,-0.03,0.0,0.0,52012196.0,50870699.0,512196.0,141497.0,1141497.0,0.0,-53872.0,13364622.600000001,12883071.600000001,37.302426347602214,3.619836462963879,0.0005287221481669414,0.0005405862419936475,-0.0013168835305940787,37.302426347602214,-0.000715185769316832,0.0,-91.8354034962344,0.26271749479990436,0.0,0.0,0.0,0.0,3.619836462963879,-0.0006994897888948969,0.0,0.0,0.0,0.0,0.0,0.0,0.0,0.0,0.0,0.0,0.0,0.0,Software—Infrastructure,Technology,PRTH
2016Q2,2016,Q2,2016-06-30,2016-06-30,0.0,0.0,0.0,0.0,0.0,0.0,194230.0,7510.0,273.0,186720.0,186720.0,0.0,-17490.0,1192483.6,1378930.6,0.06171824920694926,0.0014620822622107969,0.9613345003346548,24.862849533954726,,0.06171824920694926,0.0,0.0,0.0,158.7860985352863,0.0,0.0,0.0,0.0,0.0014620822622107969,0.0,-402.8660810810811,0.0,1.0,0.0,0.0,0.0,0.0,1.0,1.0,0.0,0.0,0.0,Software—Infrastructure,Technology,PRTH
2016Q1,2016,Q1,2016-03-31,2016-03-31,-7264.0,0.0,-7264.0,-0.06,0.0,0.0,,,,,,,,1192483.6,,,0.0,0.0,0.0,0.0,,0.0,0.0,-41.040872797356826,0.0,0.0,0.0,0.0,0.0,0.0,0.0,-674.8633842671195,0.0,0.0,0.0,0.0,0.0,0.0,0.0,0.0,0.0,0.0,0.0,Software—Infrastructure,Technology,PRTH
