Quarters,Year,Quarter,FillingDate,Date,NetIncome,Revenue,OperatingIncome,EPSDiluted,GrossProfit,GrossProfitRatio,TotalAssets,CommonStockEquity,CurrentAssets,CurrentLiability,TotalLiability,Inventory,RetainedEarnings,MarketCap,EnterpriseValue,bookValuePerShare,currentRatio,debtToAssets,debtToEquity,roic,shareholdersEquityPerShare,roe,priceToSalesRatio,peRatio,pbRatio,payoutRatio,inventoryTurnover,dividendYield,assetTurnover,quickRatio,returnOnAssets,priceToFreeCashFlowsRatio,grossProfitMargin,epsdilutedGrowth,fiveYNetIncomeGrowthPerShare,fiveYRevenueGrowthPerShare,fiveYShareholdersEquityGrowthPerShare,grossProfitGrowth,netIncomeGrowth,operatingIncomeGrowth,threeYNetIncomeGrowthPerShare,threeYRevenueGrowthPerShare,threeYShareholdersEquityGrowthPerShare,Industry,Sector,Symbol
2023Q1,2023,Q1,2023-05-09,2023-03-31,103000000.0,1257000000.0,212000000.0,0.21,763000000.0,0.6070007955,15769000000.0,7480000000.0,3548000000.0,1578000000.0,8289000000.0,1596000000.0,-954000000.0,4616340000.0,10318340000.0,15.231113826104663,2.2484157160963245,0.3817616843173315,0.8048128342245989,0.014976680384087792,15.231113826104663,0.013770053475935828,3.6725059665871123,11.204708737864078,0.6171577540106953,0.0,0.30952380952380953,0.0,0.07971336165895111,1.002534854245881,0.006531802904432748,-25.22590163934426,0.6070007955449482,2.909090909090909,0.02760638680759611,0.23840713518892184,0.0,0.412962962962963,2.9074074074074074,34.333333333333336,2.7252802532740628,0.571850924562736,-0.07650726197347842,Drug Manufacturers—Specialty & Generic,Healthcare,ELAN
2022Q4,2022,Q4,2023-03-01,2022-12-31,-54000000.0,988000000.0,6000000.0,-0.11,540000000.0,0.5465587045,15491000000.0,7289000000.0,3279000000.0,1702000000.0,8202000000.0,1538000000.0,-1057000000.0,5969470000.0,11460470000.0,14.921187308085978,1.926556991774383,0.3767348783164418,0.8006585265468514,0.0002805194805194805,14.921187308085978,-0.0074084236520784745,6.041973684210526,-27.636435185185185,0.8189696803402388,0.0,0.29128738621586475,0.0,0.06377896843328384,0.7914218566392479,-0.0034858950358272545,-90.44651515151516,0.5465587044534413,-0.09999999999999995,0.7497564731866997,-0.01971026300116791,-0.299791282045973,-0.02877697841726619,-0.10204081632653061,-0.8636363636363636,-3.340246727360879,-0.04142416624290057,0.0033717690811209083,Drug Manufacturers—Specialty & Generic,Healthcare,ELAN
2022Q3,2022,Q3,2022-11-08,2022-09-30,-49000000.0,1028000000.0,44000000.0,-0.1,556000000.0,0.5408560311,14948000000.0,6745000000.0,3154000000.0,1613000000.0,8203000000.0,1340000000.0,-972000000.0,6061044000.0,11502044000.0,13.81040131040131,1.9553626782393057,0.39476853090714475,0.8748702742772424,0.004059254573251094,13.81040131040131,-0.007264640474425501,5.89595719844358,-30.92369387755102,0.8985980726464048,0.0,0.3522388059701492,0.0,0.06877174203906877,0.9225046497210168,-0.003278030505753278,42.38492307692308,0.5408560311284046,-1.2222222222222223,-0.7719695980565545,0.10389702700705428,0.0,-0.1976911976911977,-1.2272727272727273,-0.674074074074074,-4.728173628173629,0.014074432977583531,-0.06482768246348622,Drug Manufacturers—Specialty & Generic,Healthcare,ELAN
2022Q2,2022,Q2,2022-08-08,2022-06-30,-22000000.0,1177000000.0,135000000.0,-0.045,693000000.0,0.5887850467,15601000000.0,7140000000.0,3307000000.0,1338000000.0,8461000000.0,1334000000.0,-923000000.0,9587292000.0,15143292000.0,14.61916461916462,2.4715994020926755,0.38862893404268956,0.8491596638655462,0.012497159736423541,14.61916461916462,-0.0030812324929971988,8.145532710280374,-108.9465,1.3427579831932772,0.0,0.36281859070464767,0.0,0.07544388180244856,1.2219730941704037,-0.0014101660149990385,34.36305376344086,0.5887850467289719,-1.4615384615384617,0.7445128249268376,0.11449728747183965,-0.3136318975957285,-0.03212290502793296,-1.4583333333333333,-0.20118343195266272,-1.4588571858766843,0.12756404049904566,0.01533159267467502,Drug Manufacturers—Specialty & Generic,Healthcare,ELAN
2022Q1,2022,Q1,2022-05-09,2022-03-31,48000000.0,1225000000.0,169000000.0,0.0975,716000000.0,0.5844897959,16251000000.0,7612000000.0,3194000000.0,1307000000.0,8639000000.0,1345000000.0,-901000000.0,12731920000.0,18523920000.0,15.598360655737705,2.4437643458301452,0.3774536951572211,0.8058328954282712,0.008311764959025211,15.598360655737705,0.006305832895428271,10.393404081632653,66.31208333333333,1.6726116657908565,0.0,0.37843866171003715,0.0,0.07537997661682358,1.173680183626626,0.0029536643898836995,-144.6809090909091,0.5844897959183674,1.4874999999999998,-0.5180733758766095,0.214547120570408,0.0,0.1913477537437604,1.4948453608247423,3.5606060606060606,0.14192037470726,0.25563797870265115,0.09778693887904215,Drug Manufacturers—Specialty & Generic,Healthcare,ELAN
2021Q4,2021,Q4,2022-02-28,2021-12-31,-97000000.0,1113000000.0,-66000000.0,-0.2,601000000.0,0.5399820305,16483000000.0,7538000000.0,3276000000.0,1643000000.0,8945000000.0,1373000000.0,-949000000.0,13832412000.0,19513412000.0,15.465736561345917,1.993913572732806,0.38336467875993446,0.8382860175112762,-0.0038182211812867795,15.465736561345917,-0.012868134783762272,12.428043126684637,-35.65054639175258,1.8350241443353674,0.0,0.3729060451565914,0.0,0.06752411575562701,1.0139987827145465,-0.005884851058666505,104.791,0.5399820305480683,0.04761904761904753,0.5494739891075537,0.1068065454953357,-0.274237140367091,-0.04451510333863275,0.0673076923076923,-2.269230769230769,-5.43658236336159,0.04449415396863714,0.0878832682689884,Drug Manufacturers—Specialty & Generic,Healthcare,ELAN
2021Q3,2021,Q3,2021-11-05,2021-09-30,-104000000.0,1131000000.0,52000000.0,-0.21,629000000.0,0.5561450044208665,16565000000.0,7682000000.0,3160000000.0,1362000000.0,8883000000.0,1383000000.0,-852000000.0,15539997000.0,21420997000.0,15.764416170736713,2.320117474302496,0.3823724720796861,0.8245248633168446,0.0029680365296803654,15.764416170736713,-0.013538141109086176,13.740050397877985,-37.35576201923077,2.022910309815152,0.0,0.36297903109182933,0.0,0.0682764865680652,1.1270190895741556,-0.006278297615454271,242.812453125,0.5561450044208665,0.5116279069767442,-2.7694047155230788,0.2172430340312567,0.0,-0.13598901098901098,0.5047619047619047,-0.5666666666666667,-2.2961242128127526,0.11488650508893579,0.12193076872580683,Drug Manufacturers—Specialty & Generic,Healthcare,ELAN
2021Q2,2021,Q2,2021-08-09,2021-06-30,-210000000.0,1279000000.0,120000000.0,-0.43,728000000.0,0.5691946833463644,16833000000.0,7980000000.0,3431000000.0,1990000000.0,8853000000.0,1450000000.0,-748000000.0,16904436999.999998,22421437000.0,16.375949107326083,1.7241206030150753,0.3622051921820234,0.7640350877192983,0.007585398949843656,16.375949107326083,-0.02631578947368421,13.216917122752148,-20.12432976190476,2.1183505012531327,0.0,0.38,0.0,0.07598170260797243,0.8814070351758794,-0.012475494564248797,136.32610483870965,0.5691946833463644,-2.5833333333333335,-1.4442462757871597,0.2138145563103931,-0.23115106733734775,0.08172362555720654,-2.442622950819672,0.34831460674157305,-1.4442462757871597,0.2138145563103931,-0.23115106733734775,Drug Manufacturers—Specialty & Generic,Healthcare,ELAN
2021Q1,2021,Q1,2021-05-07,2021-03-31,-61000000.0,1242000000.0,89000000.0,-0.12,673000000.0,0.5418679549114331,16988000000.0,8007000000.0,3344000000.0,2034000000.0,8981000000.0,1424000000.0,-538000000.0,14333315000.0,19979315000.0,16.451612903225808,1.6440511307767944,0.36266776548151636,0.7694517297364806,0.004789843308865048,16.451612903225808,-0.007618333957786936,11.540511272141707,-58.74309426229508,1.790098039215686,0.0,0.39957865168539325,0.0,0.07311043089239463,0.8097345132743363,-0.003590769955262538,-421.5680882352941,0.5418679549114331,0.8181818181818182,-1.6140842984600836,0.23469119658716472,0.0,0.23827046918123276,0.8110285006195787,1.8317757009345794,-1.6140842984600836,0.23469119658716472,0.0,Drug Manufacturers—Specialty & Generic,Healthcare,ELAN
2020Q4,2020,Q4,2021-03-01,2020-12-31,-322800000.0,1139700000.0,-107000000.0,-0.66,543500000.0,0.47687988067035186,17692700000.0,8475900000.0,3416500000.0,2076300000.0,9216800000.0,1578100000.0,-477200000.0,14911754000.0,20543954000.0,17.432949403537638,1.6454751240186871,0.3462953647549554,0.7228612890666478,-0.00743562531754083,17.432949403537638,-0.0380844512087212,13.083929104150215,-11.548756195786865,1.759312167439446,0.0,0.3777960838983588,0.0,0.06441639772335483,0.7568270481144344,-0.018244812832411108,-62.18412844036697,0.47687988067035186,-1.2758620689655176,-0.5029766445537709,0.13615523296489676,-0.18192145839536886,0.21371147833854398,-1.3911111111111112,-6.867647058823529,-0.5029766445537709,0.13615523296489676,-0.18192145839536886,Drug Manufacturers—Specialty & Generic,Healthcare,ELAN
2020Q3,2020,Q3,2020-11-06,2020-09-30,-135000000.0,889600000.0,-13600000.0,-0.29,447800000.0,0.5033723021582733,17237000000.0,8344200000.0,3281400000.0,1871200000.0,8892800000.0,1597100000.0,-154400000.0,12914832000.0,18395032000.0,18.045415224913494,1.753634031637452,0.3562162789348495,0.7358524484072769,-0.0006064973105511008,18.045415224913494,-0.016178902710865032,14.517571942446043,-23.916355555555555,1.547761558927159,0.0,0.27662638532339867,0.0,0.051609908916864886,0.7978837109876016,-0.007831989325288623,-59.76322073114299,0.5033723021582733,-1.2307692307692306,-4.15646156160674,0.008992767366931404,0.0,0.5420110192837465,-1.537593984962406,-1.7083333333333333,-4.15646156160674,0.008992767366931404,0.0,Drug Manufacturers—Specialty & Generic,Healthcare,ELAN
2020Q2,2020,Q2,2020-07-30,2020-06-30,-53200000.0,586300000.0,19200000.0,-0.13,290400000.0,0.49530956848030017,9876000000.0,6651900000.0,3191300000.0,835400000.0,3224100000.0,1065300000.0,-19400000.0,8863140000.0,9528340000.0,16.098499515972893,3.82008618625808,0.20821182665046578,0.309129722334972,0.001521353325283911,16.098499515972893,-0.007997714938588975,15.117073170731707,-41.6500939849624,1.3324223154286745,0.0,0.2777621327325636,0.0,0.05936614013770757,2.4035192722049317,-0.005386796273795059,61.50687022900763,0.49530956848030017,-0.08333333333333341,0.2697469185662932,-0.34379763758071413,-0.2441772938346051,-0.10646153846153845,-0.0835030549898167,-0.21951219512195122,0.2697469185662932,-0.34379763758071413,-0.2441772938346051,Drug Manufacturers—Specialty & Generic,Healthcare,ELAN
2020Q1,2020,Q1,2020-05-07,2020-03-31,-49100000.0,657700000.0,24600000.0,-0.12,325000000.0,0.49414626729511935,9727200000.0,6661500000.0,3120600000.0,707500000.0,3065700000.0,1019000000.0,33800000.0,9043321000.0,9898521000.0,16.492943797969794,4.410742049469965,0.21194177152726376,0.309479846881333,0.002042283620248262,16.492943797969794,-0.007370712302034076,13.749917895697127,-46.045422606924646,1.3575502514448698,0.0,0.3264965652600589,0.0,0.06761452422074184,2.7686219081272085,-0.005047701291224607,-225.51922693266832,0.49414626729511935,-3.0,-1.5956170800990208,-0.21213448690534883,0.0,-0.13770230830459007,-4.168421052631579,-0.6597510373443983,-1.5956170800990208,-0.21213448690534883,0.0,Drug Manufacturers—Specialty & Generic,Healthcare,ELAN
2019Q4,2019,Q4,2020-02-28,2019-12-31,-9500000.0,787000000.0,72300000.0,-0.03,376900000.0,0.4789072426937738,8985800000.0,5546900000.0,2373100000.0,818500000.0,3438900000.0,1050700000.0,84300000.0,10984850000.0,13005850000.0,14.871045576407507,2.899328039095907,0.26208017093636626,0.4245614667652202,0.02021444945386994,14.871045576407507,-0.001712668337269466,13.957878017789072,-289.075,1.9803583983846833,0.0,0.39031122109070143,0.0,0.08758263037236529,1.49529627367135,-0.0010572236194885264,737.238255033557,0.4789072426937738,-2.0,0.9423434789465384,0.02265225397622,-0.3021442903508517,-0.08274519347773181,-1.95,-0.26224489795918365,0.9423434789465384,0.02265225397622,-0.3021442903508517,Drug Manufacturers—Specialty & Generic,Healthcare,ELAN
2019Q3,2019,Q3,2019-11-08,2019-09-30,10000000.0,771300000.0,98000000.0,0.03,410900000.0,0.5327369376377544,8823700000.0,5487700000.0,2310400000.0,741500000.0,3336000000.0,1068700000.0,93800000.0,9880844000.0,11931744000.0,14.767761033369215,3.115846257585974,0.26747282885864204,0.4300708857991508,-0.009990060908789724,14.767761033369215,0.0018222570475791315,12.810636587579411,247.0211,1.8005437615029976,0.0,0.3372321512117526,0.0,0.08741231002867278,1.5274443695212407,0.0011333114226458288,1829.785925925926,0.5327369376377544,-0.7000000000000001,1.4752915971149696,0.088575937927681,0.0,-0.03453947368421053,-0.7214484679665738,-0.08067542213883677,1.4752915971149696,0.088575937927681,0.0,Drug Manufacturers—Specialty & Generic,Healthcare,ELAN
2019Q2,2019,Q2,2019-08-13,2019-06-30,35900000.0,781600000.0,106600000.0,0.1,425600000.0,0.5445240532241555,8856900000.0,5265500000.0,2383500000.0,777500000.0,3591400000.0,1053100000.0,83800000.0,12784872000.0,14808872000.0,14.398414000546897,3.0655948553054664,0.2720026194266617,0.45752540119646756,0.009933268775158663,14.398414000546897,0.0068179660051277185,16.357308085977483,89.03114206128134,2.428045199886051,0.0,0.3380495679422657,0.0,0.08824758098205919,1.56475884244373,0.004053336946335626,443.9191666666667,0.5445240532241555,0.11111111111111122,1.5567901799010364,-0.011588479729650512,-0.32399611382506005,0.09888974954815388,0.13968253968253969,0.14500537056928034,1.5567901799010364,-0.011588479729650512,-0.32399611382506005,Drug Manufacturers—Specialty & Generic,Healthcare,ELAN
2019Q1,2019,Q1,2019-05-14,2019-03-31,31500000.0,731100000.0,93100000.0,0.09,387300000.0,0.529749692244563,8747400000.0,5196200000.0,2278300000.0,708200000.0,3551200000.0,1035500000.0,47900000.0,11764569000.0,13958069000.0,14.208914410719169,3.217029087828297,0.28186661179321854,0.47450059658981564,0.008543806612023284,14.208914410719169,0.006062122320157038,16.091600328272467,93.36959523809524,2.2640716292675416,0.0,0.33201352003862866,0.0,0.08357912065299403,1.5525275345947473,0.0036010700322381506,-525.2039732142857,0.529749692244563,1.2499999999999998,-0.577968276249615,-0.0327250838451852,0.0,0.0012926577042399173,0.9207317073170732,0.028729281767955802,-0.577968276249615,-0.0327250838451852,0.0,Drug Manufacturers—Specialty & Generic,Healthcare,ELAN
2018Q4,2018,Q4,2019-02-20,2018-12-31,16400000.0,799300000.0,90500000.0,0.04,386800000.0,0.4839234330038784,8956700000.0,5197500000.0,2504900000.0,970700000.0,3759200000.0,1004100000.0,16400000.0,11527368000.0,13524868000.0,14.216356673960613,2.580508911095086,0.27602800138443845,0.4756709956709957,-0.08796009852099972,14.216356673960613,0.0031553631553631555,14.421829100462904,175.7220731707317,2.2178678210678213,0.0,0.4108156558111742,0.0,0.08924045686469347,1.2199443700422377,0.0018310315183047328,145.36403530895333,0.4839234330038784,-0.75,1.101547987616099,0.05965796102346554,-0.33286697129948145,-0.011500127779197547,-0.7275747508305648,-0.1356255969436485,1.101547987616099,0.05965796102346554,-0.33286697129948145,Drug Manufacturers—Specialty & Generic,Healthcare,ELAN
2018Q3,2018,Q3,2018-11-08,2018-09-30,60200000.0,761100000.0,104700000.0,0.16,391300000.0,0.5141242937853108,9211500000.0,5137100000.0,2703700000.0,1245400000.0,4074400000.0,1008700000.0,0.0,12331687999.999998,14510187999.999998,14.051148796498905,2.1709490926609925,0.2690658416110297,0.48247065464951044,0.010502987055957543,14.051148796498905,0.011718673960016352,16.202454342399157,51.211328903654476,2.400515465924354,0.0,0.3666104887478933,0.0,0.08262497964500895,0.7522884213907178,0.0065353091244639856,84.40580424366871,0.5141242937853108,1.90749248482786,3.908212560386474,0.09180892267967294,0.0,0.15529967522881605,1.9585987261146496,1.8451086956521738,3.908212560386474,0.09180892267967294,0.0,Drug Manufacturers—Specialty & Generic,Healthcare,ELAN
2018Q2,2018,Q2,2018-06-30,2018-06-30,-62800000.0,770200000.0,36800000.0,-0.17631,338700000.0,0.4397559075564788,8577400000.0,7586600000.0,2056900000.0,558400000.0,990800000.0,1005600000.0,0.0,12822840000.0,12501840000.0,21.299306549875066,3.683560171919771,0.0,0.0,0.007615532649671789,21.299306549875066,-0.008277752880078032,16.64871461957933,-51.046337579617834,1.6901958716684682,0.0,0.42909705648369134,0.0,0.0897941101032947,1.691797994269341,-0.007321565975703593,113.37612732095491,0.4397559075564788,-1.8638454867490777,0.0,0.0,0.0,-0.09968102073365231,-1.8638239339752407,-0.5501222493887531,0.0,0.0,0.0,Drug Manufacturers—Specialty & Generic,Healthcare,ELAN
2018Q1,2018,Q1,2018-03-31,2018-03-31,72700000.0,736200000.0,81800000.0,0.204099,376200000.0,0.511002444987775,,,,,,,,12823200000.0,,,0.0,0.0,0.0,0.0,,0.0,17.418092909535453,44.09628610729023,0.0,0.0,0.0,0.0,0.0,0.0,0.0,896.7272727272727,0.511002444987775,1.462034640247678,0.0,0.0,0.0,0.0770111651875179,1.45015479876161,1.6996699669966997,0.0,0.0,0.0,Drug Manufacturers—Specialty & Generic,Healthcare,ELAN
2017Q4,2017,Q4,2017-12-31,2017-12-31,-161500000.0,754300000.0,30300000.0,-0.44173960612691465,349300000.0,0.4630783507888108,8940300000.0,7790800000.0,2123700000.0,632600000.0,1149500000.0,1062300000.0,0.0,13161600000.0,12838200000.0,21.309628008752735,3.357097692064496,0.0,0.0,0.004041867618137064,21.309628008752735,-0.02072957847717821,17.44876044014318,-20.373993808049537,1.6893772141500232,0.0,0.38124823496187515,0.0,0.0843707705557979,1.4626936452734745,-0.01806427077391139,-218.6312292358804,0.4630783507888108,-6.362326768781911,0.0,0.0,0.0,0.0885010906824556,-6.8019323671497585,1.3858267716535433,0.0,0.0,0.0,Drug Manufacturers—Specialty & Generic,Healthcare,ELAN
2017Q3,2017,Q3,2017-09-30,2017-09-30,-20700000.0,697100000.0,12700000.0,-0.06,320900000.0,0.46033567637354755,,,,,,,,13161600000.0,,,0.0,0.0,0.0,0.0,,0.0,18.880504949074737,-158.95652173913044,0.0,0.0,0.0,0.0,0.0,0.0,0.0,240.17518248175182,0.46033567637354755,0.0,0.0,0.0,0.0,0.0,0.0,0.0,0.0,0.0,0.0,Drug Manufacturers—Specialty & Generic,Healthcare,ELAN
