Year,Date,FillingDate,NetIncome,Revenue,OperatingIncome,EPSDiluted,GrossProfit,GrossProfitRatio,TotalAssets,CommonStockEquity,CurrentAssets,CurrentLiability,TotalLiability,Inventory,RetainedEarnings,EnterpriseValue,bookValuePerShare,currentRatio,debtToAssets,debtToEquity,roic,shareholdersEquityPerShare,roe,priceToSalesRatio,peRatio,pbRatio,payoutRatio,inventoryTurnover,dividendYield,assetTurnover,quickRatio,returnOnAssets,priceToFreeCashFlowsRatio,grossProfitMargin,epsdilutedGrowth,fiveYNetIncomeGrowthPerShare,fiveYRevenueGrowthPerShare,fiveYShareholdersEquityGrowthPerShare,grossProfitGrowth,netIncomeGrowth,operatingIncomeGrowth,threeYNetIncomeGrowthPerShare,threeYRevenueGrowthPerShare,threeYShareholdersEquityGrowthPerShare,Industry,Sector,Price,MarketCap,AvgVolume,Symbol
2022,2022-12-31,2023-03-16,18000.0,109914000.0,1654000.0,0.0008,62571000.0,0.5692723402,99388000.0,48003000.0,24779000.0,14467000.0,51385000.0,4821000.0,-59344000.0,215984740.23999998,2.3247335513345124,1.7127946360682933,0.3714532941602608,0.7690769326917067,0.002582433691339669,2.3247335513345124,0.0003749765639647522,1.6306543319322377,9957.318902222221,3.733761228256567,0.0,9.820161792159302,0.0,1.1059081579265102,1.1775765535356328,0.00018110838330583168,73.4255388119623,0.569272340193242,-0.9866666666666666,1.0009572908772693,0.7029916663217746,0.7078677228487513,0.03943718125487981,-0.9873239436619718,-0.4134751773049645,-0.9873619740926305,0.2948417734847915,1.0538405757450446,Medical Instruments & Supplies,Healthcare,9.96,208473756,91877,INFU
2021,2021-12-31,2022-03-15,1420000.0,102382000.0,2820000.0,0.06,60197000.0,0.5879646813,97586000.0,48272000.0,22065000.0,12896000.0,49314000.0,3939000.0,-53903000.0,386035884.74,2.3524414621121545,1.7109956575682381,0.3767651097493493,0.7616630759032151,0.035911578204362436,2.3524414621121545,0.029416639045409348,3.4132453433220684,246.09498925352116,7.239287469754723,0.0,10.709570957095709,0.0,1.049146393949952,1.2089795285359801,0.014551267599860637,210.5149908072289,0.5879646812916333,-0.9249999999999999,8.05035850709102,0.6007695126913244,0.04968115564220955,0.024472846712843988,-0.9180706208169859,-0.6805256599071032,2.3535338731351447,0.5916593064595776,1.4648361688417506,Medical Instruments & Supplies,Healthcare,9.96,208473756,91877,INFU
2020,2020-12-31,2021-03-22,17332000.0,97388000.0,8827000.0,0.8,58759000.0,0.6033494886,96991000.0,40752000.0,29771000.0,22997000.0,56239000.0,3001000.0,-44035000.0,410625333.20000005,2.026762898780222,1.2945601600208723,0.43988617500592836,1.0469424813506085,0.23237959250667958,2.026762898780222,0.42530427954456224,3.877359974534851,21.786772051696286,9.266007391048294,0.0,12.872042652449183,0.0,1.0040931632831913,1.0596164717137018,0.17869699250445917,112.18310552584671,0.6033494886433647,10.428571428571427,4.161947847706298,0.5052352497580187,-0.11406347121413705,0.2533381681668871,11.734753857457752,1.5041134751773049,1.946606124261763,0.549580602115715,0.4889632984851412,Medical Instruments & Supplies,Healthcare,9.96,208473756,91877,INFU
2019,2019-12-31,2020-03-30,1361000.0,81115000.0,3525000.0,0.07,46882000.0,0.5779695494,79224000.0,22334000.0,19305000.0,21847000.0,56890000.0,2899000.0,-61367000.0,208683677.94,1.1318958144992337,0.8836453517645443,0.5430298899323437,1.9262559326587265,0.044971817932607135,1.1318958144992337,0.060938479448374674,2.0749513399494544,123.66618511388683,7.536029280021491,0.0,11.808554674025526,0.0,1.0238690295869939,0.6748752689156405,0.01717913763506008,-19.301568571100916,0.5779695494051655,2.4,-0.5447994495114412,0.3698103074307995,-0.46016866611377105,0.20154800348557075,2.2429223744292237,7.493975903614458,8.02744397162198,0.31893313058581396,-0.494937610237763,Medical Instruments & Supplies,Healthcare,9.96,208473756,91877,INFU
2018,2018-12-31,2019-03-22,-1095000.0,67138000.0,415000.0,-0.05,39018000.0,0.5811611903839852,64073000.0,20441000.0,17537000.0,14790000.0,43632000.0,2254000.0,-62728000.0,103136640.32,0.9544007394282877,1.1857336037863422,0.5271799353862001,1.6524631867325474,0.008038568998331946,0.9544007394282877,-0.053568807788268676,1.097391050075963,-67.28460303196347,3.604355966929211,0.0,12.475598935226264,0.0,1.0478360619917906,0.9405679513184584,-0.01708988185351084,23.859015647668393,0.5811611903839852,0.945054945054945,-1.6698892421222107,0.10068998970412034,-0.5114763221754549,-0.1001591291713752,0.947119331626986,1.1088667366211962,-1.3061636749301697,-0.025813866269977864,-0.5828133233203385,Medical Instruments & Supplies,Healthcare,9.96,208473756,91877,INFU
2017,2017-12-31,2018-03-19,-20707000.0,71077000.0,-3812000.0,-0.91,43361000.0,0.6100566990728366,68881000.0,30953000.0,17667000.0,12474000.0,37928000.0,1764000.0,-61633000.0,77728197.3,1.3611906356874166,1.4163059163059164,0.41950610473134825,0.9335444060349563,-0.24865010322630246,1.3611906356874166,-0.6689820049752851,0.7358385595903034,-2.525773762495774,1.6896971957483926,0.0,15.712018140589569,0.0,1.0318810702515933,1.1907968574635241,-0.30061990969933655,13.114643254764292,0.6100566990728366,-90.0,-12.105726633807945,0.1386326276272543,-0.2709786405151084,-0.030822530174340636,-92.27477477477477,-4.9137577002053385,-7.009496681440998,0.04151279356660788,-0.35081184405503474,Medical Instruments & Supplies,Healthcare,9.96,208473756,91877,INFU
2016,2016-12-31,2017-03-22,-222000.0,70497000.0,974000.0,-0.01,44740000.0,0.6346369349050314,96344000.0,50689000.0,20769000.0,16439000.0,45655000.0,2166000.0,-41142000.0,89106647.55,2.2411009757271465,1.2633980169110044,0.3615066843809682,0.6871116021227486,0.006525755166298291,2.2411009757271465,-0.0043796484444356765,0.8181291054938508,-259.80021418918915,1.137833603937738,0.0,11.891505078485688,0.0,0.7317217470729884,0.9111868118498692,-0.0023042431287885077,-65.09666766365689,0.6346369349050314,-1.0625,0.9954482062670145,0.20221013334860174,0.17587875973769765,-0.1258987183494842,-1.0593107133315522,-0.8901173285198556,-1.1286059112524982,0.09442580693207041,0.14713960898043302,Medical Instruments & Supplies,Healthcare,9.96,208473756,91877,INFU
2015,2015-12-31,2016-03-09,3743000.0,72125000.0,8864000.0,0.16,51184000.0,0.7096568457538995,96449000.0,51278000.0,20544000.0,15287000.0,45171000.0,1916000.0,-39962000.0,98585052.74,2.2877066617377335,1.3438869627788317,0.32878516106958083,0.6184133546550178,0.06658544306568412,2.2877066617377335,0.07299426654705722,0.9385379929289427,18.084972679668716,1.3200993162759858,0.0,10.929540709812109,0.0,0.7478045391865131,0.9827958396022765,0.03880807473379714,-21.21342925101849,0.7096568457538995,0.06666666666666674,2.7782194691680133,0.3436420662552369,-0.4701064347128011,0.08088017907674114,0.1149836163240989,-0.05004822634229986,3.403348786248521,0.1721775934963551,0.22524132690674462,Medical Instruments & Supplies,Healthcare,9.96,208473756,91877,INFU
2014,2014-12-31,2015-03-09,3357000.0,66487000.0,9331000.0,0.15,47354000.0,0.712229458390362,80212000.0,46452000.0,15458000.0,14729000.0,33761000.0,1758000.0,-43705000.0,92137726.85,2.096758271422948,1.049494195125263,0.285082032613574,0.4922715921811763,0.0680262882719126,2.096758271422948,0.07226814776543529,1.049614614135094,20.788122386058983,1.5023191003616636,0.0,10.883390216154721,0.0,0.8288909390116193,0.7342657342657343,0.04185159327781379,-28.48397014285714,0.712229458390362,0.8749999999999999,2.6433086415261813,0.43337156906966917,-0.5210182803749835,0.08413654158749055,1.0113840623127621,0.5825983717774763,1.070271170354702,0.15755792331089885,0.10014387677048292,Medical Instruments & Supplies,Healthcare,9.96,208473756,91877,INFU
2013,2013-12-31,2014-03-11,1669000.0,62280000.0,5896000.0,0.08,43679000.0,0.7013326910725755,77373000.0,42723000.0,15883000.0,13041000.0,34650000.0,1234000.0,-47062000.0,70709331.06,1.9536427459941133,1.2179280730005368,0.3237434247088778,0.5863118226716288,0.05169354194771192,1.9536427459941133,0.03906560868852843,0.7514182893384714,28.039742995805874,1.095389627601058,0.0,15.073743922204214,0.0,0.8049319530068628,0.9075224292615597,0.021570832202447883,31.178101972018656,0.7013326910725755,2.142857142857143,-0.8625105114098984,0.44274723281671224,-0.5622717928511661,0.017897508797278087,2.1208865010073876,1.948,1.8127107785581258,0.18921538479156347,-0.5474845017123207,Medical Instruments & Supplies,Healthcare,9.96,208473756,91877,INFU
2012,2012-12-31,2013-03-28,-1489000.0,58828000.0,2000000.0,-0.07,42911000.0,0.7294315632011967,77523000.0,40013000.0,14831000.0,10195000.0,37510000.0,1339000.0,-48731000.0,61087018.0,1.8671478112098117,1.4547327121137812,0.40333836409839663,0.7814460300402369,0.01899976654148513,1.8671478112098117,-0.03721290580561318,0.5464237777928878,-21.58832639355272,0.8033643565841102,0.0,11.88722927557879,0.0,0.7588457619029191,1.062972045120157,-0.019207203023618797,-29.490842201834862,0.7294315632011967,0.9675925925925927,0.5452458057526473,6.632123483766646,-0.5030751161882071,0.21371800311129968,0.967233677354048,1.0301404545180541,-2.670601852341196,0.31111193452416547,-0.5734703033743458,Medical Instruments & Supplies,Healthcare,9.96,208473756,91877,INFU
2011,2011-12-31,2012-03-16,-45443000.0,54637000.0,-66356000.0,-2.16,35355000.0,0.6470889690136721,76263000.0,40165000.0,13080000.0,13132000.0,36098000.0,3217000.0,-47242000.0,62257289.730000004,1.9058945976939554,0.9960402071276272,0.38192832697376183,0.7251836175774928,-0.6345788798866252,1.9058945976939554,-1.1314079422382672,0.6209947422076616,-0.7466340191008517,0.8447476591559816,0.0,5.993783027665527,0.0,0.7164286744555026,0.6280079195857448,-0.5958721791694531,20.956942390364425,0.6470889690136721,-23.000000000000004,-2.748159078963781,0.0,-0.6003325297699244,0.05395737069607989,-23.537257019438446,-69.74200426439232,-4.884613847862666,0.3133975173511445,-0.5729701210859269,Medical Instruments & Supplies,Healthcare,9.96,208473756,91877,INFU
2010,2010-12-31,2011-03-10,-1852000.0,47229000.0,-938000.0,-0.09,33545000.0,0.7102627622858837,130364000.0,85143000.0,15289000.0,12381000.0,45221000.0,1699000.0,-1799000.0,73133810.74000001,4.317294663689323,1.2348760197076165,0.24697769322819182,0.3781520500804529,-0.004593433478194718,4.317294663689323,-0.02175164135630645,0.9729363471595842,-24.81145288336933,0.5396898246479452,0.0,8.054149499705709,0.0,0.3622856003191065,0.9444309829577578,-0.014206375993372404,5.491253673518164,0.7102627622858837,-3.25,-14.704408118792927,0.0,47588.79378851527,0.17138666759786292,-3.392764857881137,-1.1760510510510511,0.3853779245274168,5.658175092271332,0.14900980857268328,Medical Instruments & Supplies,Healthcare,9.96,208473756,91877,INFU
2009,2009-12-31,2010-03-03,774000.0,38964000.0,5328000.0,0.04,28637000.0,0.7349604763371317,114690000.0,81465000.0,14712000.0,11050000.0,33225000.0,925000.0,53000.0,57332553.400000006,4.3775329736267405,1.3314027149321268,0.2104891446507978,0.296335849751427,0.02230131322363018,4.3775329736267405,0.009501012704842571,1.0507533466789858,52.896063824289406,0.5025661744307371,0.0,11.164324324324324,0.0,0.3397331938268376,1.2006334841628958,0.006748626732932252,8.034056789638933,0.7349604763371317,-0.9245283018867925,7.955320913882412,0.0,48252.77632729822,0.09201494813910921,-0.9222813535495532,0.11324697033012955,1.0722934977707663,0.0,-0.08202818165546846,Medical Instruments & Supplies,Healthcare,9.96,208473756,91877,INFU
2008,2008-12-31,2009-03-03,9959000.0,35415000.0,4786000.0,0.53,26224000.0,0.7404771989270084,116220000.0,80073000.0,16748000.0,13242000.0,36147000.0,391000.0,-721000.0,61317237.2,4.463141086381592,1.2647636308714696,0.2638874548270521,0.3830130006369188,0.03961013871848155,4.463141086381592,0.1243740087170457,1.1904909558096852,4.233480992067476,0.5265350018108477,0.0,23.506393861892583,0.0,0.30472379969024266,1.1841866787494337,0.08569093099294442,4.600746093408992,0.7404771989270084,4.533333333333334,93.82994561911269,0.0,49196.39994666,4.2849657396211205,4.561874105865522,4.197060788243153,93.82994561911269,0.0,49196.39994666,Medical Instruments & Supplies,Healthcare,9.96,208473756,91877,INFU
TTM,,,,,,,,,,,,,,,,248287756.0,2.314341262257578,2.0041636755204593,0.3918404865980188,0.830277035287292,0.004109392474085682,2.314341262257578,0.00130137273834012,1.8364333999876674,3349.9364400000004,4.303600407782683,0.0,8.996633593196314,0.0,1.1101104037707434,1.3296482412060302,0.0006062917436754971,-70.33527530364373,0.5527083094757798,,,,,,,,,,,Medical Instruments & Supplies,Healthcare,9.96,208473756,91877,INFU
