Quarters,Year,Quarter,FillingDate,Date,NetIncome,Revenue,OperatingIncome,EPSDiluted,GrossProfit,GrossProfitRatio,TotalAssets,CommonStockEquity,CurrentAssets,CurrentLiability,TotalLiability,Inventory,RetainedEarnings,MarketCap,EnterpriseValue,bookValuePerShare,currentRatio,debtToAssets,debtToEquity,roic,shareholdersEquityPerShare,roe,priceToSalesRatio,peRatio,pbRatio,payoutRatio,inventoryTurnover,dividendYield,assetTurnover,quickRatio,returnOnAssets,priceToFreeCashFlowsRatio,grossProfitMargin,epsdilutedGrowth,fiveYNetIncomeGrowthPerShare,fiveYRevenueGrowthPerShare,fiveYShareholdersEquityGrowthPerShare,grossProfitGrowth,netIncomeGrowth,operatingIncomeGrowth,threeYNetIncomeGrowthPerShare,threeYRevenueGrowthPerShare,threeYShareholdersEquityGrowthPerShare,Industry,Sector,Symbol
2023Q1,2023,Q1,2023-05-03,2023-03-31,-5867000.0,2780000.0,-6197000.0,-1.24,2322000.0,0.8352517986,18300000.0,11847000.0,15374000.0,5848000.0,6453000.0,2478000.0,-152237000.0,26086500.0,14860500.0,2.497786211258697,2.628932968536252,0.03726775956284153,0.057567316620241414,-0.4527945553962044,2.497786211258697,-0.4952308601333671,9.38363309352518,-1.1115774671893643,2.201949860724234,0.0,0.1848264729620662,0.0,0.15191256830601094,2.072674418604651,-0.3206010928961749,-4.451621160409556,0.8352517985611511,-0.016393442622950834,-2.430103464360063,189.15436102294984,1.6615845581297162,0.209375,-0.013298791018998272,-0.04732127767449721,0.6915146461787222,0.5855511669407891,-0.7100288999042981,Medical Devices,Healthcare,ECOR
2022Q4,2022,Q4,2023-03-08,2022-12-31,-5790000.0,2560000.0,-5917000.0,-1.22,1920000.0,0.75,24756000.0,17086000.0,21173000.0,7045000.0,7670000.0,1982000.0,-146370000.0,18261435.7677,1248435.7677000016,3.603402965520921,3.0053938963804114,0.0282355792535143,0.04091068711225565,-0.3208905950553327,3.603402965520921,-0.3388739318740489,7.133373346757813,-0.7884903181217617,1.0687952573861643,0.0,0.3229061553985873,0.0,0.10340927451930845,2.571043293115685,-0.23388269510421716,-4.549435916218236,0.75,-0.07964601769911513,-4.841946126076447,59.58218162675952,2.0537219178480632,0.11757857974388825,-0.08224299065420561,-0.06497480201583873,0.716820001147545,0.576444908819936,-0.7072965120421143,Medical Devices,Healthcare,ECOR
2022Q3,2022,Q3,2022-11-03,2022-09-30,-5350000.0,1976000.0,-5556000.0,-1.13,1718000.0,0.8694331984,29491000.0,22204000.0,25308000.0,6642000.0,7287000.0,1974000.0,-140580000.0,28862537.97,7933537.969999999,4.685047452879973,3.81029810298103,0.02427859346919399,0.032246442082507654,-0.23062508315416622,4.685047452879973,-0.24094757701315078,14.606547555668016,-1.3487167275700933,1.2998801103404791,0.0,0.13069908814589665,0.0,0.06700349259095996,3.3136103583258056,-0.18141127801702214,-6.264931185153028,0.8694331983805668,0.0,-1.40517695243181,37.77196176173566,0.0,-0.04502501389660923,-0.0024358253700580853,0.04536082474226804,0.7933204825670878,0.19453903621581284,-0.7104223751431686,Medical Devices,Healthcare,ECOR
2022Q2,2022,Q2,2022-08-04,2022-06-30,-5337000.0,2157000.0,-5820000.0,-1.13,1799000.0,0.8340287436,33481000.0,27173000.0,29124000.0,5644000.0,6308000.0,1739000.0,-135127000.0,36109073.301,10511073.300999999,5.75569161710512,5.160170092133239,0.02186314626205908,0.026938505133772495,-0.187592115320521,5.75569161710512,-0.196408199315497,16.74041414047288,-1.6914499391512086,1.3288585471239835,0.0,0.2058654399079931,0.0,0.06442459902631344,4.767009213323884,-0.15940384098443894,-11.131033693279901,0.8340287436254057,0.04237288135593224,-1.5739556064021916,67.16024841275517,0.0,0.16894087069525665,0.04406233207952714,-0.042823866690557245,0.8172551022327107,0.4351370679335316,-0.7261992183770063,Medical Devices,Healthcare,ECOR
2022Q1,2022,Q1,2022-05-05,2022-03-31,-5583000.0,1899000.0,-5581000.0,-1.18,1539000.0,0.8104265403,37181000.0,31816000.0,32494000.0,4683000.0,5365000.0,1577000.0,-129790000.0,41343114.15,12207114.149999999,6.752887530123321,6.938714499252616,0.02006401118851026,0.023447322102087,-0.1675873610199574,6.752887530123321,-0.1754777470455117,21.770992180094787,-1.85129474073079,1.2994441208825749,0.0,0.22828154724159797,0.0,0.051074473521422234,6.458680333119795,-0.15015733842553994,-8.649187060669457,0.8104265402843602,-0.1238095238095237,-1.072733280081082,37.327529040793046,0.0,0.2834711598442822,-0.1286081651556228,-0.1345580570088488,0.8329051912272172,0.9234037369493667,-0.7487420044632295,Medical Devices,Healthcare,ECOR
2021Q4,2021,Q4,2022-03-10,2021-12-31,-4946801.0,1490791.0,-4919096.0,-1.05,1199092.0,0.8043327334,42832710.0,36647834.0,37541289.0,5485413.0,6184876.0,1360594.0,-124208218.0,41159190.7875,7231176.7875000015,7.77980430247544,6.843840017150942,0.017763667066594664,0.020761554420924304,-0.1295431200179974,7.77980430247544,-0.13498208379791285,27.608961140428136,-2.0800912947326973,1.123100229811672,0.0,0.21439092043622124,0.0,0.03480496564424712,6.4037335019259265,-0.11549119819875978,-9.45301666195844,0.8043327334280929,-0.21837472409566602,-4.024019949775083,34.51155068153321,3.2750023765110425,0.05922457283134004,-0.2386557778092163,-0.23438969165451917,0.866156111191057,0.682914252505376,-0.7680160525557647,Medical Devices,Healthcare,ECOR
2021Q3,2021,Q3,2021-11-04,2021-09-30,-3993685.0,1487093.0,-3985043.0,-0.861803827044556,1132047.0,0.7612482877668041,47570749.0,40480750.0,41884539.0,5738859.0,6454389.0,1082325.0,-119261417.0,78547995.0,41646999.0,8.735407090913014,7.298408795197791,0.022997577776208655,0.027025487423034407,-0.09359884906982598,8.735407090913014,-0.0986563984115907,52.81982700476702,-4.9170124208594315,1.9403789455481926,0.0,0.3280400988612478,0.0,0.03126065978065638,6.852558322133372,-0.08395253562225813,-22.78419035596456,0.7612482877668041,0.036661759936023566,-0.8361953448550359,28.841509535985136,0.0,0.2645842851764927,-0.38010617357672666,0.23403356838093936,0.8726741101359701,3.1465621211470185,-0.7863444449913368,Medical Devices,Healthcare,ECOR
2021Q2,2021,Q2,2021-08-05,2021-06-30,-2893752.0,1269464.0,-5202634.0,-0.8946014921896204,895193.0,0.7051739946938236,31297183.0,23980896.0,25409630.0,5757496.0,6680677.0,1077818.0,-115267732.0,57739091.550000004,44505856.550000004,7.413677321703549,4.413312662310143,0.04683731439982953,0.06112682361826681,-0.14802476043559543,7.413677321703549,-0.12066905256584241,45.48304760906966,-4.988255001638012,2.4077120200179345,0.0,0.34724879339554543,0.0,0.04056160581608894,4.1851712966887,-0.09246046201666137,-34.56617188290421,0.7051739946938236,0.4721154546078778,-1.036917801835606,57.547688660643225,0.0,0.06588740702286222,0.4625107172734959,0.03363154234563021,0.9018569998269896,0.9469696639581312,-0.843331266141933,Medical Devices,Healthcare,ECOR
2021Q1,2021,Q1,2021-05-06,2021-03-31,-5383832.0,1203844.0,-5383696.0,-1.694691576024629,839857.0,0.6976460405168776,33750219.0,26031814.0,27592838.0,5344993.0,7082795.0,944715.0,-112373980.0,98165592.0,91921562.0,8.194144569514744,5.162371213582506,0.08356553182662312,0.10834262260785975,-0.17789594706754816,8.194144569514744,-0.2068173965901877,81.54344915121892,-4.558351375005758,3.7709854564879723,0.0,0.3852876264270177,0.0,0.03566922039824393,4.8104914262750205,-0.15951991304115687,-23.622074119420397,0.6976460405168776,0.18892112358876387,-1.964302655061308,35.03390423714496,0.0,6.681782842926526,0.14863556844027667,0.14858450507098428,-3.699319201169249,121.93739908004771,3.1703697017134176,Medical Devices,Healthcare,ECOR
2020Q4,2020,Q4,2021-03-11,2020-12-31,-6323769.0,928265.0,-6323230.0,-2.089428815509406,109331.0,0.11777994430469747,31518163.0,23008972.0,25063667.0,5890302.0,7873581.0,841617.0,-106990148.0,70821363.6,69573488.6,7.602366255483959,4.255073339193814,0.09499481299084594,0.1301258482995242,-0.23058198702005192,7.602366255483959,-0.27483926704765427,76.29433793151739,-2.7998082947052616,3.077989038362948,0.0,0.9730483105735744,0.0,0.02945174818722779,3.8875159541904645,-0.20063888241202382,-22.90923710992049,0.11777994430469747,-0.36707828074359433,-8.996181305809866,33.41565682649251,3.2231152129148257,-0.8509130181621819,-0.40954069227827006,-0.4087306935947303,-8.996181305809866,33.41565682649251,3.2231152129148257,Medical Devices,Healthcare,ECOR
2020Q3,2020,Q3,2020-11-12,2020-09-30,-4486404.0,1080841.0,-4488601.0,-1.5283900307251637,733337.0,0.6784874000893748,37075321.0,28260416.0,28600534.0,5811619.0,8179295.0,793216.0,-100666379.0,76173085.05,75955546.05,9.627518627066555,4.921267894540231,0.09750192048236075,0.12791442985128032,-0.1342831838635722,9.627518627066555,-0.1587522278511399,70.47575457444712,-4.244662598932241,2.6953985762276114,0.0,0.43809504598999516,0.0,0.0291525729473792,4.4985087632207135,-0.12100782620331191,-16.51579334390833,0.6784874000893748,0.21222385310983394,-2.256451935136628,33.24094072237642,0.0,0.5278840925143082,0.05380628354403897,0.24223786088485583,-2.256451935136628,33.24094072237642,0.0,Medical Devices,Healthcare,ECOR
2020Q2,2020,Q2,2020-08-13,2020-06-30,-4741528.0,752955.0,-5923496.0,-1.9401324053268854,479969.0,0.6374471249941895,28658616.0,20907242.0,19920753.0,5075882.0,7115764.0,761301.0,-96179975.0,30140865.36,18366014.36,8.554798029395398,3.9245894605114935,0.10776085628140591,0.1477132660539348,-0.1850333733361655,8.554798029395398,-0.22678878447955977,40.03010187859832,-1.589195790892725,1.4416471268663749,0.0,0.3585782758724867,0.0,0.02627325059940089,3.7392165538915205,-0.16544860365901828,-7.496435405538299,0.6374471249941895,0.5161585810922787,-3.4174867482537787,44.96244544783869,0.0,0.10171557375544008,0.4042819331078459,0.26078123252879254,-3.4174867482537787,44.96244544783869,0.0,Medical Devices,Healthcare,ECOR
2020Q1,2020,Q1,2020-05-15,2020-03-31,-7959349.0,733771.0,-8013184.0,-4.00985184300005,435656.0,0.5937220195401562,26364264.0,17098172.0,17395646.0,7347655.0,8630482.0,664371.0,-91438447.0,28285509.0,14462757.0,8.613914319166044,2.367509906221781,0.06818866629464794,0.10514246786147666,-0.38722893871842873,8.613914319166044,-0.4655087690075875,38.548142404101554,-0.8884366359610567,1.6543001789898943,0.0,0.4487176592596606,0.0,0.027832030509177118,2.162940421127557,-0.3018991540973797,-3.376016143476135,0.5937220195401562,0.07009200358801998,-6.013911279908953,34.15226614434151,0.0,0.5331470519922015,0.06339542925474186,0.06881489341353605,-6.013911279908953,34.15226614434151,0.0,Medical Devices,Healthcare,ECOR
2019Q4,2019,Q4,2020-03-30,2019-12-31,-8498089.0,674942.0,-8605361.0,-4.312095237885827,284158.0,0.4210109905740049,35461679.0,24261508.0,26533384.0,9144681.0,10564561.0,890992.0,-83479098.0,47002530.6,35456942.6,12.310761961399585,2.901510069077314,0.056912223473682674,0.08318538979522624,-0.3059430145039113,12.310761961399585,-0.3502704366109477,69.6393624933698,-1.3827382426802075,1.937329311929003,0.0,0.43859428591951444,0.0,0.019032996153397024,2.685198204289466,-0.23964147326470356,-5.159198316918636,0.4210109905740049,0.21050539521829836,-19.62979783088519,37.429621795099024,4.5999636533189285,-0.13643961173545982,0.20487524821657857,0.21006802034184582,-19.62979783088519,37.429621795099024,4.5999636533189285,Medical Devices,Healthcare,ECOR
2019Q3,2019,Q3,2019-11-14,2019-09-30,-10687743.0,682993.0,-10893800.0,-5.461842565824928,329054.0,0.48178239015626806,44090451.0,31658904.0,38949997.0,10245872.0,11795937.0,3111271.0,-74981008.0,64280945.7,60180749.7,16.178900062448832,3.8015307042680213,0.020372778677178877,0.02837258674526446,-0.3153590431806654,16.178900062448832,-0.33759042953603197,94.11655126772895,-1.503613665205086,2.0304223323713293,0.0,0.11376026067803158,0.0,0.015490723830427591,3.3419777252731637,-0.24240493706902658,-7.804354190086164,0.48178239015626806,0.11706792864272494,-10.637229379599871,31.457676631951337,0.0,-0.10656714715872528,0.11675341225005206,0.12003794552632778,-10.637229379599871,31.457676631951337,0.0,Medical Devices,Healthcare,ECOR
2019Q2,2019,Q2,2019-08-14,2019-06-30,-12100520.0,622743.0,-12379852.0,-6.186028056981537,368303.0,0.5914205378462705,50549248.0,41120179.0,47173712.0,7113869.0,8793459.0,4999010.0,-64293265.0,57802902.75,51134005.75,21.02145794832077,6.6312314719318,0.007586601486138825,0.009326248312294555,-0.2841581781047171,21.02145794832077,-0.29427206530399586,92.81983538955878,-1.1942235282037466,1.4057064963165653,0.0,0.05089807781940824,0.0,0.012319530450779406,5.852677916897261,-0.23938081136241632,-5.091977169179052,0.5914205378462705,0.12770512461676878,-13.08496564254239,46.493894440967786,0.0,0.4626226122870418,0.12704297433255926,0.12885500342973463,-13.08496564254239,46.493894440967786,0.0,Medical Devices,Healthcare,ECOR
2019Q1,2019,Q1,2019-05-15,2019-03-31,-13861530.0,409601.0,-14211012.0,-7.091670754415229,251810.0,0.6147690069116042,62499617.0,52532998.0,57238830.0,5329791.0,9331009.0,3589264.0,-52192745.0,197025796.79999998,194287125.79999998,26.8763090133586,10.739413609276612,0.0034223729723015742,0.004071669391493705,-0.24948227774967913,26.8763090133586,-0.2638632959801761,481.0188373563541,-3.5534640981190386,3.750514996307654,0.0,0.043961937600577726,0.0,0.006553656160804953,9.879387202987884,-0.22178583910362204,-11.986379221040895,0.6147690069116042,0.09613752947009774,-11.404534259945834,18.92692865491818,0.0,0.43623058627593014,0.09613752947009771,0.09375464130703798,-11.404534259945834,18.92692865491818,0.0,Medical Devices,Healthcare,ECOR
2018Q4,2018,Q4,2019-03-28,2018-12-31,-15335884.0,367568.0,-15681197.0,-7.845962174154256,175327.0,0.4769920123623384,73504336.0,65550091.0,72698536.0,7073003.0,7318635.0,1949402.0,-38331215.0,183538911.9,175938627.9,33.53595965662909,10.278312620537557,0.0,0.0,-0.23922464119843861,33.53595965662909,-0.2339567156359859,499.33321698298005,-2.9919845491137,2.7999795133770293,0.0,0.0986153702520055,0.0,0.005000630166906072,9.731505839881589,-0.20863917470120402,-15.071454910676014,0.4769920123623384,-0.15918980786187412,-36.53641645115885,20.101224039588892,10.806723273634747,2.2525183192653744,-0.16146271491691117,-0.15712328052467403,-36.53641645115885,20.101224039588892,10.806723273634747,Medical Devices,Healthcare,ECOR
2018Q3,2018,Q3,2018-11-14,2018-09-30,-13203940.0,150972.0,-13551881.0,-6.768487887782705,53905.0,0.3570529634634237,85424483.0,79759205.0,84958547.0,4767171.0,5029668.0,1124232.0,-22995331.0,417860503.2,54638132766.2,40.88546675305875,17.82158580004787,0.0,0.0,-0.16994121894103112,40.88546675305875,-0.16554753774188197,2767.801335346952,-7.91166317023555,5.239025429102509,0.0,0.08634071970909919,0.0,0.0017673153491604976,16.936163187769015,-0.15456856788937196,-29.820036177071113,0.3570529634634237,0.2574573499996176,-13.421225304734884,6.196686957563392,0.0,-0.6470753839908864,0.2574588217880702,0.16457483871134784,-13.421225304734884,6.196686957563392,0.0,Medical Devices,Healthcare,ECOR
2018Q2,2018,Q2,2018-08-14,2018-06-30,-17782098.0,393226.0,-16221538.0,-9.115285011277425,152738.0,0.3884229425317756,100142059.0,92313261.0,99734098.0,6913827.0,7193189.0,751949.0,-9791391.0,483115620.0,394757776.0,47.32072021734673,14.425310034514894,0.0,0.0,-0.17572272742049488,47.32072021734673,-0.19262777424794905,1228.5953116019796,-6.7921628257813,5.233436829839648,0.0,0.31981956223094915,0.0,0.003926681795108687,13.903268189961942,-0.17756872764120019,-42.46691669563044,0.3884229425317756,-24.276358331937754,-19.754590732348166,29.071186903661108,0.0,3.737677967678898,-0.8720874997631215,-0.7828001375988992,-19.754590732348166,29.071186903661108,0.0,Medical Devices,Healthcare,ECOR
2018Q1,2018,Q1,2018-03-31,2018-03-31,-9498540.0,81187.0,-9098910.0,-0.3606249322616967,32239.0,0.3970955941222117,31274677.0,-99442267.0,30937640.0,7540673.0,130107804.0,321187.0,-162427468.0,7842470300.25,7840949834.25,-3.7754602651547353,4.102769076447156,0.0,0.0,0.09149942247394661,-3.7754602651547353,0.09551813616638487,96597.61168967938,-206.41251972013592,-78.86455666029818,0.0,0.15239720163020296,0.0,0.00259593408430725,3.575589075404808,-0.30371344842346415,-798.4328666093347,0.3970955941222117,-0.7252907652604533,0.3692059363995209,-0.706892251611063,0.0,1.7328877673963945,-0.7252907652604536,-0.21580993465107287,0.3692059363995209,-0.706892251611063,0.0,Medical Devices,Healthcare,ECOR
2017Q4,2017,Q4,2017-12-31,2017-12-31,-5505472.0,234730.0,-7483826.0,-0.2090226989693856,-43989.0,-0.1874025476078899,39232656.0,-90071611.0,39033406.0,6119319.0,128700212.0,327787.0,-152928928.0,7842470300.25,7829246106.25,-3.419690626612265,6.3787173049811585,0.0,0.0,0.08308751133584144,-3.419690626612265,0.06112327667815334,33410.6006912197,-356.1216141072918,-87.06927980060222,0.0,0.8503052287003451,0.0,0.005983025977134966,6.091849272770385,-0.14032881179393003,-968.4267960109432,-0.1874025476078899,0.554647472013955,0.0,0.0,0.0,-1.2839447202122372,0.5546474720139549,-0.24982564827445233,0.0,0.0,0.0,Medical Devices,Healthcare,ECOR
2017Q3,2017,Q3,2017-09-30,2017-09-30,-12362054.0,283239.0,-5987896.0,-0.4693421185114172,154921.0,0.5469621062071254,,,,,,,,7842470300.25,,,0.0,0.0,0.0,0.0,,0.0,27688.525592344275,-158.5996611131532,0.0,0.0,0.0,0.0,0.0,0.0,0.0,-1187.9382721533339,0.5469621062071254,-0.06864496807607842,0.0,0.0,0.0,0.12419633397674992,-0.06864496807607834,0.19422621025274797,0.0,0.0,0.0,Medical Devices,Healthcare,ECOR
2017Q2,2017,Q2,2017-06-30,2017-06-30,-11567971.0,176555.0,-7431237.0,-0.43919368221645344,137806.0,0.7805273144345954,,,,,,,,7842470300.25,,,0.0,0.0,0.0,0.0,,0.0,44419.41774659455,-169.48672978714245,0.0,0.0,0.0,0.0,0.0,0.0,0.0,-1204.5933850638455,0.7805273144345954,0.2317759128453521,0.0,0.0,0.0,2.1187706513375275,-0.8197429071850136,-0.5672319150874635,0.0,0.0,0.0,Medical Devices,Healthcare,ECOR
2017Q1,2017,Q1,2017-03-31,2017-03-31,-6356926.0,116933.0,-4741632.0,-0.5716999630187868,44186.0,0.3778745093344052,,,,,,,,3310783485.0,,,0.0,0.0,0.0,0.0,,0.0,28313.50846211078,-130.20379209227858,0.0,0.0,0.0,0.0,0.0,0.0,0.0,-775.1033640187582,0.3778745093344052,0.0,0.0,0.0,0.0,0.0,0.0,0.0,0.0,0.0,0.0,Medical Devices,Healthcare,ECOR
