Quarters,Year,Quarter,FillingDate,Date,NetIncome,Revenue,OperatingIncome,EPSDiluted,GrossProfit,GrossProfitRatio,TotalAssets,CommonStockEquity,CurrentAssets,CurrentLiability,TotalLiability,Inventory,RetainedEarnings,MarketCap,EnterpriseValue,bookValuePerShare,currentRatio,debtToAssets,debtToEquity,roic,shareholdersEquityPerShare,roe,priceToSalesRatio,peRatio,pbRatio,payoutRatio,inventoryTurnover,dividendYield,assetTurnover,quickRatio,returnOnAssets,priceToFreeCashFlowsRatio,grossProfitMargin,epsdilutedGrowth,fiveYNetIncomeGrowthPerShare,fiveYRevenueGrowthPerShare,fiveYShareholdersEquityGrowthPerShare,grossProfitGrowth,netIncomeGrowth,operatingIncomeGrowth,threeYNetIncomeGrowthPerShare,threeYRevenueGrowthPerShare,threeYShareholdersEquityGrowthPerShare,Industry,Sector,Symbol
2023Q1,2023,Q1,2023-05-10,2023-03-31,-19797000.0,132417000.0,2372000.0,-2.2,32341000.0,0.244236012,840266000.0,260545000.0,320480000.0,98867000.0,579721000.0,218397000.0,-104985000.0,737806.726,425079806.726,28.957027968324592,3.2415264951905085,0.5367038533035967,1.7308871787982882,0.007708358171813414,28.957027968324592,-0.07598303556007599,0.005571842935574738,-0.009317153179774714,0.002831782325509989,0.0,0.45822973758797053,0.0,0.15758938240985593,0.9417095694215462,-0.023560396350679427,0.29382983910792515,0.2442360119924179,0.6716417910447761,-924.2165257491384,0.0,19923.560528663707,0.14186350315997598,0.6715989582469353,2.673959068454481,-111.4373535646547,0.0,-0.11461179923343656,,Technology,FREEW
2022Q4,2022,Q4,2023-03-13,2022-12-31,-60283000.0,138897000.0,-1417000.0,-6.7,28323000.0,0.2039136914,849003000.0,274551000.0,324834000.0,87044000.0,574452000.0,218975000.0,-85188000.0,2069457.8900000001,430783457.89,30.51365785461815,3.7318367722071595,0.5387377900902588,1.665956416112125,-0.0019598509008500816,30.51365785461815,-0.21956940604842087,0.01489922669316112,-0.008582261541396415,0.007537608276786462,0.0,0.504961753624843,0.0,0.16360012862145362,1.0951817471623546,-0.07100446052605232,0.21751712108471727,0.20391369144041988,-22.928571428571427,-49.73800398287057,0.0,-0.12732378299055955,-0.19116429162977983,-22.912336374454583,-1.2077103488712988,-49.73800398287057,0.0,-0.12732378299055955,,Technology,FREEW
2022Q3,2022,Q3,2022-11-09,2022-09-30,-2521000.0,135280000.0,6822000.0,-0.28,35017000.0,0.2588483146,900323000.0,315053000.0,330945000.0,89938000.0,585270000.0,228830000.0,-24905000.0,1529599.31,444353599.31,35.01505894377005,3.6797015721941784,0.5150040596541463,1.4717206311319049,0.019228120280934055,35.01505894377005,-0.00800182826381593,0.011306913882318156,-0.15168577052756843,0.004855053943304778,0.0,0.43815496219901234,0.0,0.15025718547676778,1.003646956792457,-0.0028001061841139234,-0.19741859963861644,0.25884831460674157,-2.866666666666667,-2.53362964256629,0.0,-0.022644067595796253,-0.061558664308302515,-2.901206636500754,-0.1128738621586476,-2.53362964256629,0.0,-0.022644067595796253,,Technology,FREEW
2022Q2,2022,Q2,2022-08-09,2022-06-30,1326000.0,133503000.0,7690000.0,0.15,37314000.0,0.2794993371,920678000.0,329344000.0,338163000.0,94180000.0,591334000.0,228074000.0,-22384000.0,2519340.04,437922340.04,36.60336379205087,3.5906031004459544,0.5029163290531543,1.4058977846871357,0.0057832211502442995,36.60336379205087,0.004026185386708123,0.018871036905537705,0.4749886953242836,0.00764957017586475,0.0,0.42174469689662125,0.0,0.1450050940719774,1.058961562964536,0.001440242951390171,-0.14287642715363238,0.27949933709354846,-0.5,-0.13362233957440214,0.0,-0.041900191342213025,-0.056726831487941755,-0.5135730007336757,0.08846426043878274,-0.13362233957440214,0.0,-0.041900191342213025,,Technology,FREEW
2022Q1,2022,Q1,2022-05-10,2022-03-31,2726000.0,130592000.0,7065000.0,0.3,39558000.0,0.302912889,923559000.0,339974000.0,325801000.0,101780000.0,583585000.0,215058000.0,-23710000.0,5215933.6471,421033933.6471,37.78478430406719,3.201031636863824,0.4820298432476972,1.3094619000276493,0.006147742106055724,37.78478430406719,0.00801826021989917,0.03994068279144205,0.47835048120873075,0.015342154538582361,0.0,0.4232997609947084,0.0,0.1414008200883755,1.0066221261544508,0.0029516251804161944,4.458062946239316,0.30291288899779467,7.864988558352402,128.40012371531802,0.0,25997.704796376507,0.021642561983471073,7.9363867684478375,-0.034704194562098646,128.40012371531802,0.0,25997.704796376507,,Technology,FREEW
2021Q4,2021,Q4,2022-03-14,2021-12-31,-393000.0,132714000.0,7319000.0,-0.0437,38720000.0,0.2917552029,922579000.0,313871000.0,318401000.0,151728000.0,608708000.0,212930000.0,-26436000.0,10527242.309999999,399990242.31,34.88369120668602,2.098498629125804,0.4528165067706939,1.3309894829404436,-0.004985458608913697,34.88369120668602,-0.0012521067572346602,0.0793227715990777,-6.696719026717557,0.03354002857861988,0.0,0.44143145634715636,0.0,0.14385109567852725,0.6451413054940419,-0.000425979780593315,0.8859077934864932,0.291755202917552,-1.0446510332841243,-1.3177352747087592,0.0,-0.0023428910877393502,-0.10014176485625974,-1.044628662275721,-0.4584936371707606,-1.3177352747087592,0.0,-0.0023428910877393502,,Technology,FREEW
2021Q3,2021,Q3,2021-11-09,2021-09-30,8806000.0,128941000.0,13516000.0,0.9787007552978041,43029000.0,0.33371076693991825,918809000.0,313532000.0,320153000.0,131658000.0,605277000.0,193509000.0,-26043000.0,13946346.65,393773346.65,34.84601467295379,2.43170183353841,0.4499368203837794,1.3185448375285458,0.01891682671188288,34.84601467295379,0.02808644731638238,0.10816068318067953,0.3959330754599137,0.044481413858872464,0.0,0.44396901436108915,0.0,0.14033493359338012,0.8094912576524025,0.009584146433045388,-26.768419673704415,0.33371076693991825,1.3832205683355885,4.3570577677265945,0.0,-0.027362506630456453,0.04047878128400435,1.3832205683355887,1.262092050209205,4.3570577677265945,0.0,-0.027362506630456453,,Technology,FREEW
2021Q2,2021,Q2,2021-08-09,2021-06-30,3695000.0,126493000.0,5975000.0,0.4106631036594806,41355000.0,0.32693508731708476,914366000.0,302148000.0,312750000.0,134261000.0,612218000.0,195976000.0,-34849000.0,19974767.46,408100767.46,33.580794436943094,2.3294180737518713,0.4507822906800997,1.364165905450309,-0.06337175532995998,33.580794436943094,0.012229106265803513,0.1579120382946092,1.3514727645466849,0.06610921621192264,0.0,0.43443074662203535,0.0,0.13833957080643855,0.7458755707167383,0.0040410513951743615,-2.879453288164913,0.32693508731708476,1.3072765072765071,1.4142273418345281,0.0,-0.12101650254344086,0.1599955120473479,1.3072765072765073,2.950065274151436,1.4142273418345281,0.0,-0.12101650254344086,,Technology,FREEW
2021Q1,2021,Q1,2021-05-14,2021-03-31,-12025000.0,105825000.0,-3064000.0,-1.3364611154276738,35651000.0,0.3368863690054335,902301000.0,290785000.0,303655000.0,133027000.0,611516000.0,191837000.0,-38544000.0,18895050.3,401451050.3,32.317908145499885,2.2826569042374856,0.45479501851377757,1.4112213491067283,-0.0032466954220539065,32.317908145499885,-0.04135357738535344,0.1785499673990078,-0.3928284885654886,0.06497945320425744,0.0,0.3658001324040722,0.0,0.11728347857311473,0.7518097829763882,-0.013327038316481972,-2.6459950007001822,0.3368863690054335,-1.14655480185648,-560.9906411139763,0.0,22236.09276066506,0.3234464325488158,-1.1465548018564797,0.5726638772663877,-560.9906411139763,0.0,22236.09276066506,,Technology,FREEW
2020Q4,2020,Q4,2021-03-16,2020-12-31,-5602000.0,80166000.0,-7170000.0,-0.6226074984304223,26938000.0,0.3360277424344485,575414000.0,308846000.0,190065000.0,64852000.0,287692000.0,111699000.0,0.0,12416747.34,6141747.34,34.32521161375262,2.930750015419725,0.01846149033565398,0.03439578301159801,-0.012694713563744717,34.32521161375262,-0.018138489732747065,0.15488794925529525,-0.554121177258122,0.040203685137576654,0.0,0.47653067619226674,0.0,0.1393188208837463,1.130589650280639,-0.00973559906432586,13.4964645,0.3360277424344485,-0.9760141093474426,-5.529142516331984,0.0,-0.018315143931372947,0.44478412443014215,-0.9760141093474427,-7.738721804511278,-5.529142516331984,0.0,-0.018315143931372947,,Technology,FREEW
2020Q3,2020,Q3,2020-11-16,2020-09-30,-2835000.0,67002000.0,1064000.0,-0.3150825166101834,18645000.0,0.2782752753649145,540296000.0,307221000.0,212042000.0,61843000.0,233075000.0,103546000.0,-20345000.0,8727713.709999999,108009713.71000001,34.14460876031645,3.4287146483838105,0.2745957771295734,0.4829194618857435,0.005568093773459626,34.14460876031645,-0.009227884812561642,0.1302604953583475,-0.7696396569664902,0.028408584406664907,0.0,0.46700983137929036,0.0,0.12400980203444038,1.671361350516631,-0.00524712379880658,-0.5875665618688568,0.2782752753649145,0.9173836946011774,-2.724648963377799,0.0,-0.04694046109971373,-0.24942635159615154,0.9173836946011774,1.0282933115489017,-2.724648963377799,0.0,-0.04694046109971373,,Technology,FREEW
2020Q2,2020,Q2,2020-08-14,2020-06-30,-34315260.0,62356000.0,-37606061.0,-3.813805459941009,24841000.0,0.39837385335813713,552410000.0,308176000.0,222567000.0,63845000.0,244234000.0,108785000.0,-17208000.0,10257313.02,98908313.02,34.25074766802817,3.486052157569113,0.2720044894190909,0.4875720367582161,-0.07858457571945904,34.25074766802817,-0.11134955350189502,0.1644960071204054,-0.0747285101438835,0.03328394495353305,0.0,0.34485452957668794,0.0,0.11287992614181495,1.7341843527292662,-0.06211918683586467,0.6106039580001589,0.39837385335813713,-192.45609738659684,-23.420795381369608,0.0,-0.10348035296552494,0.0,-192.42731228383354,-64.40878423624072,-23.420795381369608,0.0,-0.10348035296552494,,Technology,FREEW
2020Q1,2020,Q1,2020-05-15,2020-03-31,179260.0,0.0,-574939.0,0.01992,0.0,0.0,306028728.0,294272049.0,686864.0,412174.0,11756679.0,0.0,4111404.0,13429881.9418,13128203.9418,32.70545952979019,1.666441842522818,0.0009199071010091575,0.0009566589859847681,-0.0019500358988822513,32.70545952979019,0.0006091642091362881,0.0,18.729613329521364,0.04563764036522544,0.0,0.0,0.0,0.0,1.4149267057116655,0.0005857620007491584,-31.77654936718445,0.0,-0.8550956572343057,9.377749881587642,0.0,22502.756557195087,0.0,-0.844960703947249,-3.627685348401066,9.377749881587642,0.0,22502.756557195087,,Technology,FREEW
2019Q4,2019,Q4,2020-03-30,2019-12-31,1156223.0,0.0,-124239.0,0.13747,0.0,0.0,305392570.0,294092789.0,1071545.0,19781.0,11299781.0,0.0,3932144.0,12554131.729,11587862.729,34.96561182701288,54.17041605581113,0.0,0.0,-0.00042244830423230815,34.96561182701288,0.00393149047935344,0.0,2.7144702468727915,0.042687655728274244,0.0,0.0,0.0,0.0,50.84833931550478,0.0037860220371438635,-103.8974090389963,0.0,-0.24752312660791495,0.0,0.0,0.0,0.0,-0.22599006968092974,0.0514006917561903,0.0,0.0,0.0,,Technology,FREEW
2019Q3,2019,Q3,2019-11-08,2019-09-30,1493809.0,0.0,-130971.0,0.18269,0.0,0.0,304231566.0,292936566.0,1229003.0,15000.0,11295000.0,0.0,2775921.0,12204357.3376,11069694.3376,35.82631238308064,81.93353333333333,0.0,0.0,-0.0004470967956933038,35.82631238308064,0.005099428249595853,0.0,2.0424895916412336,0.04166211649248323,0.0,0.0,0.0,0.0,77.6442,0.0049101052189962436,-101.09807433522755,0.0,0.07401528512639619,0.0,0.0,0.0,0.0,0.15118342762068357,-0.6339920652743469,0.0,0.0,0.0,,Technology,FREEW
2019Q2,2019,Q2,2019-08-09,2019-06-30,1297629.0,0.0,-80154.0,0.1701,0.0,0.0,302736695.0,291442757.0,1358912.0,13938.0,11293938.0,0.0,1282112.0,11386400.5968,10128895.5968,38.204123893239206,97.49691490888219,0.0,0.0,-0.0002750248481899998,38.204123893239206,0.004452431802928628,0.0,2.193693381698467,0.03906908071419321,0.0,0.0,0.0,0.0,92.22133735112642,0.004286328751788745,-81.4786764424281,0.0,72.47058823529412,0.0,0.0,0.0,0.0,84.62628085325771,-4.165560353161049,0.0,0.0,0.0,,Technology,FREEW
2019Q1,2019,Q1,2019-06-06,2019-03-31,-15517.0,0.0,-15517.0,-0.00238,0.0,0.0,160286.0,9483.0,33009.0,150803.0,150803.0,0.0,-15517.0,9739215.0,9857009.0,0.0014533333333333334,0.21888821840414316,0.9408370038556081,15.90245702836655,-0.09680820533296731,0.0014533333333333334,-1.6362965306337658,0.0,-156.91201585357993,1027.0183486238532,0.0,0.0,0.0,0.0,0.21888821840414316,-0.09680820533296731,-627.6480634143197,0.0,0.0,0.0,0.0,0.0,0.0,0.0,0.0,0.0,0.0,0.0,,Technology,FREEW
