Year,Date,FillingDate,NetIncome,Revenue,OperatingIncome,EPSDiluted,GrossProfit,GrossProfitRatio,TotalAssets,CommonStockEquity,CurrentAssets,CurrentLiability,TotalLiability,Inventory,RetainedEarnings,EnterpriseValue,bookValuePerShare,currentRatio,debtToAssets,debtToEquity,roic,shareholdersEquityPerShare,roe,priceToSalesRatio,peRatio,pbRatio,payoutRatio,inventoryTurnover,dividendYield,assetTurnover,quickRatio,returnOnAssets,priceToFreeCashFlowsRatio,grossProfitMargin,epsdilutedGrowth,fiveYNetIncomeGrowthPerShare,fiveYRevenueGrowthPerShare,fiveYShareholdersEquityGrowthPerShare,grossProfitGrowth,netIncomeGrowth,operatingIncomeGrowth,threeYNetIncomeGrowthPerShare,threeYRevenueGrowthPerShare,threeYShareholdersEquityGrowthPerShare,Industry,Sector,Price,MarketCap,AvgVolume,Symbol
2022,2022-12-31,2023-02-21,1202000000.0,144547000000.0,3636000000.0,2.07,16656000000.0,0.1152289567,76870000000.0,24057000000.0,30128000000.0,28464000000.0,52633000000.0,0.0,9341000000.0,53117413910.0,41.824367905617436,1.0584598088813941,0.23442175100819565,0.7490543293012428,0.04907599984638738,41.824367905617436,0.04996466724861787,0.326339625934817,39.24410475041597,1.9608186353244381,0.0,0.0,0.0,1.8804084818524782,0.9719997189432266,0.015636789384675425,8.97306713144379,0.11522895667153245,-0.09210526315789473,-0.12927473946335497,0.7919763697408966,1.1064827631296372,0.17304035495457426,-0.10764662212323682,0.11431198283787926,-0.3458890371472841,0.3921724919362824,0.37788482289777997,Healthcare Plans,Healthcare,67.69,37146174152,3152826,CNC
2021,2021-12-31,2022-02-22,1347000000.0,125982000000.0,3263000000.0,2.28,14199000000.0,0.1127065771,78375000000.0,26795000000.0,28497000000.0,25765000000.0,51353000000.0,0.0,8139000000.0,53745356800.0,45.973796908886264,1.1060353192315155,0.2403572567783094,0.7030416122410897,0.05269224552262204,45.973796908886264,0.0502705728680724,0.38120808369449605,35.653568522642914,1.7923253144243332,0.0,0.0,0.0,1.607425837320574,1.043857946827091,0.017186602870813396,14.575222094081942,0.1127065771300662,-0.26923076923076933,0.31238911443639955,0.6987870140255751,1.4888647183901538,-0.06683753943217666,-0.2549778761061947,0.05872809863724854,0.0021261243949083986,0.40318754272755714,0.6434168998899924,Healthcare Plans,Healthcare,67.69,37146174152,3152826,CNC
2020,2020-12-31,2021-02-22,1808000000.0,111115000000.0,3082000000.0,3.12,15216000000.0,0.1369392071,68719000000.0,25773000000.0,23393000000.0,21585000000.0,42757000000.0,0.0,6792000000.0,40239441660.0,45.158588594797465,1.0837618716701414,0.24416827951512682,0.6510301478291235,0.045223597243189334,45.158588594797465,0.07015093314709192,0.3083331832785853,18.94935932522124,1.329315239203818,0.0,0.0,0.0,1.616947278045373,1.0227472782024554,0.026310045256770324,7.393276145878291,0.13693920712775054,-0.006369426751592362,1.1256410538447692,1.0376063672968885,3.986946221261282,0.7206830261223567,0.36866010598031795,0.7304884896125772,0.3199654706377769,0.38830009903086615,1.2744106664533028,Healthcare Plans,Healthcare,67.69,37146174152,3152826,CNC
2019,2019-12-31,2020-02-18,1321000000.0,74639000000.0,1781000000.0,3.14,8843000000.0,0.1184769357,40994000000.0,12551000000.0,20323000000.0,12932000000.0,28302000000.0,0.0,4984000000.0,27598927690.0,30.354037732746132,1.5715279925765542,0.33482948724203543,1.0936180384033145,0.04978747315518382,30.354037732746132,0.10525057764321567,0.3482887992872359,19.678976298258892,2.071223622818899,0.0,0.0,0.0,1.8207298629067667,1.4872409526755335,0.032224227935795484,34.52314434262948,0.11847693565026327,0.3893805309734515,1.7431669410632247,1.5364376511764113,3.0499583836022666,0.05011281320508253,0.4677777777777778,0.2215363511659808,0.8141758018409302,0.4186582060190082,0.6432641777106042,Healthcare Plans,Healthcare,67.69,37146174152,3152826,CNC
2018,2018-12-31,2019-02-19,900000000.0,60116000000.0,1458000000.0,2.26,8421000000.0,0.14007918025151375,30901000000.0,10917000000.0,11998000000.0,11971000000.0,19878000000.0,0.0,3663000000.0,23841797200.0,27.97451876755294,1.0022554506724584,0.21636840231707713,0.6124393148300815,0.054128034396050906,27.97451876755294,0.08244023083264633,0.3742397564708231,24.99755244444444,2.0608039937711826,0.0,0.0,0.0,1.9454386589430763,0.9367638459610725,0.02912527102682761,40.246506618962435,0.14007918025151375,-0.03829787234042566,2.024319558856105,2.0701299245171394,3.9079861979473907,0.45164626788484746,0.08695652173913043,0.21601334445371143,0.5474546860919933,0.6122099686454171,2.089277698894315,Healthcare Plans,Healthcare,67.69,37146174152,3152826,CNC
2017,2017-12-31,2018-02-20,828000000.0,48382000000.0,1199000000.0,2.35,5801000000.0,0.11989996279608119,21855000000.0,6850000000.0,8703000000.0,9332000000.0,14979000000.0,0.0,2748000000.0,18028800000.0,19.855072463768117,0.9325975139305616,0.2150080073209792,0.685985401459854,0.07397297887094983,19.855072463768117,0.12087591240875913,0.35967508577570173,21.016666666666666,2.5404087591240874,0.0,0.0,0.0,2.213772592084191,0.858979854264895,0.03788606726149622,16.30909090909091,0.11989996279608119,0.3742690058479533,264.9978018289403,2.333584404023569,3.292390770291583,0.04635642135642136,0.47330960854092524,-0.048412698412698414,1.0607367793357931,0.9705386661933767,1.6491440081106234,Healthcare Plans,Healthcare,67.69,37146174152,3152826,CNC
2016,2016-12-31,2017-02-21,562000000.0,40607000000.0,1260000000.0,1.71,5544000000.0,0.13652818479572487,20197000000.0,5895000000.0,8365000000.0,8623000000.0,14143000000.0,0.0,1920000000.0,9742165471.57,18.471794215727005,0.9700800185550272,0.23047977422389465,0.7896522476675149,0.057599528114465004,18.471794215727005,0.09533502968617473,0.2220593856125791,16.0447784191637,1.529629426899067,0.0,0.0,0.0,2.0105461207109965,0.8735938768410066,0.027825914739812843,5.836353056032363,0.13652818479572487,0.18750000000000003,2.179370687844725,3.784011877366896,2.964219975472229,1.0189366351056082,0.5830985915492958,0.7872340425531915,1.3093376843115097,1.5359082857768356,2.240781792009463,Healthcare Plans,Healthcare,67.69,37146174152,3152826,CNC
2015,2015-12-31,2016-02-22,355000000.0,22760000000.0,705000000.0,1.44,2746000000.0,0.12065026362038664,7339000000.0,2157000000.0,3605000000.0,3629000000.0,5015000000.0,0.0,1358000000.0,7299019962.64,9.055359049646238,0.9933866078809589,0.16637144025071535,0.5660639777468707,0.10719628144980647,9.055359049646238,0.1645804357904497,0.34437697551142354,22.078929472225354,3.6337598343254522,0.0,0.0,0.0,3.1012399509469954,0.8859189859465417,0.048371712767407,15.42917315480315,0.12065026362038664,0.2743362831858408,2.0647096438121686,3.1889980004243546,1.224319755202718,0.4422268907563025,0.30996309963099633,0.5193965517241379,164.17742402682816,1.271300106101086,0.957642797693484,Healthcare Plans,Healthcare,67.69,37146174152,3152826,CNC
2014,2014-12-31,2015-02-23,271000000.0,16560000000.0,464000000.0,1.13,1904000000.0,0.11497584541062802,5838000000.0,1744000000.0,3034000000.0,2900000000.0,3947000000.0,0.0,1003000000.0,5324253795.7,7.494901146551412,1.0462068965517242,0.15296334361082561,0.5120412844036697,0.10049215465157094,7.494901146551412,0.15538990825688073,0.36481001181763284,22.292449430627304,3.46402167184633,0.0,0.0,0.0,2.8365878725590954,0.9306896551724138,0.046420006851661526,5.393976603303571,0.11497584541062802,0.5479452054794519,1.3960366090481902,1.9858798572761835,1.1472526485699335,0.5754364306435624,0.6414393787969642,0.6725723369512323,1.1026563424297677,1.6757518381621421,0.6084759548724462,Healthcare Plans,Healthcare,67.69,37146174152,3152826,CNC
2013,2013-12-31,2014-02-21,165099000.0,10863329000.0,277417000.0,0.73,1208554000.0,0.11125079614177201,3529300000.0,1234041000.0,1800173000.0,1559121000.0,2285861000.0,0.0,731919000.0,2821448827.75,5.6997957286946725,1.1546076282725972,0.18948856713795936,0.5419285096686415,0.08774023737810265,5.6997957286946725,0.13378728907710521,0.2937184198094341,19.326342544473317,2.585618976800609,0.0,0.0,0.0,3.0780406879551188,1.0061881021421686,0.046779531351826144,10.139342490729002,0.11125079614177201,72.0,0.580892059300792,1.5814820568353507,0.9682705279454126,0.7130072174125037,87.81065088757397,11.228863242505808,0.5681210955175087,1.1997584795966056,0.40007350017235643,Healthcare Plans,Healthcare,67.69,37146174152,3152826,CNC
2012,2012-12-31,2013-02-19,1859000.0,8667612000.0,-27121000.0,0.01,705516000.0,0.08139681379369543,2741682000.0,953056000.0,1373602000.0,1197090000.0,1787915000.0,0.0,566820000.0,1806786006.0,4.625644198377437,1.147450901770126,0.19654139320315048,0.5653959473525165,-0.017664189197639246,4.625644198377437,0.0019505674378000873,0.24365234692092816,1136.0322786444326,2.2159075710136658,0.0,0.0,0.0,3.1614213464581233,1.0412934699980787,0.0006780509191073217,10.74493126834803,0.08139681379369543,-0.9811320754716981,-0.9785921418747494,1.509710609370358,0.9409880530652545,-0.24762776174601855,-0.9832850797532774,-1.1424991067863222,-0.9814374377120758,0.7650045711364211,0.3252245175879671,Healthcare Plans,Healthcare,67.69,37146174152,3152826,CNC
2011,2011-12-31,2012-02-21,111218000.0,5340582000.0,190324000.0,0.53,937722000.0,0.17558423407785892,2190336000.0,935634000.0,940010000.0,837613000.0,1253917000.0,0.0,564961000.0,1765256588.8600001,4.659628963583584,1.1222485801915683,0.16051327284946237,0.375764454904375,0.09161612845966491,4.659628963583584,0.11886913045058217,0.37212734283641746,17.86919913017677,2.124096162452412,0.0,0.0,0.0,2.438247830469846,1.0286934419594729,0.050776684490416085,10.571826865863779,0.17558423407785892,0.12765957446808524,3.191771341374641,1.0148182362902602,1.4644537100532276,0.0778289904713739,0.17274030958707665,0.21172223672398754,0.14828183493350616,0.36839161467887305,0.6090770260433122,Healthcare Plans,Healthcare,67.69,37146174152,3152826,CNC
2010,2010-12-31,2011-02-22,94836000.0,4448323000.0,157069000.0,0.47,870010000.0,0.19558157085265615,1943882000.0,793939000.0,656821000.0,765246000.0,1146827000.0,0.0,453743000.0,1131925356.98,4.071068931733225,0.8583135357780374,0.17009314351385527,0.41645642801273147,0.08544251810109697,4.071068931733225,0.11944998293319764,0.2777339588379711,13.027229712134632,1.556102366781327,0.07789236155046607,0.0,0.0059791961354539345,2.28837089905663,0.7732872827822687,0.04878691196276317,20.905820308988766,0.19558157085265615,0.0,0.47944484124693226,1.5636621221900866,0.9572012195777689,-0.009722816634644279,0.13343930394043335,0.13706880949795489,0.1538107259851778,0.3607803042084198,0.708280148843076,Healthcare Plans,Healthcare,67.69,37146174152,3152826,CNC
2009,2009-12-31,2010-02-22,83671000.0,4102864000.0,138135000.0,0.47,878552000.0,0.21413139699487968,1702364000.0,600845000.0,616134000.0,715908000.0,1082937000.0,0.0,358907000.0,815025525.47,3.490460776258911,0.860632930488275,0.18076686302106953,0.5121637027852441,0.09803395422860325,3.490460776258911,0.1392555484359527,0.22205135862899672,10.888438353431894,1.5162754545182202,0.0,0.0,0.0,2.4100979578985458,0.763732211401465,0.049149888038045916,5.51875144152603,0.21413139699487968,0.0,0.7910865829620112,2.888141391283922,1.1006631732578636,0.316656176003357,0.002083907206246931,0.04996921580103526,2.9234021277863125,0.8055494048693084,0.8460866899648882,Healthcare Plans,Healthcare,67.69,37146174152,3152826,CNC
2008,2008-12-31,2009-02-23,83497000.0,3364515000.0,131561000.0,0.47,667260000.0,0.19832278946594087,1451152000.0,501272000.0,666343000.0,640978000.0,949880000.0,0.0,275236000.0,738746935.77,2.8958395951009988,1.0395723410163844,0.18253911375238432,0.5284396495315916,0.10580786206753236,2.8958395951009988,0.16657024529596706,0.25351467767865504,10.215384214642443,1.7015790544255414,0.0,0.0,0.0,2.318513153687553,0.9064632483486172,0.05753842464469608,5.438994119256226,0.19832278946594087,0.14634146341463414,1.0706236652812424,2.606344059767974,0.8789140318679523,0.2510687125950592,0.13753031252554426,1.4321261531066867,0.46749340131416006,1.184573577482728,0.3921996611391868,Healthcare Plans,Healthcare,67.69,37146174152,3152826,CNC
TTM,,,,,,,,,,,,,,,,42934174152.0,45.46651197667304,1.0654959369388564,0.260791496951146,0.8641881638846738,0.04833608776150515,45.46651197667304,0.058670583331679335,0.2539891976943747,25.22478383626522,1.4887880564651386,0.0,0.0,0.0,1.7624424574004,1.0103783059926348,0.0178110915620255,4.426379188751191,0.11539750155554492,,,,,,,,,,,Healthcare Plans,Healthcare,67.69,37146174152,3152826,CNC
