Quarters,Year,Quarter,FillingDate,Date,NetIncome,Revenue,OperatingIncome,EPSDiluted,GrossProfit,GrossProfitRatio,TotalAssets,CommonStockEquity,CurrentAssets,CurrentLiability,TotalLiability,Inventory,RetainedEarnings,MarketCap,EnterpriseValue,bookValuePerShare,currentRatio,debtToAssets,debtToEquity,roic,shareholdersEquityPerShare,roe,priceToSalesRatio,peRatio,pbRatio,payoutRatio,inventoryTurnover,dividendYield,assetTurnover,quickRatio,returnOnAssets,priceToFreeCashFlowsRatio,grossProfitMargin,epsdilutedGrowth,fiveYNetIncomeGrowthPerShare,fiveYRevenueGrowthPerShare,fiveYShareholdersEquityGrowthPerShare,grossProfitGrowth,netIncomeGrowth,operatingIncomeGrowth,threeYNetIncomeGrowthPerShare,threeYRevenueGrowthPerShare,threeYShareholdersEquityGrowthPerShare,Industry,Sector,Symbol
2023Q1,2023,Q1,2023-05-15,2023-03-31,-2474628.0,2602689.0,-1929058.0,-0.46,1551608.0,0.5961557451,6996199.0,-5787493.0,2711535.0,11207235.0,12783692.0,659629.0,-170040474.0,99591.2076,7679952.2076,-1.080892303589258,0.24194504710573125,1.209513908909681,-1.462118399106487,-0.6940152960254906,-1.080892303589258,0.42758202904089904,0.03826473604798729,-0.010061230172777482,-0.017208004847694844,0.0,1.5934426776263626,0.0,0.3720147182777391,0.15504743141372515,-0.35371035043457166,-0.03924567859443931,0.5961557450774948,0.847682119205298,0.0,0.0,0.0,-0.035407379132803625,0.7892029985546948,0.41225352104093504,0.0,0.0,0.0,,Industrials,KERNW
2022Q4,2022,Q4,2023-03-21,2022-12-31,-11739389.0,2845895.0,-3282126.0,-3.02,1608563.0,0.5652221885,19468492.0,-4825528.0,14892032.0,22725218.0,24294020.0,12130028.0,-167565846.0,62529.9367,13791774.9367,-1.2424608899372194,0.6553086531447135,0.7502892365777483,-3.027026265312314,-0.3232107128124771,-1.2424608899372194,2.4327677717339946,0.021971976021603046,-0.001331626729040157,-0.012958154361553804,0.0,0.1020057002341627,0.0,0.14617952946740817,0.06831093985545045,-0.6029942637570491,-0.04237723209233136,0.5652221884503821,-5032.333333333334,0.0,0.0,0.0,-0.5213949073771028,-4.095026318439226,0.14483161489822272,0.0,0.0,0.0,,Industrials,KERNW
2022Q3,2022,Q3,2022-11-14,2022-09-30,-2304088.0,5412802.0,-3837988.0,-0.0006,3360940.0,0.6209242459,45591285.0,20094685.0,13200088.0,19990941.0,25496600.0,8194474.0,-142331164.0,155353880.0,167338218.0,0.005173912618082021,0.6603034844632877,0.3174948896483177,0.7203397316255518,-0.10909628622878373,0.005173912618082021,-0.11466156349303311,28.701193947238416,-16.85633100819066,7.7310930726209435,0.0,0.25039581552153317,0.0,0.11872448868243131,0.23526896507773196,-0.05053790433851557,-32.02928436387327,0.620924245889652,0.9992771084337349,0.0,0.0,0.0,-0.20917272484272587,0.9220695349281388,-1.202111731906533,0.0,0.0,0.0,,Industrials,KERNW
2022Q2,2022,Q2,2022-08-12,2022-06-30,-29565947.0,6085881.0,18989437.0,-0.83,4249904.0,0.6983219028,43169057.0,12945012.0,9170344.0,22365473.0,30224045.0,1351862.0,-140027076.0,1773889.4000000001,10037336.4,0.36487652499642875,0.4100223590174015,0.3101295448728472,1.0342207485014305,0.7180171252712196,0.36487652499642875,-2.283964433559428,0.2914761889034636,-0.014999429918480205,0.1370326578299039,0.0,1.3581097774772868,0.0,0.1409778536510538,0.3460549213513168,-0.6848874878133197,-0.375861293026512,0.6983219027779215,0.0,0.0,0.0,0.0,-0.10474998788752035,-0.34679046629526233,0.8432153734349556,0.0,0.0,0.0,,Industrials,KERNW
2022Q1,2022,Q1,2022-05-16,2022-03-31,-21952893.0,6950841.0,10302343.0,0.0,4747170.0,0.6829633997,74346780.0,40780296.0,15267227.0,30378099.0,33566484.0,2461908.0,-110461129.0,0.0,5649310.0,0.0,0.50257348229723,0.20629003703993637,0.3760884913635742,0.1827580049084947,0.0,-0.5383210803570431,0.0,0.0,0.0,0.0,0.8951069658167567,,0.09349215931073276,0.40380660422497144,-0.2952769844235352,0.0,0.6829633996807005,0.0,0.0,0.0,0.0,0.23335087900707768,-0.27541817455065587,1.528729149778767,0.0,0.0,0.0,,Industrials,KERNW
2021Q4,2021,Q4,2022-03-31,2021-12-31,-17212310.0,6628560.0,-19485105.0,0.0,3849002.0,0.5806694063,94483167.0,59949683.0,18230064.0,29170517.0,34533484.0,0.0,-88508236.0,0.0,3370735.0,0.0,0.6249482654009869,0.1831543178479612,0.2886587406975947,-0.22279956802100917,0.0,-0.28711261075392175,0.0,0.0,0.0,0.0,0.0,,0.07015598873818445,0.5431862246390765,-0.18217329654074785,0.0,0.5806694063265626,0.0,0.0,0.0,0.0,0.21645259977497694,-10.080075470872195,-4.2369277071357025,0.0,0.0,0.0,,Industrials,KERNW
2021Q3,2021,Q3,2021-11-12,2021-09-30,-1553447.0,5135502.0,-3720713.0,0.0,3164120.0,0.6161267194521587,74506284.0,64418307.0,13958889.0,6253976.0,10087977.0,0.0,-71295925.0,0.0,-5774787.0,0.0,2.23200232939813,0.05145876017652417,0.0595172580366013,-0.054514097896879915,0.0,-0.024114992652632117,0.0,0.0,0.0,0.0,0.0,,0.06892709882028206,1.8422779364679365,-0.02084987891759573,0.0,0.6161267194521587,0.0,0.0,0.0,0.0,0.05734756844344892,0.7455555881322488,0.38510846211217403,0.0,0.0,0.0,,Industrials,KERNW
2021Q2,2021,Q2,2021-08-12,2021-06-30,-6105251.0,4906887.0,-6051007.0,0.0,2992507.0,0.6098585518680173,76534945.0,61962363.0,16479916.0,13371935.0,14572582.0,0.0,-69742478.0,0.0,-3422001.0,0.0,1.2324256736216561,0.10918672509662089,0.13486574099828955,-0.08611154354572607,0.0,-0.09853160377372955,0.0,0.0,0.0,0.0,0.0,,0.06411302706234387,1.0325658926699839,-0.07977076353814587,0.0,0.6098585518680173,0.0,0.0,0.0,0.0,0.16901334722994293,0.05457853976870723,-0.7258989795502172,0.0,0.0,0.0,,Industrials,KERNW
2021Q1,2021,Q1,2021-05-21,2021-03-31,-6457703.0,4014024.0,-3506003.0,0.0,2559857.0,0.6377283743196354,74329176.0,59766044.0,19909466.0,13435289.0,14563132.0,0.0,-63637228.0,0.0,-5517614.0,0.0,1.481878506670009,0.13331433944592633,0.1657989108330476,-0.050368179162208065,0.0,-0.1080496979187714,0.0,0.0,0.0,0.0,0.0,,0.05400334318249404,1.3296016185435238,-0.08687978728568174,0.0,0.6377283743196354,0.0,0.0,0.0,0.0,-0.05529072284261187,0.4713498643562824,0.6568194689887812,0.0,0.0,0.0,,Industrials,KERNW
2020Q4,2020,Q4,2020-12-31,2020-12-31,-12215457.0,4110780.0,-10216206.0,0.0,2709677.0,0.6591637110232121,,,,,,,,0.0,,0.0,0.0,0.0,0.0,0.0,0.0,0.0,0.0,0.0,0.0,,0.0,,0.0,0.0,0.0,0.0,0.6591637110232121,0.0,0.0,0.0,0.0,0.3726367950023986,-1.5760810700237629,-0.8495992555404484,0.0,0.0,0.0,,Industrials,KERNW
2020Q3,2020,Q3,2020-11-16,2020-09-30,-4741876.0,3714004.0,-5523470.0,0.0,1974067.0,0.5315198906624764,81334782.0,57721556.0,19032696.0,18131627.0,23613226.0,0.0,-45842967.0,0.0,1369742.0,0.0,1.049695981502377,0.1921392006681717,0.27074114218265355,-0.07518834831242119,0.0,-0.0821508692523812,0.0,0.0,0.0,0.0,0.0,,0.04566317027812283,0.8593773189797033,-0.058300715676597004,0.0,0.5315198906624764,0.0,0.0,0.0,0.0,0.5779609344025375,-0.5802260628814453,-1.7048837532736936,0.0,0.0,0.0,,Industrials,KERNW
2020Q2,2020,Q2,2020-09-29,2020-06-30,-3000758.0,3003638.0,-2042036.0,0.0,1251024.0,0.41650292079138695,58529619.0,31870154.0,27732703.0,11754977.0,21955213.0,0.0,-41101091.0,0.0,-7820228.0,0.0,2.359230732650519,0.2790997153082442,0.512567338080638,-0.042714178074754194,0.0,-0.09415574207768183,0.0,0.0,0.0,0.0,0.0,,0.05131825648822351,2.2041525900050676,-0.0512690506322961,0.0,0.41650292079138695,0.0,0.0,0.0,0.0,-0.2416367964588573,0.43900369790128213,0.5344481757848925,0.0,0.0,0.0,,Industrials,KERNW
2020Q1,2020,Q1,2020-05-15,2020-03-31,-5348980.0,3070546.0,-4386270.0,0.0,1649637.0,0.5372454931468215,41348584.0,31817810.0,17896418.0,4768516.0,4768516.0,0.0,-38100333.0,0.0,-14309996.0,0.0,3.753037213254606,0.0,0.0,-0.13529669809779737,0.0,-0.16811276451773394,0.0,0.0,0.0,0.0,0.0,,0.07426000367993255,3.5278644341342256,-0.1293630756497006,0.0,0.5372454931468215,0.0,0.0,0.0,0.0,-0.010631158302061398,-0.23289976157856013,0.0009748209222079238,0.0,0.0,0.0,,Industrials,KERNW
2019Q4,2019,Q4,2020-02-12,2019-12-31,-4338536.0,3306203.0,-4390550.0,0.0,1667363.0,0.504313558483856,22393749.0,19314842.0,22143749.0,3078907.0,3078907.0,0.0,-32751353.0,0.0,-18780897.0,0.0,7.192081150875944,0.0,0.0,-0.22731482866906186,0.0,-0.22462187368656705,0.0,0.0,0.0,0.0,0.0,,0.1476395488758939,6.612283190106099,-0.19373870806536234,0.0,0.504313558483856,0.0,0.0,0.0,0.0,-0.07138063489924139,-0.524394858736834,-0.5040425929871751,0.0,0.0,0.0,,Industrials,KERNW
2019Q3,2019,Q3,2019-11-14,2019-09-30,-2846071.0,3192890.0,-2919166.0,0.0,1795529.0,0.5623522889921043,26312559.0,23317282.0,26312559.0,2995277.0,2995277.0,0.0,-28412817.0,0.0,-22429931.0,0.0,8.78468301930005,0.0,0.0,-0.12519323650157854,0.0,-0.12205843717119345,0.0,0.0,0.0,0.0,0.0,,0.12134471603465098,7.488432956284177,-0.108163975993365,0.0,0.5623522889921043,0.0,0.0,0.0,0.0,0.0,0.0,0.0,0.0,0.0,0.0,,Industrials,KERNW
2019Q1,2019,Q1,2019-03-31,2019-03-31,86378.0,0.0,-214885.0,0.0,0.0,0.0,58738731.0,58169185.0,6853.0,569546.0,569546.0,0.0,54863.0,0.0,173147.0,0.0,0.012032390711198042,0.0030644175816464266,0.003094421900530324,-0.0025825477119364535,0.0,0.0014849443051333795,0.0,0.0,0.0,0.0,0.0,,0.0,0.012032390711198042,0.0014705458992636392,0.0,0.0,0.0,0.0,0.0,0.0,0.0,2.4090797866266453,0.4172546956441561,0.0,0.0,0.0,,Industrials,KERNW
2018Q4,2018,Q4,2018-12-31,2018-12-31,-61301.0,0.0,-368746.0,0.0,0.0,0.0,58474545.0,58082807.0,20985.0,391738.0,391738.0,0.0,-31515.0,0.0,-4489.0,0.0,0.0535689670136673,0.0,0.0,-0.00824248353774554,0.0,-0.0010554069812776094,0.0,0.0,0.0,0.0,0.0,,0.0,0.011459189560369431,-0.0010483365026611152,0.0,0.0,0.0,0.0,0.0,0.0,0.0,0.195714922984072,-0.17248330683624802,0.0,0.0,0.0,,Industrials,KERNW
2018Q3,2018,Q3,2018-09-30,2018-09-30,-76218.0,0.0,-314500.0,0.0,0.0,0.0,58434716.0,58144108.0,304304.0,290608.0,290608.0,0.0,29786.0,0.0,-248835.0,0.0,1.0471287782855254,0.0,0.0,-0.009551485605897,0.0,-0.001310846491960974,0.0,0.0,0.0,0.0,0.0,,0.0,0.8562565380168474,-0.0013043273796350787,0.0,0.0,0.0,0.0,0.0,0.0,0.0,-1.641641270856835,-1.3079519769865267,0.0,0.0,0.0,,Industrials,KERNW
2018Q2,2018,Q2,2018-06-30,2018-06-30,118786.0,0.0,-136268.0,0.0,0.0,0.0,58328176.0,58220326.0,469102.0,107850.0,107850.0,0.0,106004.0,0.0,-382587.0,0.0,4.349578117756143,0.0,0.0,-0.002099794729987835,0.0,0.0020402840066543085,0.0,0.0,0.0,0.0,0.0,,0.0,3.5473991655076493,0.0020365114794606296,0.0,0.0,0.0,0.0,0.0,0.0,0.0,11.583214540270848,-0.57258920740433,0.0,0.0,0.0,,Industrials,KERNW
2018Q1,2018,Q1,2018-03-31,2018-03-31,-11224.0,0.0,-86652.0,0.0,0.0,0.0,58151007.0,58101540.0,560607.0,49467.0,49467.0,0.0,-12782.0,0.0,-489728.0,0.0,11.332949238886531,0.0,0.0,0.004466208802583814,0.0,-0.00019317904482394097,0.0,0.0,0.0,0.0,0.0,,0.0,9.900095012836841,-0.00019301471425937645,0.0,0.0,0.0,0.0,0.0,0.0,0.0,-6.2041078305519894,-54.617458279845955,0.0,0.0,0.0,,Industrials,KERNW
2017Q4,2017,Q4,2017-12-31,2017-12-31,-1558.0,0.0,-1558.0,0.0,0.0,0.0,,,,,,,,0.0,,0.0,0.0,0.0,0.0,0.0,0.0,0.0,0.0,0.0,0.0,0.0,0.0,,0.0,0.0,0.0,0.0,0.0,0.0,0.0,0.0,0.0,0.0,0.0,0.0,0.0,0.0,0.0,,Industrials,KERNW
